-1.25191
-0.241437
-0.423517
9.14052
0.821299
-13.6123
3.63778
0.159217
-2.34195
0.642323
-3.44064
0.52535
0.26109
-1.91372
-0.256745
1.85637
8.59434
-0.925166
-0.729384
-0.0876644
1.09098
8.49484
0.224813
1.61473
-0.561605
0.388337
-0.412956
-6.29983
-0.261473
1.37411
33.4738
-0.333784
-1.81939
-0.0289388
-1.59035
-1.01212
0.16157
-1.29984
-0.222132
-0.495114
-0.265758
1.99617
-2.57395
-1.26874
0.0920745
-0.184057
3.09353
-3.69879
-0.0427856
0.971744
-3.33615
1.0845
-0.43319
0.675193
-1.92058
-0.391604
1.45508
-0.416116
-0.189593
0.211095
0.099065
2.60199
-65.0513
-31.5479
-0.996214
21.8307
0.302277
-1.85046
0.193986
1.88787
0.830097
-0.132226
0.271574
0.521381
0.490036
0.230685
-6.05571
1.06502
-1.19637
0.640029
-0.534387
-2.89464
-0.404543
0.0772611
0.087525
1.00647
-0.480865
32.3318
-2.47335
7.77699
0.235493
1.13526
-0.37876
3.99745
-0.517733
-11.0434
0.150083
0.100119
-2.09971
11.5097
-0.642111
-5.63625
0.230885
0.428232
1.26988
-0.620473
28.4319
0.265843
-0.0478288
-5.01537
1.78029
0.910174
-0.270835
-0.599892
-11.5514
0.52838
0.0258006
1.35096
-2.97502
-7.76496
-1.54871
-0.405603
1.32637
-0.50881
0.0180308
1.88496
0.770531
23.1447
0.602488
-1.5826
2.37537
-0.700464
0.454248
-1.76391
-2.41429
-0.473838
1.46101
0.118241
-5.08393
0.184749
-0.673954
0.220809
-0.877569
-0.261297
0.20863
0.626172
1.86029
-1.11772
2.83925
10.4559
-0.54049
-2.61785
-0.487383
-0.146882
0.758401
-0.28273
-0.871546
0.868735
0.363074
2.90142
0.81733
0.493503
-1.20492
-6.62959
4.0595
1.3588
-3.13297
-0.0660029
0.135074
-0.325054
0.314631
-0.238556
0.262715
0.104148
-0.659525
-0.23866
-1.02446
-0.0341439
-2.28458
-2.38383
0.461548
-2.40828
1.98242
-0.376845
-10.3469
4.98247
2.68559
0.707542
-0.607791
-7.96883
-0.334496
1.22402
1.2432
-1.54418
-0.581939
-0.399324
-1.09862
-2.04274
0.771687
-0.402177
-18.0945
-0.0362093
1.34562
-9.17175
1.00367
-3.43358
6.49247
-3.40975
-4.33653
0.276737
1.01119
-2.81861
-0.789926
-0.0778256
-16.6019
-6.77564
25.8398
0.158896
3.5638
1.27602
0.864261
-1.0744
0.0338831
34.467
0.160096
-1.43588
16.5949
-0.368993
-0.349144
0.936857
7.35555
0.210164
-0.0513567
-0.53623
0.490439
-4.89022
0.343988
0.0701593
-0.440105
0.440002
-0.19768
-0.23404
-0.315224
0.395547
6.62106
1.69768
-2.30258
-0.716011
-0.00975387
-1.1493
-2.04682
-1.04999
5.68143
8.72173
-1.84055
0.480127
1.42093
0.894325
-0.128231
2.17749
2.42967
0.430353
-0.821681
1.61998
-3.21282
-0.938764
1.99171
-0.580724
-0.0648686
0.992973
-1.12122
-2.56243
0.0804546
-0.194403
0.478485
-0.75934
1.1776
-1.75954
-0.512094
2.55268
1.18355
0.395482
-1.4452
1.01941
-0.932706
0.196523
5.02392
0.435366
-1.91656
0.90518
0.123362
-0.454084
-2.28844
-6.40874
0.52368
-0.357331
-1.62424
-2.12571
-0.346694
0.257124
-3.8671
-0.355574
-0.725217
-0.444852
0.55637
-15.3231
-0.805399
-2.84432
-0.59959
2.40277
0.401824
2.39116
3.31743
68.5362
-1.1387
-0.044728
-3.72374
-0.865275
-1.29562
-1.29794
-1.452
0.931773
0.164137
-0.92416
-0.718696
-1.00309
-3.8774
0.131843
-0.420836
-0.920167
0.890377
0.643739
0.156471
-4.6104
0.252554
-0.480287
0.119039
-0.259042
0.0216397
-2.33923
-0.28189
-2.18704
-0.84563
-1.12034
-9.70062
0.239907
0.503482
1.94911
-0.510104
-0.15082
-4.01596
0.867143
-0.240929
1.08434
6.48161
-1.2543
1.80914
-1.61142
-0.468017
0.757582
-0.394104
-83.268
2.19065
0.424123
-1.30629
-1.39544
-0.675889
0.109891
25.1763
-5.67708
-0.784433
-0.206989
-33.6138
-0.325753
-0.571906
4.26559
-0.571934
0.165322
0.291123
-0.465193
-1.76
1.51857
1.67632
-0.133834
-0.434745
-0.0350125
0.690375
0.665916
2.04811
0.0784616
0.226321
0.656378
5.613
-0.440838
11.2714
-1.29021
1.90105
-0.990521
0.0248428
-0.315265
-1.58744
-0.0454638
1.04547
0.184347
2.83255
-4.06636
2.01704
0.211068
0.552834
2.88492
-0.307806
0.384754
3.05243
2.58927
-0.83825
0.265098
-0.294338
-1.89962
-0.161806
0.140786
-0.392631
0.527262
5.02142
-0.324433
-1.44449
-2.75113
3.66429
-2.19602
-1.77244
-0.140688
3.38737
-0.148499
1.80175
-1.21169
-5.09676
-0.801323
-3.59524
0.25774
-0.14314
4.01316
-3.12128
-0.530899
-0.235803
-2.62775
0.163886
-1.67402
0.00386521
0.679225
0.611609
0.184765
-0.335525
0.579747
-2.61258
0.762855
0.605262
-0.851296
0.205661
1.49033
1.30737
2.00049
3.65677
6.31439
-0.552936
1.00396
13.166
-0.0561186
-1.42173
0.611656
1.70111
1.24325
-0.353889
-0.940942
1.79834
1.93991
-0.0861763
2.65227
-0.612776
4.0368
-4.0059
0.0758123
-0.0825092
0.461001
0.12452
2.62669
8.99021
-0.507243
0.425269
-0.248411
-0.143087
0.430085
3.37762
-10.5703
-0.234497
-1.44613
-1.55814
0.423669
-0.803338
5.54961
10.0775
2.67111
13.8626
0.936551
-2.70492
5.44533
-0.573546
0.689038
-0.215815
-0.213506
2.14924
0.36367
1.91241
0.663724
-0.364754
-0.12357
-0.465933
0.568334
-0.617925
-0.703584
-1.08723
-0.355334
-5.60687
-0.00717793
0.110531
0.484562
-0.178034
40.5416
-0.00173245
-2.19411
7.52019
-13.6241
-2.58651
-0.177465
-0.831402
-1.57937
-1.11071
3.74759
1.16415
-0.619338
0.198187
-1.26746
0.357667
-8.4889
4.37061
0.565227
0.185183
-2.99575
-1.19445
5.80007
4.62275
-1.23498
0.130505
-0.506683
0.834315
-1.42462
-8.09063
3.53554
-0.0420974
-1.5625
0.46276
2.59372
-1.44578
1.65419
0.139005
-0.0371694
48.2475
1.33315
-3.75517
-0.0463571
0.686466
-1.49298
0.338284
4.23737
-0.115639
5.63275
4.3047
-0.0681396
-3.34577
-3.80919
-1.58836
2.77912
-0.551735
-17.4771
-1.49635
6.21622
-0.260975
12.6843
-6.06673
-0.242054
-2.20372
-0.54129
0.743845
-0.544125
-1.75577
0.237005
-1.24308
1.10848
0.725852
0.176272
0.38125
0.591553
-8.59944
-0.807352
0.185286
1.18478
-1.49912
-4.12361
0.056453
3.54794
0.0790919
4.66071
-0.390488
4.99071
0.045897
-25.5369
5.92593
-1.28195
0.935801
0.219556
1.77982
-0.405631
-0.742144
0.981842
0.104894
-1.1204
1.16629
-0.178674
-0.0520485
-2.39448
-0.547298
1.30087
0.226668
-0.311501
-0.0373384
0.19364
0.374778
-0.579366
1.28314
-1.05879
-0.1463
5.50593
0.660266
-2.96937
-0.481287
0.670284
-1.46742
0.212108
-0.382196
-1.7165
6.62505
-0.733785
-0.972886
-5.01515
-0.438464
-0.827751
1.04855
-1.34393
1.79861
1.01109
-1.48247
0.624819
-6.68586
-0.678604
0.0413483
-0.132281
2.60136
0.225551
-7.38243
-3.77381
-0.696332
-2.00788
-2.93218
-0.265416
-0.552077
-4.4787
4.57425
-0.0327208
-5.6569
-0.149667
-1.44375
-2.542
0.113359
-3.69247
-1.17459
0.632385
-4.12887
-0.155276
0.498527
-2.44063
-3.46326
-1.01677
-3.68932
0.423542
0.951046
-0.628223
2.13595
-0.158895
-1.26917
-0.373106
0.564679
-25.6449
4.53088
-0.445592
-0.480377
-0.992538
-0.0832985
0.788676
-0.157762
-0.448447
0.870883
0.420456
-1.97763
0.0307308
-3.82018
-0.23918
1.3451
-0.332663
-0.713608
7.27165
0.0642406
-0.994467
4.10388
-1.21286
51.4007
-0.918409
1.04842
-0.632127
1.69475
1.30029
-0.502888
1.2788
0.556524
3.65531
-0.42145
-5.69005
2.62245
-2.10282
-0.505737
-0.212523
-0.499738
-1.38594
0.528576
-0.0155825
-0.0159664
29.2894
-0.780633
-20.8015
-1.77438
0.0662284
-1.50197
5.51319
3.62544
-0.334552
-1.97724
-0.559342
0.713519
-2.28877
-3.51768
2.32931
-0.147238
0.111162
-9.00818
-0.510075
-0.406026
-0.0939475
-1.49457
0.204483
0.980581
0.362106
0.500647
7.72349
-1.45985
0.398023
6.55353
0.769691
-1.06405
0.245904
-0.315216
1.61746
-6.17234
1.93278
-4.47559
-2.80105
0.3536
10.7018
-4.24674
7.81349
8.96766
-12.7931
-1.03577
-1.04616
0.733592
-0.444526
0.520014
0.0654668
1.41784
0.15779
-0.221266
-8.62842
-0.589674
1.12173
-20.6189
0.88499
4.96466
0.259171
-1.96162
0.191293
-0.971315
1.5931
0.319444
-0.683664
0.0882425
0.198906
0.302919
-0.0979833
0.573066
1.41169
0.188802
2.20917
1.36772
18.5495
-0.854891
2.82047
199.366
-0.0842453
-0.485204
-0.486603
-0.469491
-2.6558
-0.683898
1.7244
-0.452221
-0.568131
1.71111
-0.753096
-0.695036
-9.85116
0.263651
0.598678
1.68275
-3.21618
-0.290051
0.626548
-0.251014
-1.38796
-0.252413
1.01914
0.336336
0.424832
0.844703
0.55593
-1.27197
-1.06964
-3.13711
-0.0758329
1.16784
0.607097
0.286199
-0.871324
-2.20719
-0.536515
0.689655
-0.600419
-0.0893305
-2.56486
0.196087
-118.352
0.620678
-0.503754
-0.55628
0.929
0.0400909
0.140137
2223.84
2.52761
2.50863
-0.559394
0.251055
-0.192838
-1.31761
-2.41891
-3.23612
2.39979
-19.3261
-0.784521
18.5419
0.954379
1.73533
19.9039
-4.37841
1.08059
-0.467165
0.70116
-0.576764
0.582054
-1.13019
-0.323369
-0.200598
-1.03509
-0.119321
2.52321
67.2049
-0.0596267
-0.864828
-0.673218
1.85154
-2.35295
-0.338472
6.63522
-0.896544
1.49712
1.02186
7.36376
-0.35559
-2.14596
-0.457363
-0.0277961
2.03835
4.16319
3.07229
0.115627
1.46596
-0.537305
4.77739
-0.073614
0.0432751
0.418096
0.961519
-0.0368098
18.5494
0.70014
-0.278683
-20.9185
2.07121
0.669249
-2.66504
-0.16743
-0.94732
-0.0416691
-1.88715
0.894671
-0.141073
-4.14135
1.84936
-3.96409
0.62664
-1.2972
0.830509
0.20887
-0.551926
-0.315429
-36.692
0.853407
5.43526
-0.727016
1.16725
0.524557
-0.0759469
-0.776964
0.286343
-0.695239
-1.4732
-0.28429
-0.281839
1.53603
5.30631
-0.85827
-2.79768
0.165138
-80.796
2.94624
-0.48964
-0.188725
-1.00395
-0.391275
1.82474
0.853688
-1.32093
0.0329654
0.208325
0.545413
1.54375
1.68354
-2.89115
1.55973
-0.289126
-7.32117
0.041591
0.037588
-3.36243
-1.73624
0.212846
-0.770118
1.1321
0.81892
3.9172
2.52988
-0.162625
3.2327
0.168969
3.71986
-0.521992
-0.187468
2.1184
0.0329766
9.30977
0.64594
-3.55614
-0.919684
-0.860399
2.23648
-0.986822
-3.93502
4.2378
-4.67685
0.0302465
-4.65265
-0.542903
0.20998
1.25186
-3.38757
0.0514168
5.54099
6.18699
-10.9715
-4.67695
-2.9936
-2.23716
1.74189
0.586716
1.16061
0.605909
-1.49794
-0.522868
0.806842
0.0885419
63.5269
-0.135868
-4.09355
0.335521
1.05988
-5.35093
-0.205218
5.10728
-2.81357
0.169065
-0.224614
9.29492
1.1273
-0.355873
1.32891
-0.223573
-2.09992
0.752769
0.200977
-3.05052
-1.82567
1.15149
-0.503163
-0.0626192
-12.1195
0.22308
5.34733
0.33334
-0.442916
1.3025
4.3867
2.23399
-3.0754
0.555039
-0.137285
-0.725305
-1.27344
6.37217
-2.11404
-1.6054
-0.0421305
1.37314
2.0595
-0.774571
-0.345129
-5.52615
1.1641
1.16471
-0.459473
-1.3591
3.04728
-0.57304
-0.211376
0.228883
1.49257
-3.91182
-0.958514
3.34093
-0.789572
-1.09692
-1.43952
-10.2693
-0.568734
-3.1333
2.31484
-3.55065
-0.139377
-1.38416
0.186044
1.57759
3.08888
-5.15506
5.07604
-1.22894
-3.53771
0.121578
-1.40866
0.40386
-0.103488
-0.264202
-3.83016
-0.446476
60.588
2.84646
-2.86963
0.333697
0.940313
-0.399962
2.61979
-1.41399
-0.517841
-0.689887
-9.16455
-4.37735
-1.54944
-0.481607
0.408346
-0.34559
-1.044
-0.0238585
11.4753
-0.31919
0.718363
0.971999
-0.405737
0.414678
0.0381305
-0.199488
-0.798093
-0.536278
-3.55843
0.147513
21.3748
0.231549
-1.09542
-0.47525
-2.03015
5.41852
0.585922
2.10068
0.185343
-0.129462
0.846752
-10.4805
1.07634
1.0056
1.86733
-0.383473
4.2461
-0.504319
2.9242
0.44855
0.444492
0.632806
12.7978
-1.90043
-0.152901
1.87768
3.89962
-4.15837
-0.570526
0.102632
-0.567919
-0.111955
-0.149136
0.916718
-6.0678
-0.392136
-1.47145
2.01079
-0.776122
0.524266
8.52072
-3.95456
-5.86506
-2.98092
0.285271
0.991236
0.230104
-0.0501523
-1.50189
0.34509
-2.74479
0.600938
1.78689
-0.186982
0.150689
0.937373
0.167045
0.766244
-0.602927
-1.20756
-3.95829
-0.264182
0.790733
-0.0101862
-2.58186
-2.09337
0.444262
-0.710478
0.537972
1.11339
-1.70055
0.137003
-2.29022
2.59922
4.68892
1.21081
0.863135
0.163177
1.58162
0.256613
-1.13292
0.0383031
2.43226
0.19074
-0.194517
-0.854907
5.69433
-0.557803
0.0671062
6.04445
0.526466
-4.01549
-124.466
-0.932689
-40.7936
2.49173
-0.637585
-1.91695
0.366353
-0.107849
-0.000512869
-0.835077
0.214594
-1.11791
-0.799925
-2.27368
-1.24022
-0.804005
-0.867079
1.85072
-1.55894
-0.0265765
-1.21206
-2.49399
0.856134
-0.935202
2.72795
-0.0581269
-50.376
2.08635
0.136987
-0.478735
-1.42572
2.33713
3.08762
-800.876
0.280152
-1.47944
-0.0678436
-0.0173341
-1.43768
1769.86
-1.17811
3.7853
0.131544
-1.07335
-1.21441
5.0764
-1.74857
0.158871
0.565701
-0.676276
-3.7219
-0.294622
0.978822
-0.27951
-0.334291
0.498681
-1.8787
8.53248
-1.47313
-0.450797
-3.50361
-1.40811
2.26427
0.0396543
-0.645067
-4.31665
0.684392
0.0419613
0.874783
-0.495914
-3.7312
0.290887
-2.12146
1.21748
-1.32263
-1.86725
12.6041
-1.26552
-0.224225
0.423308
-1.16419
0.749092
0.140855
0.989992
1.02162
-4.83928
0.451461
-5.58408
0.592026
0.299353
0.18475
-8.19965
0.567498
-1.37262
-0.264727
-0.411883
-0.763703
-0.404953
4.16906
-3.58702
-1.09133
-1.72926
0.559009
-0.0539733
0.668353
0.951601
-1.3769
-0.807864
0.946915
4.50608
-0.0899089
-1.32659
0.865726
-2.59554
-0.562083
0.326581
0.0828147
0.0177014
-1.97661
0.341594
-3.24048
-0.358498
0.100111
0.889567
-1.23088
-0.41463
-0.248932
-1.23991
2.43943
-7.6045
-3.00738
1.23594
-8.82374
-4.07521
-0.879563
-0.123639
-0.326184
-2.72797
11.1634
-0.848439
-0.403039
-0.147276
-2.5372
-2.44365
-5.2389
1.19939
7.90447
-4.2972
-0.43533
-3.8278
-1.45576
-1.84699
-3.26383
-0.385933
-0.711647
-0.718073
0.462741
-0.311536
-3.19981
-0.23096
0.380501
0.614567
-0.245645
0.06769
-0.286387
-1.66808
0.942545
-0.957499
-0.135869
-0.449407
0.459113
0.00254793
0.201881
4.29909
5.67514
0.581212
2.00041
0.224553
-35.9179
1.38775
2.1675
0.0795627
0.576423
0.334385
5.87247
-0.891295
0.138904
-4.05461
1.36062
-0.0196118
-0.518132
-1.15322
0.480226
-1.76775
-1.25335
-0.810379
-3.11328
4.76854
-0.293453
0.369704
0.188092
-2.48178
-0.0962065
-1.09776
-1.05663
-0.516715
-3.2519
-0.971472
0.305524
-1.26042
-0.0141681
4.34689
0.674905
0.223925
1.91105
1.18696
-2.81569
-5.48848
-1.0959
0.0926816
0.285717
5.46914
-0.869226
-0.675257
0.533653
-1.15869
0.425375
-1.80369
-0.894787
3.78621
-1.26164
0.00666948
0.318678
0.114462
-0.080513
1.14114
-0.288982
0.452488
17.1927
-0.630945
-0.148291
2.48947
-4.25499
0.9699
2.08015
0.530484
-1.17927
0.215983
-0.298561
0.192876
0.81985
1.59147
0.769782
-0.424155
-125.799
-1.71546
-4.39446
9.52356
3.08005
0.206144
-0.770605
-0.881771
-1.7534
-5.1199
3.00229
-22.3068
-1.11205
-0.39981
-4.49752
-0.143079
-0.662445
0.256162
4.83779
0.153232
-0.531445
-4.80453
0.884836
6.01739
-0.85349
0.954996
-0.171434
-1.80375
0.520815
0.137092
20.725
-0.835341
-0.11375
0.819261
4.64548
-0.184851
-2.26742
-1.34379
-0.115259
0.182926
1.6272
-0.616189
-0.180062
-0.823415
0.219617
-0.278468
-7.59592
0.559092
0.136367
-0.129372
2.26397
0.503388
-1.45713
3.45665
0.703527
-1.41966
-0.775474
-2.03842
0.714234
-1.04671
0.200097
0.277262
0.384166
0.90406
-0.231492
-0.424261
1.49168
1.20826
-18.6068
0.626631
-0.0214675
-2.45099
-8.51784
1.64607
-0.422659
-10.3885
-2.8113
-2.26013
1.20044
9.90133
-0.200544
-0.364686
0.894095
0.207333
1.69201
3.14137
-1.14688
2.11461
4.3118
0.622218
-0.374616
12.3373
-3.13298
1.28419
-3.519
0.956466
0.77912
0.21022
-0.650716
0.175541
2.46236
0.736139
1.77089
-1.21242
-0.144772
0.711112
-0.953358
-0.822232
-0.248701
1.87445
0.32443
0.0307662
1.87338
0.11227
0.586979
-0.806655
26.1802
-0.337485
1.30742
2.9726
-25.0349
0.218139
-12.2745
0.909692
1.74446
0.351691
0.294221
-0.728916
0.478639
1.13559
6.26297
-0.258495
-1.00106
2.49507
-1.01041
0.386203
7.65057
3.94964
0.840411
0.214945
-1.10012
-13.3158
8.41806
2.77798
0.840369
-0.647752
-0.0891617
0.756562
0.391056
-0.225424
-0.671524
-1.26058
-0.90205
1.28581
-3.62362
-0.092418
-0.502516
-0.753922
-0.495981
-2.23791
-2.17792
-1.67763
0.252888
-4.45562
-0.0620497
-0.144754
0.261914
0.515863
0.429221
-0.170046
8.30668
5.32719
1.31728
-1.74844
-4.81386
0.117285
4.2933
-0.986721
-0.451214
-3.47009
0.543585
0.684591
-4.39643
2.84658
100.382
-45.0137
-0.199407
0.598762
0.174602
-0.212008
3.88612
-1.09887
-1.87413
-9.7726
-4.89713
0.0729831
-0.991316
17.0468
-0.950462
-0.0661255
-0.132587
-0.754597
1.42917
-2.43525
0.0656941
-0.559931
-32.2797
-12.0419
-0.0662488
0.898956
0.244581
1.28253
-8.84247
-0.707675
0.214224
1.36494
0.409116
0.839765
-0.588783
2.32879
1.67488
0.0980432
-0.304108
1.11672
1.5532
4.34318
-9.30704
-1.1102
0.0144146
4.62752
-1.74358
-0.598736
-0.121924
-5.83159
1.49335
-0.542558
-1.94038
0.438916
-2.12298
4.7631
-0.178233
-1.82094
-0.816075
-0.923574
0.851263
-1.09531
-6.25758
0.993466
-0.216352
0.455892
-1.45586
-2.03466
1.69316
3.8777
0.791277
1.46255
0.265603
-0.927033
1.38275
2.87905
2.05365
-0.0147301
0.230111
-21.7021
-0.331326
-0.828089
-0.76727
-0.121535
-0.633378
0.34011
1.56839
-0.350733
2.34549
-0.388785
-0.665735
1.26622
-0.782995
-0.239753
-8.92584
-0.240304
0.136098
-1.59673
0.966881
-0.204003
5.45737
0.174364
-0.0900803
-1.30099
0.678631
0.647156
-0.00411244
-0.617988
-0.611713
0.148533
-0.842989
1.07387
0.04144
2.83389
1.27067
-2.83875
-7.90659
-1.05965
-0.665264
-1.98482
-3.71647
0.166835
-1.55411
0.622193
-5.48089
3.165
-3.33791
15.7904
-3.85872
-0.545107
0.852587
-7.11779
0.833326
-1.17982
-5.80842
-1.06193
-0.240356
-1.31331
0.50997
2.53608
-1.77637
-2.66754
1.04102
-0.192249
-2.07963
-1.71014
0.720136
1.81681
0.0546906
0.679076
-2.06714
-0.238713
16.0195
8.63539
-0.259367
-1.29658
0.622726
-1.0681
-7.33099
-1.3307
0.0932472
24.0962
0.684987
-3.34546
-0.830789
0.66728
2.55684
0.257054
1.83868
41.5846
-2.80554
1.21274
-0.178484
0.642811
-0.682899
-6.76712
-2.12264
-1.90355
1.20119
0.87268
1.70559
-0.260708
0.152427
-2.4133
-2.35601
1.13161
7.41151
-0.339012
-1.94614
-0.0498065
-1.0142
-1.25282
0.382124
-0.79242
-1.24813
1.23249
0.343395
-0.413594
0.910135
1.02077
0.939542
0.70989
0.939337
2.46531
-0.900765
-1.67893
1.13628
56.8026
1.45595
0.819131
2.39453
-1.86005
-2.55912
0.385675
0.133573
-0.466667
-2.12823
0.686911
-0.276877
-0.418293
0.836529
0.852981
-0.518161
-2.86819
0.868554
-0.578634
-0.0477986
0.332343
-1.29768
-3.78464
5.48188
0.512814
2.15403
1.82953
-0.448302
-0.0287406
-0.16299
-0.212576
-9.67177
0.31224
1.06626
0.724593
-1.06711
-0.0365386
-3.01074
-2.23183
-2.40367
-1.71516
-50.5075
-13.7377
2.45132
0.718533
0.924826
-0.324576
3.0982
1.8817
-0.749193
-15.9966
2.22919
2.97913
0.348351
-0.178812
-0.523819
1.26405
4.35232
-0.28515
-1.41814
5.00698
12.8378
0.350619
0.00119638
-5.01699
-2.57228
-0.843637
0.151161
-1.59942
-3.65465
2.05251
-3.70832
3.12456
-1.27743
0.11499
-1.82179
1.27647
-0.599876
0.0606143
-0.49672
0.669102
-0.228652
-2.37248
-64.8951
-1.5721
0.0484335
0.452655
-0.364143
-5.26361
1.94993
-0.353162
0.841537
7.06848
4.78448
-0.0538943
1.16391
0.839529
-0.163804
155.491
1.35738
7.80307
0.489334
0.104817
1.77181
-0.673068
0.222228
1.77307
-0.355837
-0.414324
1.68516
-0.635744
-2.76409
2.73469
-3.67959
-8.88363
1.24225
0.519162
0.802489
1.60027
5.27555
-2.17806
-0.643085
1.73719
-0.459605
0.87794
-1.21903
0.904436
0.55186
-5.97848
8.69202
-0.655334
-1.04972
-2.42445
-0.52175
-7.6533
0.123845
0.473039
0.0487251
-0.150156
0.743092
-4.31711
0.698992
0.046612
-0.62705
-3.4768
0.393589
0.703854
-0.354991
0.0512828
0.0652884
-86.0302
-0.211867
-2.32415
-2.52222
-0.390603
-0.754093
0.102979
-1.7393
0.327073
0.185459
2.39054
2.45449
0.355184
1.60575
0.669417
-2.0699
1.0712
0.879911
0.409247
3.49094
-0.173076
-6.6258
1.66352
-1.23623
-13.8964
-1.31397
1.01312
2.81552
2.02107
9.6258
-0.723071
0.115821
-0.98698
-0.137941
-1.98585
0.124913
-0.435933
0.272796
-1.17039
-35.5784
-0.367132
4.1938
0.319818
1.12432
0.517234
2.60708
0.853316
-0.294854
0.340513
1.17123
10.7483
-3.83225
-2.84138
0.0237347
0.147063
-15.5102
1.3488
-0.235629
11.5381
20.2331
3.59077
-5.78401
1.11134
-3.27404
1.6112
0.121046
-0.946558
-2.92322
-3.95788
-5.24406
-3.05033
-1.6306
0.853346
0.00691562
-1.0818
1.65463
2.08262
0.617916
-0.120182
-0.132545
0.274283
-2.84115
-0.292745
-3.21428
-14.0418
-8.51537
104.467
-0.470441
0.079985
1.90391
0.645222
0.778899
-2.32773
-0.232791
-2.66779
0.355998
-4.33184
1.31453
0.45569
1.05413
0.711106
-0.321568
1.33782
-5.44985
-3.68737
-1.10165
-2.03845
0.0764891
-0.469502
1.22449
1.70067
-0.646811
-0.88793
0.466161
-16.9301
-0.594028
-2.45657
0.0202451
-2.58229
0.000866115
0.65562
0.147458
0.0998156
0.0337326
0.776573
-0.840417
3.15236
0.377645
-11.2183
0.387286
-6.29691
0.266557
4.71534
0.0982706
-1.38751
36.9237
1.11486
0.332602
0.870655
-0.478583
-0.19898
1.20486
1.08242
0.786702
6.52028
3.01426
-6.90199
1.56202
7.3342
0.65303
-0.260014
4.74949
-3.8867
-1.60623
0.531484
1.64284
0.5414
0.184625
0.300415
-0.727374
0.363585
-0.24711
-0.942858
-7.09292
-5.57355
0.640502
-0.832252
-0.00432391
-4.35484
0.265012
-2.3861
4.89367
0.0599936
-0.117803
-0.194953
-0.241327
0.587116
0.495154
-1.00473
-0.765815
-2.03523
2.04075
-0.368288
2.20004
0.49115
-0.0754715
-0.263005
-0.189683
-1.88665
0.0948093
1.962
-1.4859
-1.6413
0.69246
-8.10851
-0.581636
-2.91516
1.9007
-0.0227553
-0.136451
0.0794055
1.0927
0.40018
-0.75453
0.066448
7.29385
-1.59338
-1.10747
0.0469825
0.140918
-7.81205
0.575747
-0.0881053
7.30717
-0.0586755
2.29272
-1.03799
-2.09684
-0.393374
-0.34861
4.4572
-1.56254
-0.305811
0.205358
-0.250612
-0.229822
-0.245433
0.0378352
-1.22676
-0.643837
5.61435
-0.0528911
0.312245
0.751672
0.00269616
0.031097
1.2253
-2.49058
1.30904
-0.145584
0.0801351
-12.7608
-2.26928
-0.528541
-2.78003
-0.556833
-0.486168
-1.98654
-0.217404
-2.21381
0.652385
-0.0661402
0.20197
5.21406
2.64197
190.971
1.39091
0.0458531
1.34317
-0.673908
5.57568
1.33328
-2.56392
0.595963
2.88933
-1.42711
-1.01674
-0.353703
0.352458
-1.34196
-1.39364
3.16086
0.620181
-0.0870258
0.108115
3.78569
-5.74544
-0.123234
-0.76655
-2.96816
-0.916141
-0.862106
-0.523862
-0.587522
2.30055
-6.12801
0.835549
0.149475
-0.909077
0.570346
0.802652
0.0584674
-0.18541
4.20215
9.82615
0.0777126
-0.804402
7.05094
1.61529
-0.694571
-7.66748
0.303781
-0.0187758
1.05925
-1.58112
-2.14976
-2.10449
0.0771994
1.57776
2.88804
0.232726
0.00174574
0.0503548
-0.255317
1.17769
3.27708
0.779201
-0.216214
-44.8608
0.743475
-0.420926
-0.673466
-0.534788
0.180813
1.80551
1.78548
1.86092
-1.2397
-4.85326
-1.04473
-3.27256
2.06127
6.20733
-0.698189
-0.445971
-0.971625
3.77988
0.3662
0.665973
0.560136
-0.278195
9.71417
-0.858735
6.33963
-0.157719
0.128549
0.619584
19.0764
-6.77211
0.108387
-0.985827
-0.291087
3.42542
3.87205
0.852999
4.18503
18.9491
0.266105
-0.118644
0.231381
-1.6954
1.23507
0.415615
0.131987
2.58298
0.0723277
-0.957935
2.40415
0.896411
0.718479
-6.90384
0.260838
-1.18489
-6.21461
0.690056
3.73697
-0.359794
1.22442
0.0130664
-0.36223
-1.2711
0.509289
1.37262
0.859771
1.60015
0.100485
-0.333392
-447.245
0.406496
-3.29001
-1.49751
0.253878
2.04507
-2.33252
-1.40894
1.73318
0.210603
-0.804604
-0.187856
1.97682
-2.625
0.0311733
-1.70725
0.158581
-5.89501
-3.82486
27.9645
1.03883
20.1472
0.337074
11.2244
0.0289901
2.18531
-92.1716
-1.16907
0.509564
-0.514446
-0.344573
-0.158872
-5.21125
-0.317492
-10.2282
0.894443
1.04195
1.16161
-0.550964
0.391581
2.28241
-0.302699
-3.36277
0.276725
-1.47667
-1.78493
-0.0717475
-4.16058
-1.53365
-0.577228
-1.29739
-0.942448
-0.818172
-4.53797
-21.5214
0.515694
2.63217
-1.36656
-66.5723
-0.26637
0.534053
-0.292076
0.437293
1.96909
-0.157317
-0.238879
-0.808377
-0.679934
-1.90192
6.04373
-1.37435
1.0592
0.891841
-0.486833
-3.48405
-6.47712
0.113157
2.24977
-30.4703
1.9667
-2.0774
-0.0935326
-1.75697
0.618842
-0.917478
0.888193
-1.23475
-0.204691
-0.181765
32.9956
-1.77867
-0.189265
-1.162
-1.47503
0.879017
-0.550288
-1.4622
0.83833
0.81468
-1.42318
1.8014
-6.91367
-0.318078
1.67444
-7.22633
-0.196273
-0.988394
2.06967
-7.49423
-1.42926
-0.250112
1.1355
-0.322756
11.6225
-4.48851
0.137403
2.49405
3.60568
0.00022354
4.0928
-0.182313
0.880904
-0.125517
-1.25194
7.47815
-1.30458
13.8036
0.0266469
-0.521455
-0.200869
1.40705
-7.06975
-10.3762
-0.53117
1.37865
0.0217418
15.9718
-38.0539
5.60363
-2.46178
-0.862767
-0.217971
1.90936
1.71671
-0.658882
-0.0693036
0.333789
-0.801033
-0.198192
0.268636
0.123945
1.51161
0.0564304
0.532298
-0.230621
-0.170113
-0.092277
-2.85955
-1.89081
4.42463
0.2715
8.11668
0.637849
-0.821392
-227.003
9.0984
0.759603
-12.1262
32.7591
1.40038
-207.485
4.2485
0.638562
0.518078
-2.05585
-8.91497
-3.58414
-0.712712
-1.08757
14.5743
-1.05945
0.151523
-9.7049
38.7353
1.12735
0.457053
0.0619121
0.189763
-0.202204
-0.0587763
0.783184
0.327338
-2.92222
0.309574
0.529201
-0.141194
-2.22278
0.530313
-0.465946
-25.7048
-0.438082
-175.365
-0.166509
-0.22936
1.7574
2.45799
-0.239249
-0.438224
-0.538137
-0.0509916
-1.08399
-0.179543
120.846
-0.169723
-2.7132
0.374632
-2.18686
4.09401
1.17227
3.92204
3.23807
0.710724
0.662674
2.23269
-4.06097
-0.262202
-0.633799
0.652012
0.657209
-0.444106
0.220043
2.49242
-0.62478
-0.54792
-8.89988
1.81534
-3.15186
5.08858
-0.133785
0.399376
0.17535
-47.2736
-0.779791
-0.223428
-3.62695
0.753828
0.50089
-2.22201
-1.64857
-2.44868
-0.425681
2.01741
0.212779
-4.38607
-0.710789
-2.2938
0.953899
0.772655
0.864047
-9.81578
-22.3886
0.789225
0.624196
-9.49913
0.363349
-0.0135241
0.245416
-1.16899
-1.18938
-1.41575
1.16461
-0.357417
-6.06102
0.610732
-1.43847
-0.209434
-1.07141
1.09924
0.361944
-4.56865
-6.549
0.0273793
-4.36842
165.139
-0.808317
0.558667
-0.384035
0.200134
0.226235
2.64382
0.353868
2.06505
-0.752155
4.31642
1.83709
1.09397
2.51744
0.413723
0.11359
0.596693
1.05152
0.443922
-0.327804
0.74625
-2.29824
-0.119651
2.6853
-1.30145
4.52365
0.113614
-57.0596
-1.17118
-7.03845
-4.62319
-2.11172
-9.10399
-0.893821
-9.4892
0.0298783
-2.22568
-0.764724
-0.401718
0.313131
-99.8218
-0.387222
0.614091
-0.202425
-9.31271
0.0392263
0.335575
0.634262
-0.0142599
-0.0294443
-0.0604635
2.09223
0.0408288
3.58214
0.0341707
-0.992023
-1.83363
0.883197
-0.536965
0.0670586
0.136505
1.04702
-0.774683
0.115733
0.299353
-0.693965
-0.757165
0.709969
-1.23562
0.342235
-4.04258
0.397242
-1.12697
0.412088
0.8443
2.31583
-5.16754
-1.1097
-0.769933
4.64073
-4.10067
-0.335559
-1.40431
0.732137
1.37879
0.498485
1.38284
-0.346144
-15.2321
0.407445
2.09094
0.0254235
7.31626
-0.310151
-27.8168
0.244594
-59.0095
1.15003
0.246495
-3.46007
-11.5293
0.138971
-0.384134
1.01379
-2.78082
-1.99547
-1.1988
1.84814
0.625928
2.19728
2.94848
23.9699
3.25396
-1.2961
-0.0918951
-0.912891
-0.520558
3.58734
2.28914
1.80127
-0.218425
-0.809809
0.0515036
1.98855
2.71584
-2.36887
29.0142
0.0542873
-4.21494
-0.236196
-0.769359
-1.37302
-1.73267
-1.28616
7.92987
-1.39493
1.23191
43.5024
1.19465
0.646087
0.219621
9.92253
-0.127275
0.534688
-34.5722
0.900741
-0.331181
1.82501
-1.06412
0.0168796
-0.436947
-0.373239
-0.266737
-0.596048
-0.797449
-0.69383
8.10154
0.0126172
0.442822
-0.432213
0.369002
4.38069
0.376753
1.39106
-1.53143
0.901063
-0.0552275
-0.0230835
-1.17094
-1.342
-1.17827
-2.64667
-4.19792
0.0494634
0.473279
0.700087
-1.57329
1.05327
-1.01625
0.576051
-1.34372
-1.10624
2.11812
-9.20564
0.653283
-3.80083
-10.6181
0.0934849
50.2818
-0.654768
-0.706306
0.00863256
-2.12827
0.1302
0.562775
0.753818
0.347221
-14.8242
-2.5798
-0.853448
-0.470341
6.70863
0.831277
-1.69903
-0.295207
1.52938
-0.667701
-2.43459
0.177976
1.30811
0.444386
1.97671
0.950879
3.33864
-0.623299
5.97385
-0.158501
-1.33329
-216.365
0.113467
-7.22533
-1.80045
-0.756537
-0.714229
-1.20901
-0.825832
0.318691
0.259141
1.07797
-0.717303
0.990778
0.653676
0.321924
0.312133
1.33132
-0.853333
0.208062
0.520566
2.27612
-2.19304
-0.626601
0.311488
-1.85175
0.0890215
-1.01257
0.544522
-0.14558
-0.222937
0.246141
0.354599
-4.03853
0.320647
0.243073
-4.04498
-0.0639724
1.35026
0.394631
-3.52352
-5.65219
5.24215
0.911375
-0.257193
-2.97434
0.361625
-1.64638
1.08895
-0.443784
2.98438
0.526432
-0.459918
0.101755
-12.4329
-0.271871
1.87841
-48.8369
-2.06356
1.79438
-1.05161
2.33445
0.678289
-0.754229
2.32279
0.571446
2.75173
-3.06807
2.28219
-19.7337
-0.457495
4.53544
0.0570388
-0.587716
-2.85223
-9.28212
0.573369
-4.32683
0.353953
-0.236658
-15.3271
-0.280973
0.267347
-1.11757
-0.165366
2.28307
-0.285955
-1.28324
0.115175
0.570871
-0.490619
-0.0619185
1.2074
-6.12747
0.328091
-0.282929
-3.55866
0.426886
-5.13944
0.284444
-0.221001
-108.558
0.188193
0.455431
1.10495
1.62961
-0.602745
-1.24407
-1.854
-15.8331
2.70239
0.204883
-0.0754309
-1.2596
-0.5031
3.01648
-3.08739
-0.127571
-0.686387
-0.667149
-0.840906
1.63087
-0.299055
0.155282
0.227443
0.0335658
-0.694983
-1.09465
0.583922
-237.349
-0.0380572
-2.97745
-2.19792
0.779181
0.2274
-13.4115
0.0726956
2.09632
-0.0686735
1.28426
-7.53922
0.293924
1.90808
0.575226
-0.984511
0.138033
0.681718
-1.52082
2.96853
-4.43304
-0.858129
-0.194588
1.97761
16.1122
0.310334
-0.0401649
-1.36355
-0.157155
1.26346
-0.974754
7.44314
0.270843
2.67737
-3.8301
0.356858
1.78092
0.37183
-2.28248
-1.42252
0.417611
1.28789
-0.608229
-4.32806
-1.04822
-1.44807
-9.31839
1.89164
-3.17133
1.41535
0.2419
2.40716
-1.59401
-0.128614
1.78012
0.0046796
3.26953
0.636756
-2.01903
4.18951
7.23113
0.743987
2.98952
0.24183
0.0450981
-3.03485
0.0741042
0.222119
48.5821
91.8287
-2.1774
4.6198
0.46976
797.181
8.60273
0.40539
1.88085
1.10897
-1.05138
-1.18927
-0.961566
1.98872
-0.994731
-1.18545
2.46667
-0.382694
2.3148
-0.385166
-5.56599
0.205832
-12.5703
-1.00271
-1.64541
2.44509
-0.507689
-4.50227
-3.28504
0.718879
1.46449
0.673638
2.28758
-0.106076
0.388107
-8.21722
-2.77313
-1.0065
-0.706334
-3.03346
-4.33651
-0.604957
2.86023
-4.05993
-0.454457
0.349458
0.845245
0.680441
-1.86382
1.49794
-0.0861477
12.5077
39.8734
-3.0984
3.86989
-9.568
-5.57467
1.26126
-0.071044
-0.47953
-0.899456
2.91233
0.633656
-0.587763
-0.764909
-4.44148
-0.756414
-2.49263
0.161678
0.16456
0.25905
-0.346008
1.21499
5.45132
-0.768428
2.08711
6.81777
-1.05989
0.533153
-2.25441
0.887608
1.24247
-0.588666
-0.133443
2.04398
-0.638565
3.33345
0.291397
4.33964
-1.3788
-1.69418
-1.16427
-3.32155
-0.0345443
1.0847
-0.165532
-1.84019
5.667
-0.961341
-0.366887
1.24068
-0.571908
-0.533264
0.573043
2.89099
-0.31252
-2.46863
5.10251
1.71783
-1.6767
0.126665
0.74339
0.427116
-1.78635
-3.3586
2.05787
-1.20896
1.50549
0.720058
-1.20225
1.07704
0.738893
-63.2524
0.106603
-0.130707
-1.06228
-0.662533
0.970612
-1.2882
0.964046
0.110185
5.53808
0.540381
-0.0641207
-0.36025
-0.931623
-1.36032
-0.0372779
0.0188643
-6.26357
-0.922123
-1.87484
-1.53482
3.267
44.591
1.58935
7.19634
0.872836
0.139633
-1.346
-0.408059
0.215214
-1.31886
-0.785406
-1.84849
-0.635537
0.845413
-1.53966
0.225042
-1.20823
0.20498
6.62492
-0.733837
-0.39463
-7.42031
0.0435652
2.81671
6.05851
-0.75213
-0.623456
-0.691313
0.391027
0.462593
0.398128
0.184397
-3.11888
-0.790845
0.39921
-0.727577
1.04862
1.79484
-8.90632
-1.67597
0.260751
0.0419554
-3.3735
-1.05025
12.5164
0.997991
-2.09275
-0.135478
0.108086
-2.15513
0.134654
-0.606434
0.828761
0.528986
24.5437
1.00951
-0.548253
6.61034
-0.0602479
3.64995
-0.0303652
0.0992125
1.66639
2.01855
-0.589616
-0.794862
1.78072
-8.66011
-12.4566
-1.42946
-1.06985
8.37101
-0.683834
1.87599
3.6086
-1.04005
-0.98178
0.773704
-0.121237
1.85699
-0.589152
0.655919
-1.67468
0.318433
-0.677056
2.29261
0.198167
2.75544
-0.44535
1.36408
9.70493
0.818369
-27.5407
-0.634639
0.198126
0.61834
0.0113155
-0.294483
0.309446
-0.591489
-4.26132
-1.88605
3.61035
1.01933
1.00341
5.88186
-1.52956
-0.223063
-0.722382
0.76098
-0.999692
2.74449
-0.216785
2.55699
0.505567
-3.16661
-0.47449
-7.7181
0.738145
-0.4779
0.747875
-3.68876
-1.34694
-0.546823
-0.756036
-2.4562
-0.630685
6.45936
-1.31995
-0.688152
0.436069
-0.387461
0.321161
-0.623531
0.494881
-0.11852
0.459768
1.61194
0.743122
-5.17522
24.2287
-1.14228
5.00494
-0.31966
-1.06975
-1.93083
0.54946
1.05688
-1.81996
0.630047
0.844337
-0.931152
1.00915
1.12727
-1.08735
0.112508
-0.100012
-1.85644
-6.12781
1.12175
-0.425268
-1.44153
16.0562
2.2164
2.07773
-12.2497
-1.21837
-0.677928
1.65595
-1.99277
1.44154
1.48796
1.64854
-0.801774
-1.59057
-0.838993
0.600819
0.387223
1.03101
-0.287355
0.0846615
1.02672
-4.94753
-0.00335432
0.832463
-0.356097
-0.386576
4.89021
-4.67152
-0.40157
9.89861
-0.00710961
-3.43919
210.903
3.85712
-0.132826
4.84385
0.563656
0.00154835
-0.595079
0.131272
0.48046
0.273922
0.0142019
-4.38356
-6.29478
-2.88912
0.288503
5.13598
0.690582
-3.53288
1.9814
-0.716433
-0.986243
0.844328
6.28589
8.44096
0.23217
-5.92211
-5.17484
18.2676
1.429
-144.345
-0.66026
2.78571
3.064
1.38674
-3.00068
-0.571361
-22.7184
0.746821
1.27533
0.0374881
-1.34844
4.10316
-1.7742
-0.457806
5.05035
-2.64803
0.846883
-0.530663
1.27161
0.0970477
2.32443
2.21385
2.3938
-0.697504
-0.813016
2.50968
1.91494
1.19932
0.511523
-1.34905
1.00876
-0.908183
-0.625022
30.3394
0.380366
0.159043
2.43127
7.35083
-0.611031
-0.593349
0.408866
0.231693
2.21088
-1.08459
-2.87938
0.805045
-2.38089
-0.275232
-0.0264646
14.402
-4.61419
-0.382642
0.558798
1.20211
2.3926
1.89019
-0.629594
-1.83137
0.459067
4.86383
2.3807
1.9348
-17.8232
61.8069
-0.652505
0.294959
-0.513573
-6.7362
-2.86743
-3.55231
-17.8892
0.205389
-0.645015
1.36321
-8.44183
-0.00409902
63.0591
1.4509
-0.409946
-1.60632
0.0187083
-0.353977
0.263743
0.348084
-0.269142
0.154822
0.921847
-0.00902181
-0.163339
-0.225624
2.05817
-0.799869
-5.24083
-5.298
-2.84427
-0.976969
0.528758
4.8413
0.319927
-0.371178
-6.06534
0.178752
-5.36082
-0.309382
-2.25088
0.386206
-1.61365
-0.0217659
0.208346
0.885816
0.753356
1.09825
0.143784
-47.019
-0.0193768
-0.444675
-0.77166
-0.410822
-0.743661
0.0294827
-0.861065
-0.86867
-0.514219
0.482851
-2.59286
0.267774
1.82123
-5.64553
3.39083
-4.94486
-0.1137
0.40563
-0.822912
-2.91619
-1.28045
-0.238756
-0.345022
-125.663
-0.0898865
-0.878288
2.71569
2.03612
-1.28784
-11.5324
0.00286319
0.262526
-0.507933
-1.4601
-0.865166
4.028
-2.02942
0.826414
-1.4424
0.503007
-1.34847
-0.371097
-4.39816
-0.608235
-4.37686
-0.331631
0.0280857
33.9457
-2.01395
-1.14348
1200.22
-0.00654539
-1.42632
-0.547658
3.44166
14.1231
-0.225995
-0.201364
0.164958
3.01125
-5.74798
-2.84777
0.0508567
-0.228841
-0.501029
-0.0730306
-0.707524
-0.646038
0.602978
0.0156296
3.49089
1.90313
-0.821289
0.581453
0.0699801
0.963037
-0.00103347
-0.491618
1.87502
-0.747118
6.19445
-1.83083
-78.0743
-9.14441
-2.39514
0.336119
3.02669
-0.749457
-1.01088
-0.0987956
-0.0844324
-3353.65
-0.956867
0.511334
-0.52003
-1.56232
-1.20393
-0.357369
0.471815
0.456308
-0.689423
1.72184
-4.64216
-0.292858
4.41988
-1.26884
1.82212
1.19886
-0.688036
-0.128237
-0.407003
1.90222
-32.8902
-0.48384
2.08633
-1.00981
-0.130486
15.4193
-0.35725
-0.13258
-3.82289
0.0896989
0.528377
0.590024
0.695826
0.339377
3.47951
-5.03078
2.02231
17.7262
-0.670971
0.237413
1.68543
2.5923
-2.55879
-2.63338
0.11379
2.30926
-4.87827
1.49178
-1.16969
1.04475
-0.889923
-2.09534
-0.269072
-4.38204
0.48266
0.175455
23.5449
5.83566
1.61142
0.127466
2.61271
0.0695013
-1.3145
0.0186461
-0.0145177
0.514295
5.78136
0.881987
-7.78499
1.84362
4.12594
3.29522
-2.55473
-6.60366
-0.621083
2.24222
1.44837
2.56606
-0.17578
-1.18223
1.92129
-1.6646
0.55784
3.4989
0.964684
-0.123499
-0.0107709
-0.169689
1.78764
0.712091
-0.516874
-1.58819
-0.796086
-0.632379
-1.00574
0.661878
-3.0242
2.09099
0.172381
-0.1071
-0.77315
2.21346
0.771173
-0.763102
-0.920905
0.822167
-0.148034
1.56179
-1.36619
-0.517733
4.97286
-0.569041
-0.607877
1.39144
-3.73852
1.55504
0.994168
-2.3115
-0.883009
0.169969
-2.34151
-51.6286
-1.90346
-0.181864
-0.0338429
-0.0549725
0.432684
0.728846
-0.162774
-0.115301
0.285779
-2.3953
0.470364
1.55203
-18.2713
-2.42271
-0.920565
-0.350824
0.489214
1.56959
3.25136
0.166816
-6.70798
0.561835
-14.4943
-0.563565
0.432792
0.303513
-1.16
0.108013
17.8972
-4.15583
-0.326961
1.40568
1.60385
0.693079
2.66273
0.929969
2.34371
-0.419901
0.15082
-0.104179
-0.614688
1.54998
0.352031
1.15582
-0.794128
-17.963
0.548296
2.01006
2.73748
-2.03842
0.334615
1.13966
10.0374
-0.130589
-0.818548
1.8273
0.0589916
3.02804
-1.06274
-0.0634252
-1.04649
0.30899
12.3811
0.0588764
0.96371
-1.90449
1.53813
1.09935
-1.63225
-9.58895
0.113796
7.42613
0.196699
0.0969903
-6.5909
-1.76814
0.158175
0.17738
-3.2823
1.74124
-0.209198
-1.50153
0.00697882
-6.24729
0.0725216
3.58705
-1.31781
-0.828418
0.389784
0.724417
-9.7187
3.13161
-20.2587
-0.0217631
4.20108
0.0868053
13.5255
-9.52955
12.5218
-2.09532
0.135093
1.39352
-1.01453
-0.483708
0.358338
0.249312
-0.867122
-0.867185
-13.6779
0.840667
-1.52412
-3.03971
1.30657
-1.45301
1.28025
-0.309285
-0.892136
0.17988
0.67408
-1.57454
1.37104
-1.02373
0.429995
-4.24016
-0.885679
0.439798
-0.20195
-0.0152822
5.25481
15.0863
1.61253
-1.53428
-0.079548
0.393194
-23.0168
-0.47572
1.98598
-0.0205112
-2.67083
1.54739
0.655832
-9.8664
-1.1162
-0.787435
1.35974
7.05848
1.3429
1.60731
0.162224
-3.00587
-0.068008
-0.689466
1.13991
0.765268
-0.491633
-0.62374
-154.589
0.0142713
-1.02182
-0.468613
-0.392896
-0.210941
-5.24997
-0.623654
0.367631
1.09929
-0.574332
-1.34098
0.76017
1.46642
-1.00447
57.5915
42.7982
0.869959
0.130414
0.738262
0.149448
-0.459561
0.625125
2.22564
1.02574
-0.0420427
-1.27468
-0.770092
-0.444008
3.31362
-4.86701
-1.07902
-2.0537
0.875287
0.91099
-0.879876
-0.149701
-0.960489
0.559106
1.21411
-0.295428
0.597082
-1.17292
-1.56409
2.35891
-1.10775
0.424693
-2.07545
-6.86846
0.147288
0.0318266
0.434437
-1.31426
-13.4225
-1.69652
0.114854
-2.05589
3.20783
-0.33634
0.172276
0.0731498
-0.329035
0.295006
0.0585013
-9.49484
-3.41395
-10.251
-0.687896
4.93528
-0.164219
0.529603
0.890349
0.0566069
-4.9403
0.912578
-2.41045
-1.51028
-0.486437
-0.916049
0.0474595
0.46285
0.183141
2.88427
-1.42593
-1.41393
1.91088
-0.905542
-8.82244
0.405093
-0.451412
5.47623
-0.523801
0.206828
-4.34369
-0.15627
-5.12005
-2.25153
0.361831
-1.3828
1.19444
0.283002
0.881808
0.638818
0.768914
-1.07563
0.0956164
-0.161797
1.32541
-3.31207
-0.350937
4.07526
1.04809
-0.984655
-0.85468
2.14477
-0.607886
-3.91767
-1.20389
-0.376766
-0.872785
0.604493
1.66266
0.403588
-0.254734
-2.42513
0.617483
-23.0388
1.17644
-1.72997
-0.721267
-0.395548
-4.19714
-1.08042
-2.15604
-0.988555
-1.01615
1.01644
0.403178
-7.33125
-152.945
0.624754
-31.1439
-0.0243025
-5.6115
-0.88833
-2.37177
381.668
-6.92153
-6.98269
0.815181
13.068
-0.355269
1.78448
0.333603
0.146712
-0.698451
0.0504543
-1.04457
50.9933
0.234135
0.397436
6.78546
0.00239697
0.846954
0.164171
0.596668
0.23391
0.316574
-0.0543468
-1.84975
-0.0802747
-2.48098
-0.33309
1.33981
-0.123902
-1.3828
1.10406
-0.78141
-0.81654
-0.601642
0.966542
-2.98284
1.53858
-0.581109
1.81565
0.346087
0.245216
1.50072
7.1176
-0.49488
-0.211134
-3.89779
-0.317605
-0.917089
2.14885
-0.303924
2.15642
-4.71477
-1.20429
2.35013
1.78523
49.6497
10.7092
4.59629
0.394016
0.121583
-1.41998
0.0150166
0.642922
0.189434
-0.408483
1.59795
5.67723
-0.998198
7.97876
0.416903
-0.519537
-0.222922
2.35972
0.405366
-0.269462
-13.4604
-0.998469
14.1675
-1.23866
0.148574
0.0772054
-1.08971
-1.49555
-0.953487
-0.820859
0.841234
-0.111994
-0.948176
1.39408
-0.0137089
0.31358
0.589291
0.00979559
-0.545564
-1.23513
30.4973
3.46113
-0.356408
1.08185
-0.123391
-2.1474
-4.58602
0.672654
-11.8089
11.1039
-1.72858
0.562576
-1.75944
-2.12784
0.536851
-48.4738
-1.10495
-1.91687
-2.59144
-2.30807
-0.288781
-0.421862
-5.49722
0.943121
-0.111504
0.540771
0.748725
4.69397
-0.837164
0.490766
0.869265
1.32154
-0.926149
2.02599
1.77496
0.0935392
-0.881062
4.04932
1.17049
-1.11289
-1.03792
1.21813
-2.52439
0.512186
-2.05541
-3.57143
1.6618
-1.04102
-12.227
-0.0014729
-0.397997
0.15662
-0.605761
-1.13807
8.71283
-0.979894
0.388301
-3.37537
-1.05904
-0.588305
-4.30537
0.793611
0.522534
5.50638
2.33192
4.00869
-0.692399
-4.50301
-8.20801
2.12612
2.42848
-1.01555
-2.11251
8.85439
-1.65219
-1.43508
0.0173986
-0.356831
0.170598
-1.11619
15.2256
0.854859
1.59068
123.73
0.874016
18.1962
0.0934807
-4.60815
-0.127461
-2.17059
0.2727
0.763903
1.09689
-2.32998
-0.0372668
0.220587
-1.3276
-1.79445
-8.50917
-2.29354
0.624977
1.64449
0.964984
-0.124269
1.06118
-2.123
-1.65613
-1.56133
0.703124
-1.07194
-0.0807983
0.251732
0.388373
-0.65818
-0.657687
0.282194
1.43945
3.96857
-0.315537
-1.1615
-110.415
-10.6728
-0.722381
0.176829
3.98509
0.294603
-0.290398
0.59632
-50.2167
-1.61186
-2.65257
-0.241652
0.996244
-4.78673
-0.0386788
0.526618
-0.798709
1.05372
-1.3346
1.53161
12.2387
-0.311858
-1.49195
-1.60811
-3.26729
-0.133231
-1.23333
-0.0530424
-3.61226
-0.0349984
-1.0831
0.273736
-0.775917
1.09709
-2.25975
0.0398087
-1.2815
0.272619
0.279192
-12.2747
1.2011
-0.916933
-1.70583
2.46956
-1.07369
-1.60044
1.19396
4.93508
-0.61452
-1.6829
-8.71429
-4.98031
-1.71455
0.723827
0.518846
-1198.01
0.889882
5.20703
-7.29467
16.4587
-1.99139
-1.05024
-1.33526
2.13345
1.32318
2.83207
-0.28886
1.60004
0.282706
0.163281
-1.21218
0.131797
-3.71272
0.282913
1.41378
-1.08198
-1.2214
0.788057
1.35696
1.35651
-0.313596
-4.00888
0.0631165
5.21789
-3.28107
2.17661
1.20259
1.6291
0.846042
-2.76017
1.4379
0.822816
2.3448
-0.911913
1.08401
-0.165708
-0.279962
-8.19499
-27.1929
0.17279
0.0303308
-0.738874
-0.469004
-0.0566693
0.227992
-1.55632
0.748091
-0.289997
2.31355
-0.277476
0.457947
0.438962
0.903417
0.17929
1.79356
-1.22979
1.01366
1.87677
0.780159
-3.20475
14.7905
0.112931
1.11653
1.03023
-0.11081
-0.765588
0.0206566
1.67905
-0.027437
-0.862679
2.90099
1.29087
-0.0700126
1.6884
-0.57495
-5.34247
3.93916
1.44433
0.67191
-0.225768
0.176608
0.339045
-54.6313
-1.77574
1.56995
-0.820258
-36.8358
2.14139
-1.18476
-0.802814
2.94234
10.208
0.318724
4.45839
0.621754
0.150208
2.41135
-61.1347
-3.89562
1.02959
-0.00960968
1.14448
-0.406254
-4.34447
-79.2154
-0.198112
-0.224953
-0.570346
1.156
2.61539
-0.301002
-24.3647
-0.017402
2.36919
1.23952
-3.1852
-0.115913
0.134874
-1.37033
-0.458225
0.250049
-5.85993
-0.728946
-1.78969
1.71869
-1.45709
-0.281723
1.78836
-2.02397
-0.653025
-0.232829
-8.23814
0.492686
-3.23684
-0.163607
-3.33295
-56.3228
-5.49075
-1.03348
1.57718
-1.11928
-0.705711
11.0173
-0.32366
-0.528271
-0.679936
4.90806
0.0938138
-1.54433
-1.92066
1.5109
-1.0671
0.484551
1.76619
-0.649906
-0.694569
-0.141946
3.42102
-1.5681
1.71194
-0.19273
-0.679044
-5.4782
-0.224349
-0.578569
-2.02459
0.203793
-1.0801
1.39434
-1.34582
-0.97204
-0.366452
-2.3149
-2.03668
-1.32595
-6.15937
-130.801
-0.66981
-0.640314
-1.23891
0.250505
-0.0238361
1.42829
-1.42155
0.401481
2.52352
-0.920755
0.7679
-0.952842
-0.544153
1.44638
-1.53955
0.337123
-0.771716
-8.85239
0.56191
-0.993682
-53.5415
7.52651
-0.596113
-0.242773
1.85635
-0.562251
10.1455
0.157495
-0.620073
-0.980935
-3.67458
-0.26928
-0.143795
-1.21856
0.228112
-0.22922
-0.513955
0.290755
15.3886
-0.686823
-0.147736
-2.16238
4.99047
0.472878
1.0169
-4.91353
0.109976
-8.26389
0.40505
-0.125375
5.41516
1.31889
-0.769874
1.58719
-0.989219
4.98383
0.226823
-0.536356
-1.08345
0.4721
1.56095
0.211576
12.9239
0.910596
-1.21592
-24.5389
0.437786
-0.829455
0.908862
0.654164
0.541719
0.205624
0.505933
0.681928
1.31869
0.361385
-0.763927
0.545711
-0.212351
0.24386
-2.55465
0.299627
0.651488
-0.167512
5.14542
2.51715
-2.94019
0.0116116
1.73996
2.73063
-2.01818
-0.0748006
1.7869
-0.199471
0.676389
0.688695
9.68332
0.181967
-1.17386
-0.120414
-0.282501
-1.10682
0.257833
-8.8976
-1.86547
-0.330845
2.9619
10.0952
2.28071
86.1668
0.564417
-1.33822
-3.76138
-0.0406401
1.77488
-1.48193
-1.1659
0.199753
0.0731434
7.13663
-1.88277
0.386126
-0.239988
-3.02038
1.8132
6.45815
-0.702191
0.0790169
1.41701
0.797762
0.768004
3.70173
1.70292
0.332654
0.555121
-0.385616
1.29278
-42.896
0.901532
0.641977
-0.224516
2.25454
-7.42828
-0.322168
1.97067
0.196588
0.2427
4.38351
0.951609
2.06907
0.911745
-1.14294
7.27253
-5.86683
0.977094
-99.6768
1.0334
-0.590427
-1.15471
6.63217
0.617113
-0.147455
-3.63712
0.459116
1.94909
0.933081
-0.136277
-0.424927
4.53206
0.466179
-18.0705
9.79503
-0.817722
3.11542
0.422292
1.42126
0.197432
0.804039
-2.68203
-0.678899
1.52379
27.746
-0.444613
-0.560149
1.07974
1.35025
1.03849
0.955243
-0.907951
-2.0123
1.12526
-1.43818
-0.8961
-0.484212
0.137847
4.70411
1.70653
0.423144
2.38867
-2.37421
-3.13928
0.147806
-0.380048
-0.200319
-1.10967
0.460614
-0.0305254
2.01091
0.908903
-3.47716
-2.73776
-0.28601
1.00626
-1.65985
2.19057
-1.08359
-0.36291
-2.1185
8.04307
-0.592797
1.42455
5.0959
3.7645
-2.67613
1.32122
0.100586
-6.37998
0.854469
-0.112526
-0.480331
-2.19412
-0.729967
1.77803
0.838047
-1.51113
1.1907
-0.0629304
-2.09564
4.69584
-0.246129
0.675097
-1.13888
-0.605909
-2.91819
-102.241
8.72601
1.4259
0.108996
2.01062
3.06941
2.32281
-0.295301
-2.67595
0.357305
0.0687626
1.18354
-0.767579
-1.47643
1.09713
-0.867658
0.684136
-5.92666
0.216114
-0.52213
1.33239
11.8843
0.525671
-0.0940137
-2.1601
-0.220238
-0.960861
0.564259
2.03104
-0.914474
2.67645
1.75942
-1.84673
5.81441
-4.31307
-1.161
0.171045
-0.0286444
-3.19016
1.63287
1.50701
13.5975
2.42723
0.157527
-0.157975
-0.179314
0.77795
0.778942
-0.428574
-0.497279
-11.7763
0.400922
-2.56323
-0.0347049
-0.65105
2.48449
-1.93297
2.14149
0.296042
2.20661
0.626287
-5.68414
0.480713
-0.605731
-0.0688685
281.033
-0.887031
0.50255
0.472601
0.153902
0.992493
0.704643
0.72031
-4.75756
-1.65699
-1.29369
0.381798
5.06951
-0.367475
12.0672
-0.219034
12.2023
-2.33378
2.78928
-0.752444
-5.38658
-3.40373
-0.673739
0.0948192
2.12378
-0.0723408
1.96748
0.275315
1.26235
2.23792
-2.12972
-0.596683
1.17761
-1.77971
0.322455
0.782602
0.151984
3.18491
-1.99474
2.38864
2.35869
0.146894
1.40699
16.8757
3.99942
-3.89656
6.17303
-2.69677
3.12836
1.03742
1.02912
-37.3905
4.3773
-0.0681776
-1.65017
-0.51411
0.773855
-0.0900551
-72.9903
-64.2447
0.247289
1.40992
-1.01245
0.43742
1.53836
0.276805
0.295629
-8.50236
-0.641837
-0.300997
-1.02481
0.141622
0.342965
-0.609187
-0.843648
0.529695
0.966315
0.142405
-1.16793
3.86718
3.46711
-2.0081
2.64428
0.0230268
-7.00971
2.13894
-18.694
-1.0012
-3.59037
-109.25
0.505663
-5.03333
0.949858
-8.81234
-1.02207
0.734211
-1.39736
-0.47345
0.39711
26.074
0.844032
14.4136
-0.98937
-0.390413
4.70428
-0.557394
-0.0915455
2.71648
-3.09846
1.62499
4.63849
0.684931
11.5465
2.63451
0.18942
0.327798
0.521083
11.4747
-0.547167
1.799
0.22577
2.22599
0.557899
1.05687
0.0878984
2.92834
1.68241
0.626973
-0.468049
-377.368
-2.33494
-0.405957
5.74099
1.48092
1.16471
-1.51111
-0.349156
-0.137305
1.40516
0.245361
-53.269
-8.15396
0.684693
3.24287
0.0709112
9.03563
1.39928
-2.11804
-0.143711
3.75128
11.0235
1.10992
-0.491812
1.53201
2.18629
-0.997977
-2.5841
-1.20177
1.15911
0.238562
-0.641053
3.23983
9.32273
-0.226558
0.203487
2.93595
0.310055
-0.461465
1.09288
-0.0375452
-0.37067
-9.57057
-2.90178
3.65404
1.07622
-1.11334
0.464369
-2.04512
9.9367
1.61642
-369.641
1.20064
-0.497586
-2.98827
1.53237
-3.50675
-63.4873
0.53556
0.0531271
-2.09192
0.350974
3.19579
153.085
1.84188
3.10767
-0.784929
1.65572
-2.38532
-2.3859
0.682157
2.61477
-0.476212
-0.403969
-1.61265
0.441433
5.54991
-1.20831
0.460773
11.969
-0.601177
5.55991
-0.651564
-0.323142
-2.27085
6.51204
-1.45147
3.4546
-2.44056
1.52526
1.85893
0.238428
1.14132
1.15552
0.520885
-0.312332
1.06603
10.4054
2.46077
30.9916
-0.909301
0.266458
-1.75227
0.398282
5.00976
-3.14558
3.86434
-0.695208
1.33655
0.624237
0.409327
5.50207
4.70122
-1.90392
2.1396
-0.856981
-0.0376746
-3.25746
-0.229979
-7.33438
-4.79517
-1.11787
0.777841
4.21172
-0.469725
-1.46286
-23.2363
1.1956
1.90874
2.96045
1.36849
0.818257
10.0144
0.551227
-4.42245
4.14211
-2001.81
3.59274
-0.0352528
-0.599073
-0.402063
2.76035
-0.481745
-1.82351
4.81063
2.18337
3.17035
0.459534
-4.11908
-1.06544
1.9646
-0.0197256
-1.11258
0.194366
-0.171103
3.03593
-0.59134
0.434224
0.790206
5.55759
-0.834576
1.31201
-5.04576
-0.289149
-1323.43
1.20546
3.94897
-1.68333
-1.24957
-0.812811
-0.368695
-2.33178
-2.89312
0.617885
3.98482
-1.94569
-5.21475
-0.00820162
-0.678465
1.73141
-10.3019
2.19282
0.574793
-3.18366
-0.653617
-0.265897
-1.14786
-8.31448
-0.277491
0.254062
-0.888277
7.39444
-0.483651
1.45794
0.0215038
-0.300798
4.38617
1.00931
1.3297
-0.543531
-1.17519
0.352804
-0.376477
-0.145756
3.78964
-0.0487802
-0.70024
-0.0218536
0.191976
-1.67081
0.702859
2.37581
-22.3597
1.23965
2.5016
0.900479
-2.30235
0.049365
1.4286
1.88681
0.507916
0.962834
-3.62956
1.48268
-2.07708
0.93095
-0.315636
-0.0239638
-0.055797
0.034701
-0.329173
0.590058
0.707234
0.655106
-2.03066
-0.890081
0.125714
1.65439
-2.8903
0.975028
0.800545
-3.28909
4.28542
0.433219
-3.20785
-0.979043
-1.36163
-0.635933
-0.400205
4.585
0.495105
-10.7709
0.768868
-0.570141
-4.3933
-4.05134
-7.25539
1.54821
0.0584424
-2.45541
0.894656
0.162949
1.70628
4.34891
0.0308499
0.580696
1.25774
8.20239
-0.878429
1.40119
1.19512
-0.506996
0.660224
-1.62523
0.265996
-0.0379683
0.809365
-1.6222
-3.03044
4.54263
-1.93975
8.00184
-1.26054
-13.1502
-2.14494
0.181494
0.357908
0.72416
4.49392
0.304923
-1.27263
-2.15097
-0.141594
-0.636534
-0.223456
-2.53678
0.245559
-5.42221
-0.106095
11.6303
0.272349
-1.12622
-1.48997
15.9996
1.79135
-3.18056
-1.26425
-0.956785
-3.06905
0.0664814
-0.607469
0.537731
1.35625
-0.0307642
10.2605
-0.44266
1.20608
-1.27911
1.43679
2.63528
1.44201
-0.836387
-1.18084
0.817019
-0.136602
1.11303
13.873
-0.226542
0.17719
-0.562235
-24.9826
0.563981
0.452205
-0.0663581
-2.87631
-0.588064
0.443655
-1.20359
-0.691084
-5.78926
-1.22518
-0.0118905
-1.0082
-0.626741
4.25234
0.371817
-4.67556
1.59121
0.0431676
2.38119
1.53144
4.35142
0.487986
-10.0663
0.128752
-0.459679
-0.407961
-0.982523
-0.032927
-0.447736
3.52204
-0.174665
-0.125346
-0.460042
6.73061
-0.443116
-0.140046
-1.11298
-1.11068
1.90766
-3.82352
-0.473046
0.500109
-0.165514
-4.10571
-0.54636
-0.133748
0.945478
-9.11948
-0.332653
-0.0424295
0.710176
-0.528576
-3.60786
0.481811
-0.532786
-0.59581
13.436
-0.539448
-0.503363
-3.49109
0.127105
0.480549
0.739669
2.13219
0.456919
1.06751
-1.06212
-4.15551
-1.71222
-2.31881
0.90476
0.329885
-1.68639
-12.8664
0.58371
0.63924
2.02507
2.73243
0.444676
1.85644
1.41999
1.66674
0.494836
0.643671
-0.935017
-0.683601
-0.539957
0.251321
0.592289
-0.737876
-0.762213
0.865763
0.401769
-2.05516
-0.134834
-0.00013831
0.818179
-0.135661
1.3355
-0.309406
-8.66522
-2.60971
0.0767925
0.279711
1.54845
-0.227226
1.04375
-1.60842
-1.39844
0.121035
0.870111
0.481318
-0.0334893
2.18078
-0.577271
-0.952879
-0.595901
0.259583
-0.132397
2.1008
-1.58127
-1.59584
-4.87735
0.924996
-12.5731
-5.46712
1.82303
0.979232
1.43424
0.275161
-0.421039
-0.104403
1.70487
-4.67391
0.811632
-0.733189
0.959307
-1.28385
-6.20501
-1.12354
1.4882
-1.46499
-0.755521
1.36571
-1.1854
-0.920883
-141.797
0.00948449
0.725991
0.066564
-1.67541
0.0272867
-1.24091
-0.0908335
3.59113
0.073615
-0.258751
-1.11787
-0.189712
-0.193033
29.747
-0.404963
-0.570025
0.0930891
1.97457
-2.61764
-0.578722
-1.70375
5.77354
-1.38349
-1.13538
1.13166
-4371.43
0.523139
-0.639867
1.80187
3.94632
0.0271154
-0.555758
-1.3058
-1.20814
1.22745
-0.0390293
1.65571
2.87791
-3.32228
-18.0505
4.41931
-9.43488
-1.19118
0.733617
-1.21692
0.480808
1.00581
0.267133
-1.88329
-1.14385
-2.6682
3.11038
5.5228
-2.04314
1.64529
0.561483
-0.693654
-2.69588
19.0441
-3.716
-0.0726552
1.47521
-0.974056
3.72391
-0.40153
-2.83409
2.33333
-2.11936
0.667931
-39.571
0.0384907
0.67538
-1.05718
0.284845
-1.13159
12.2465
0.685785
0.855991
-0.585415
-0.388239
1.55522
0.256514
-0.0398415
1.00462
-0.866758
3.84232
9.10813
-0.510399
1.27511
2.21121
-1.44441
0.272746
-0.517758
2.65431
0.56287
-1.09198
22.8369
-0.23747
-0.927434
1.30121
1.80506
-0.180943
-0.318131
0.346495
1.90179
1.59944
-0.0466483
-1.59383
0.0145311
0.0342712
1.66711
-0.194636
-0.169111
-6.38109
-1.89845
-6.20122
-1.03305
-0.260911
-0.016307
6.89446
0.957243
-0.658336
-2.02006
-0.341288
3.20043
-1.88526
-1.0905
0.205902
-2.13441
1.73758
-0.423803
5.11749
-0.830673
12.8264
1.5467
-0.123452
3.114
-10.7145
-1.74963
3.4468
0.230687
-20.7158
4.09782
-0.734695
-1.07848
-2.57045
0.106592
0.349078
-0.609198
-0.0517194
7.72124
-0.230127
-2.34011
0.798386
-0.729755
-3.96057
0.241366
-1.12082
-1.99483
1.34795
0.656864
-0.798541
-0.156631
0.653746
0.574192
0.43016
0.805844
1.45952
3.24802
1.06475
0.285373
0.217985
-0.89166
-0.179857
-30.5973
-0.409316
1.45551
1.16599
0.470771
-0.743966
-0.416708
1.5368
1.01978
-0.851999
-66.6736
2.63938
-0.769207
-0.211297
-13.2751
-2.04346
-0.411983
-1.00748
1.05512
-0.336025
-0.445485
0.941809
7.74936
-11.3436
-0.133675
0.698136
-0.185976
0.847401
-2.2878
-0.814572
-0.855029
-1.56819
1.15963
12.2753
-0.885077
1.18247
0.0340892
1.674
-0.642824
-0.892267
0.0521843
-0.143594
1.10647
81.7898
4.88182
25.4981
0.0858727
0.157509
0.554369
-0.814992
-1.75633
8.88118
-0.156748
2.3471
1.11779
-0.253439
-1.76753
-0.580996
-1.94026
-0.413694
0.519838
0.542917
0.443612
4.77121
-2.31371
0.289012
-0.778318
3.76513
1.53709
0.18021
0.33302
-1.00455
-1.55467
1.09715
1.73802
3.19054
4.00895
-1.19284
11.0408
-0.520671
-1.1202
-0.227289
4.23901
-5.65494
1.09163
-0.568032
1.12373
-0.304446
-0.914766
0.984702
2.13596
0.216816
-1.11054
1.2959
1.18284
-0.012324
0.132942
-0.876005
-9.93874
-0.177566
4.55404
-0.994051
-1.53156
-0.236954
38.3945
-12.1204
-2.64368
-1.31084
-1.33686
-12.9497
-4.98939
-1.684
-15.5879
1.25447
1.08405
-0.794327
-1.89929
-2.3117
-0.396803
-0.802341
-1.72423
0.794071
0.986762
-2.05807
13.4383
-74.6072
0.716175
-2.82194
-0.110038
0.0815102
2.34453
-0.768059
-1.17849
-0.0666141
4.90592
0.827697
-0.00494322
-1.70741
2.69573
-2.59419
-1.00487
-0.849378
1.02665
-2.16685
0.770057
-3.63364
-1.97505
3.4617
-1.49159
2.73392
4.1143
-4.6018
2.01069
-1.34857
-1.30339
0.790569
-1.33983
-0.644003
4.33725
0.534069
11.9356
-0.741404
0.825493
1.09685
-0.143866
-3.77689
-26.0407
-1.09599
-0.844152
1.16632
-1.61266
0.43054
-0.195935
-3.68642
1.01624
0.206807
-1.34915
0.432435
-0.949608
-4.9788
0.578415
-39.7857
0.498823
-0.253915
0.918019
-0.097407
-20.8511
0.609174
2.47137
-0.0279528
-0.380556
-1.66181
1.19622
0.194447
-1.33166
2.7899
89.0726
-0.355503
34.789
-0.584118
0.446649
-0.415663
1.512
0.210207
-0.430128
0.0590968
-0.300466
6.01812
27.8077
1.03547
7.48407
0.494576
-5.69094
-86.0793
0.0232608
3.61156
1.28781
0.506288
0.8906
-0.725238
0.775294
4.1752
-1.00565
-1.01246
4.29792
-6.49867
-0.205727
1.18242
3.0621
-0.181907
0.310696
-2.07707
-0.767683
3.07824
-2.00026
20.3543
1.96815
-1.28633
0.108024
-1.90617
0.603392
-0.057519
7.00755
-0.604066
3.24425
-0.450919
-0.435754
-0.307627
2.16148
6.43872
-18.4716
2.50735
-169.892
0.495204
57.5504
0.458128
-0.388761
0.237668
1.52874
1.62462
-0.897817
-0.227196
0.439014
0.46087
0.440706
-0.874247
-1.75623
-3.8776
0.583293
0.456809
-1.99932
10.4347
-0.456365
1.64938
0.916403
-1.0352
0.551126
-2.90464
-0.565975
-1.636
1.08155
0.376294
-0.293958
-0.391267
-0.296428
13.2916
2.46475
-0.484205
1.07233
-2.6693
-1.48556
0.585199
1.77789
1.75988
-1.48795
23.8294
-0.757504
1.26895
1.47984
3.38944
0.943681
-0.933708
0.942686
0.719965
8.07596
-0.496289
0.599744
1.66264
-12.0958
-1.88331
-3.3516
-0.557491
0.135446
-2.94063
0.473679
-4.5885
-0.198945
-0.342568
-0.0716522
-0.475095
0.606323
0.333991
-1.50514
-1.55555
0.224492
1.92797
-0.338061
-2.67071
0.350201
5.30723
-0.0575178
-0.0361376
2.98974
0.145548
-181.092
-0.617279
1.78718
0.280483
-2.57357
-8.33109
-0.728945
-0.389346
-1.98141
-0.35936
0.520846
0.410295
-0.195662
-69.0664
0.244843
0.328067
1.53663
-0.752966
15.3623
2.63611
11.7252
0.511418
0.892132
2.56333
0.265759
1.80811
-0.371603
-8.97543
0.534093
-0.603944
-1.55524
13.6593
0.451733
0.0571898
-27.911
-1.44943
-0.181761
-2.82211
1.02602
-1.09886
0.395724
0.429425
-1.78517
-0.614504
-0.302652
-0.723551
0.0720155
-0.0382995
8.91413
-1.12562
0.210113
0.340218
-5.43583
-0.152629
0.52596
0.196932
-2.62225
6.58688
0.12835
-0.102335
15.008
0.385713
3.35004
-5.09513
-0.377466
-0.416726
4.33947
-2.96651
-0.727242
0.66605
1.89359
1.27277
0.394386
0.409593
-0.515441
-2.45478
0.180884
0.103131
-0.799634
0.011996
-0.635753
-0.54323
3.35113
8.16454
2.5331
-0.0702389
1.20063
1.64389
-1.0799
3.4853
-9.97778
-8.64724
0.632022
-1.62813
3.82665
2.4944
0.705771
3.00567
-0.286923
-0.186994
3.97468
1.51496
2.59554
-0.0659744
1.12177
0.0491068
0.886497
-0.829803
0.85681
1.01127
-6.48088
0.639944
8.99653
-5.21741
-0.0141355
0.0150493
-0.816028
-3.41577
-0.358999
-0.882471
2.87425
2.07783
-2.88727
0.658321
2.37114
0.206074
1.41636
-1.98509
2.28658
-6.53237
1.27277
-0.539684
0.334465
8.06108
-2.80193
1.4184
2.60331
1.37524
3.63164
-1.66464
0.819524
-0.0732575
1.21475
0.0176197
-0.299502
-0.725756
-1.22156
1.43899
8.65575
1.18873
-1.12385
0.585836
-1.32788
-1.24133
0.054834
0.288068
5.22669
3.30727
0.368397
-3.67345
-0.732886
1.77474
1.34972
1.43429
-0.365785
2.10126
0.0120872
-0.0786592
-1.6244
-0.674429
0.62504
-2.05568
-0.0773514
-0.214872
1.83774
-2.03845
1.66111
0.960939
-1.13026
-0.1142
0.100415
1.42238
0.919336
-36.5931
11.7539
16.7577
-1.10696
16.1924
-6.60595
-0.643959
-0.650843
3.87653
-0.450369
-8.27072
-0.560807
-0.917035
0.4546
-0.229221
-11.2291
-26.3333
-0.130204
0.532441
0.109677
1.37107
-0.62394
-14.9504
-12.1231
-0.684636
-43.5477
12.949
2.70446
-0.689094
-1.45721
0.38297
0.19798
0.565524
-0.587431
0.122196
-1.01104
0.559384
-3.01507
-0.313163
-1.49639
-0.0222698
-0.592461
0.91038
6.81644
-1.15196
-0.720813
-3.03668
-2.03744
11.7702
-0.541072
0.969827
-1.33166
-0.0207585
2.28049
0.353772
0.362255
-0.26831
2.39932
5.27569
0.834021
0.546671
-2.14382
1.34561
-0.241976
-1.51202
-2.73971
0.613358
-4.36693
3.36746
-2.71194
0.274158
0.262874
0.468597
0.521723
0.925453
0.989254
1.22121
-0.27365
-0.10932
-1.13156
-1.62452
1.83532
1.22688
-56.0225
-0.553009
0.115925
0.218553
-0.0799058
-3.54781
4.85128
-1.81159
0.517812
-7.93809
-2.99256
-0.0180684
-2.47128
2.6582
8.05124
0.12799
-2.64221
0.143617
0.990911
-2.64398
-11.6335
-1.14371
-0.0730341
-1.28743
-8.18451
0.164581
-1.38423
-1.73024
-4.22277
-0.979001
0.402364
-0.108967
1.96369
-4.58068
-0.197169
-0.119193
-0.185911
1.1717
-0.631613
-0.521936
-0.178551
-0.736304
0.231276
0.492395
0.562529
0.51685
0.289419
0.178642
-7.17019
1.2035
-46.4523
-0.512056
6.38049
0.0574403
-1.11195
-0.129699
0.588057
15.8002
-2.59434
1.62322
-0.658137
0.427804
-0.397895
-0.734229
-0.86362
1.19924
-2.33433
-1.91125
-2.95863
-0.173249
2.09692
0.384545
-1.67054
-0.879407
-0.215221
0.0764572
-0.777215
0.0488613
0.509816
5.38908
-0.833346
-4.08457
-4.06465
1.03445
-0.223571
-0.591818
-0.928107
4.62101
-0.0160279
1.97144
-0.364973
-2.42832
2.91228
4.52459
-8.7564
-0.269378
-1.9524
-0.428477
-0.0916497
3.27474
1.51227
3.11059
-0.926539
2.55695
0.261044
-1.06753
0.437738
-0.0383368
-0.463337
0.130439
0.936495
-0.596182
2.6555
-1.01841
-1.80751
-1.92962
8.00431
0.604591
-0.468346
-18.0919
-0.695905
1.1137
-0.436858
-1.49274
0.605017
-0.0617519
2.32983
15.5407
-0.0111632
-0.136443
-0.0785744
0.188729
0.326947
-0.676976
0.0293971
-0.739069
-1.1958
2.44262
-0.655619
-1.05781
-0.208521
0.360785
-0.112052
-2.4797
1.33647
-0.792758
-0.428408
0.530455
1.29296
1.43268
-1.16683
0.180827
0.00105113
-0.574704
-0.972809
-12.9697
-1.66527
-1.46362
-0.939504
-0.399037
-0.725633
10.4631
5.40268
-2.22108
-2.27303
0.795302
0.0252991
-16.914
8.74386
3.72661
-1.43619
0.348836
-0.0117192
-1.25
-1.15731
-0.70834
12.0233
2.9675
-2.89947
-0.644132
-0.739878
0.405792
0.391152
-1.28805
1.48443
-0.07083
0.238919
-0.156862
-0.541718
-0.754576
1.04231
-2.81313
0.322801
-1.23566
0.690377
0.4122
10.4697
-38.2907
-0.564631
-2.21305
-72.6083
0.0209435
-0.121275
7.07343
0.201654
-0.281421
1.36571
0.0338686
2.25611
0.424669
-1.52621
1.24361
-1.65526
-1.72517
-0.733025
-12.8846
-8.47908
-0.121098
-6.37367
1.40143
-0.204828
0.976264
-4.69545
-2.79612
-1.55185
-4.60448
0.881042
-0.694596
-5.19265
0.393298
0.7977
0.741894
-1.49481
0.305032
-0.0722241
3.54301
1.50569
0.697104
-0.0789282
-34.6655
4.45228
0.0419164
-1.62447
-0.652472
0.543165
1.19023
2.12286
-0.304223
-1.55492
14.5744
-0.496405
1.22319
2.38356
-2.78333
0.507947
0.855057
-1.47827
-0.696048
8.0744
-1.07871
-0.883179
-1.09283
0.490332
-6.97459
-0.796354
1.60719
-0.258643
2.67005
-0.0220293
1.67456
-0.902264
1.92043
1.50875
-1.1119
0.673257
1.21979
0.28508
2.35576
-2.81524
-18.23
-3.11068
-4.98423
-0.986939
0.103446
-0.0356034
0.644552
1.20621
-0.475442
-0.632631
0.824248
-0.0761416
-19.3228
0.114723
0.81529
0.983523
-2.13973
0.204547
-0.38287
0.991285
13.3794
0.103937
-0.28429
-8.63326
-0.316914
22.9153
0.891183
1.9881
-1.75253
-0.590813
2.94246
-0.351453
-1.35715
-0.185529
0.107979
-0.55984
4.77581
-6.96399
-1.28467
-0.843076
-3.19626
-3.89463
0.522079
0.150423
0.362712
-0.0665495
-1.02342
-0.799595
-0.911389
1.76827
-0.190356
13.1412
-0.408228
0.0711013
0.37493
-0.805404
0.320261
-0.244686
2.33377
-0.76995
0.267808
0.318065
2.24028
-2.51883
-2.11221
-2.10851
-2.46637
0.844088
0.642409
0.254379
0.328976
-1.62861
-1.67509
0.407092
-0.66302
1.74617
2.23344
-0.0222262
1.03844
-0.528876
0.713478
-1.84875
0.6793
1.19139
-0.434385
1.07585
-0.574509
-0.0973389
-0.347878
-0.369511
-6.81812
5.17993
6.90343
0.11964
-1.05097
-6.15631
8.0143
7.60236
0.0886247
4.76315
-0.745729
-0.793686
-0.621305
13.1012
1.66784
-135.348
-0.780338
0.451674
-2.7682
0.861344
1.04177
-0.615173
1.77011
-0.615877
11.982
-0.238777
1.22691
-0.361587
-0.863432
-6.35428
0.937621
0.197844
-1.07798
-0.832899
-0.507795
0.958292
2.67189
0.60221
-0.129656
-2.10491
-0.244555
0.241002
0.247743
-1.78102
-0.0277614
0.865993
5.18291
-2.86372
-0.114368
-1.29831
0.124571
-2.9254
-2.40307
-0.61876
1.08907
1.09355
-0.951262
0.611043
0.804139
-3.46134
0.965914
0.147181
-2.41592
0.879827
-0.0532611
-0.374201
-0.504628
-0.579204
0.149863
-2.10454
-0.885631
1.56461
1.36935
-0.109431
0.441812
-0.00371141
3.31546
-3.64632
-1.37598
-2.64351
-0.959041
18.3149
3.63035
-0.0239163
-1.52788
-7.09955
0.649835
-0.201589
-0.0956878
1.08477
-4.96629
-1.93574
-0.419165
-0.883262
0.631262
0.902558
0.235203
19.4467
-0.921525
4.89067
1.262
0.874081
1.7836
-0.58114
0.617448
0.582694
0.944016
-0.213187
4.23315
-0.233058
0.670615
-25.324
-0.68379
-12.0375
-2.3422
1.43932
-0.775463
1.9425
-1.49045
4.25583
1.14325
-0.122625
-0.0360858
-0.870455
-0.672649
-0.0651987
-2.21006
-0.14486
-13.6737
-1.54241
-9.45137
7.22893
-8.71812
-0.0284383
1.08093
0.623794
-2.43361
3.98903
0.92423
0.0965362
-81.453
-0.258798
1.60956
1.9796
5.07321
11.8493
2.87923
0.146288
2.47383
-2.37031
-0.872769
0.372872
4.6489
-2.66145
1.96973
-0.525495
0.271708
-1.27586
-0.110626
-0.210228
3.92535
0.142424
-40.1463
0.815768
-3.92176
-1.58123
0.662165
0.297922
0.0809027
-0.974992
-1.84192
-2.80751
2.25807
-0.817279
-0.993131
0.772319
30.2869
0.276584
1.73677
-1.00962
-1.00572
-0.651437
-2.34741
-0.75465
-0.97089
3.96177
-0.150705
0.211724
-0.488872
1.03725
-0.706989
-0.700002
-1.97741
0.0891454
-0.553953
40.7548
-2.35443
1.60676
14.7543
-0.98911
0.811286
0.226823
-0.256177
-2.30034
2.26614
-0.459102
-0.026531
-0.636684
1.1843
0.290854
-0.474029
15.7411
-7.10184
1.41705
-1.35754
4.20001
1.18403
-2.73896
-1.5982
-0.814833
1.61532
0.177477
0.766533
-0.984375
0.545305
-3.18343
-82.7943
1.595
-0.337135
13.2885
0.00987811
0.751692
-0.176139
13.6372
-0.402545
-0.244499
1.06169
-1.25937
-0.241201
4.34135
2.52371
-0.960694
4.20909
0.688283
3.33634
1.76528
-0.504644
-0.931939
-0.588654
2.56291
3.95017
-3.37672
-1.97624
0.532796
-28.2501
-0.44971
1.01394
1.18381
1.01936
-2.78999
6.88045
-11.9394
-1.44933
2.33195
-0.893123
0.885804
4.42045
-1.43567
0.231128
0.209471
-1.26719
-2.05978
0.09135
-2.17559
-4.65385
0.516168
-6.11612
1.11613
-1.07481
-1.64463
-0.827705
0.834048
0.474848
-0.301443
-0.537822
-0.123534
1.89647
6.54861
-1.03298
-5.5614
1.88158
0.0516656
-1.53924
1.36133
0.401233
-0.699328
-0.23732
-18.6914
-1.93432
0.924203
65.4311
0.587114
232.046
-0.206736
0.141286
-0.172519
-0.235214
-0.10294
-2.27343
0.863587
-0.778383
4.11365
-0.118228
-1.29383
2.31563
-0.838017
-1.59122
-4.75588
1.29545
-0.0402331
-1.0063
0.782968
-0.0114706
-1.20689
-0.669605
-1.16165
-0.450651
12.7552
1.78317
0.37256
2.16066
-0.249902
12.3207
-0.812444
-0.341179
-1.97175
0.0117812
-0.998175
-2.33581
-15.9223
-0.316599
0.429693
0.435972
-0.565582
3.28545
0.0388466
-2.47324
0.994764
-6.03442
-2.00485
-0.568464
-2.27247
0.0609454
-0.619298
-0.360155
1.06501
-0.621307
1.28825
1.80969
2.02144
-0.299003
2.0586
-0.754058
11.2426
0.164281
-2.66514
1.37123
-4.26599
1.2492
-1.02823
0.71349
-1.95074
-0.153755
-0.467122
-0.0836426
-1.31515
-0.0436555
0.0489174
-1.04002
-0.514918
0.18936
-2.97426
-1.5628
-0.155831
0.0982828
-1.12022
1.02935
4.18418
-0.0683521
0.514378
0.111322
-0.0686505
-0.938669
2.48646
0.399862
-1.3477
-0.322586
-4.61113
-1.03059
-0.348427
1.56944
0.426337
0.743528
125.957
-0.017569
-2.1016
0.044199
0.411902
0.131114
0.24519
13.9426
8.78092
-0.0703277
-2.78091
-3.102
1.79359
1.1239
-0.684532
-2.90405
0.571816
0.518738
-23.918
0.49616
4.42755
-0.910532
-3.441
0.864614
-6.168
-0.162496
0.295504
-2.07805
4.85905
-0.873953
0.833859
42.5231
-1.07575
-0.589805
-0.405556
0.555674
-2.38736
-0.185058
-11.9888
6.30102
2.45107
0.0750401
0.105999
-11.2166
-0.813591
6.10954
-0.369763
1.50608
-1.29259
-0.972754
1.01837
1.72548
1.86219
-1.3059
0.650217
-0.376522
1.39237
0.770965
0.189639
-2.29252
-2.9204
-0.825469
-2.07647
0.322917
2.55886
2.30405
-0.214188
0.412416
0.551721
1.91044
17.4718
0.368128
-0.105339
5.49054
-1.03858
-0.225964
-0.92244
-1.62335
-0.701994
-0.994489
0.0317328
1.96633
-1.22238
-1.78674
0.153926
12.9977
0.312972
0.870948
-0.992483
0.330552
-0.422084
-1.43188
6.47207
-0.237161
-0.861833
-0.259502
-0.532185
-1.34754
-1.04758
-0.645305
3.55779
1.42552
2.12774
-6.70005
1.22699
1.43435
0.427228
-0.201905
0.430915
-1.32212
-0.857528
-0.229055
0.777232
-2.98923
1.42746
0.775088
0.398593
1.52397
2.12131
1.40034
10.6118
-0.436277
2.92251
-13.8829
-0.983264
1.78139
1.04594
-110.942
62.5009
0.0373134
1.17622
-0.702875
16.3287
-2.45721
0.340926
-4.21101
2.15568
1.09941
0.759515
0.735571
0.0172693
6.99972
1.13951
5.24812
-1.49242
-0.455792
-0.268079
-1.01863
0.803835
-0.545417
12.4867
-1.12682
0.769008
0.846863
-0.609781
0.768663
-1.09431
2.86064
1.86883
-1.16127
-0.828629
-0.360671
-0.882742
0.509446
0.806792
-0.216951
1.41942
0.165275
-3.36863
-119.607
0.290665
0.127354
5.47161
1.07497
-0.167662
2.60653
-0.121429
4.77271
15.883
0.57823
0.891526
-0.992413
-0.497588
-1.73685
42.4615
-0.0773424
1.50915
-0.312389
0.0967927
0.28936
-0.269577
-1.00363
-2.12531
-3.6778
34.0669
1.09458
2.0192
1.21193
4.11922
0.0277355
-0.171208
8.51943
0.140335
-0.673514
1.91443
-2.48773
-0.434051
6.1988
2.00341
-30.0362
-6.95278
-10.799
1.97378
1.01429
-1.34829
-0.211677
-0.11965
1.89367
0.214133
14.32
1.59543
2.70714
-2.54066
-2.58668
3.27607
0.693921
0.182303
-0.894932
0.841207
-0.322466
-1.35886
-0.768723
-0.311105
0.346653
-0.0409498
-1.87272
0.258222
1.27558
-3.72594
-0.112402
0.767701
-1.54768
-0.623138
-0.0854057
-2.32832
0.533219
-1.05816
0.692881
-0.515075
-3.40913
0.0108955
-0.274052
-0.183547
0.159883
-1.09179
-0.277833
-0.100056
0.239387
-0.237866
1.23776
0.14512
0.193772
-0.182626
-1.95246
-3.68755
-0.956114
-2.83168
-0.901767
3.57307
-5.05178
-2.3648
-0.914637
-2.17352
1.46974
1.18252
-0.458647
-5.00901
0.582053
-0.178749
0.545825
0.443522
2.40027
0.381376
-0.423983
-0.589635
7.82956
-0.542007
1.08101
1.13826
1.29573
-0.996751
-0.564624
0.906075
-0.602341
-0.609984
1.08483
0.100782
1.63754
2.72565
-0.832004
0.676407
-1.57354
-4.26578
3.38998
-0.872761
1.59999
-2.41538
-0.749099
0.219337
-0.461371
1.47446
-5.5044
-1.10711
1.75738
-0.635367
-0.345553
0.0265647
-16.3879
0.825864
0.593526
-22.1332
0.888696
0.0772604
0.515403
-4.32544
0.0440231
-0.278177
1.60215
-0.110802
-0.0522066
-0.705782
1.32049
-0.11791
-0.611769
0.346238
1.07598
-0.097272
-0.63151
12.0643
-0.570921
-1.0387
2.50131
0.605476
-0.975989
0.55201
0.731542
-0.790668
-0.143537
-0.470441
-0.131139
1.75285
-0.525243
-1.69108
1.47796
-4.09966
-0.00485982
-1.4477
15.8492
0.621191
2.227
0.276702
2.18294
5.65929
-0.098312
1.88759
-0.412705
-0.887833
-0.794731
-1.21534
160.718
2.77426
1.5549
0.733357
0.966351
-0.412377
0.688598
0.875784
2.3752
0.52022
-0.87412
0.578878
0.147301
-0.115078
-1.9381
-2.83636
1.12329
-2.75905
-0.34064
0.491502
-1.14693
-1.44406
-0.552048
12.153
0.281682
-1.17943
-1.5659
1.50028
0.196643
-1.3616
3.29278
-0.268792
-3.63165
-1.6634
0.00437923
-5.75395
0.143966
-0.188827
-0.11732
-0.34688
4.87496
2.03376
0.489359
0.807163
0.724038
-0.38002
-7.71207
-2.10602
-26.7132
0.0468031
0.949614
2.41917
-0.158377
-0.792241
-0.27318
-1.82885
45.3642
0.239567
-0.205179
-1.88855
-0.569753
10.0236
0.673754
0.167041
-0.736268
0.0214061
10.5843
1.52845
-0.0710775
0.500422
-3.60159
1.2526
-0.101943
-10.7851
-0.301085
-0.0950294
-1.61886
-0.174878
0.159771
2.34591
2.53848
-3.58383
-2.97477
0.318621
3.88966
-1.34533
0.564483
-2.22029
-2.68966
-0.24947
-0.492519
-0.685787
14.3255
-3.9619
-0.505871
0.277917
-4.0814
-17.6826
2.8376
3.67666
0.690029
0.656299
2.86642
0.463108
-2.17799
-0.497925
-2.74815
-0.44974
-6.9475
-1.77734
-1.13794
-1.32267
-0.539288
-0.533799
3.22382
0.898381
-1.74998
0.0194617
-0.137704
1.15494
-1.98725
0.455698
-0.225031
-0.218117
-0.2966
1.85345
-0.854593
1.95328
-1.39818
0.534407
-0.343969
-0.391517
-0.972222
0.161029
-3.99324
-6.36701
0.516624
-2.54438
-0.0574569
0.811968
-3.1417
-1.09455
839.31
0.910311
-104.239
0.87529
2.33383
2.33229
-2.206
0.30694
-7.31472
-0.835953
1.39169
-0.300863
0.736168
10.4765
-15.9364
-0.350329
0.534416
0.434811
-0.547215
0.341519
-2.26196
1.22643
-0.598731
-7.08893
-1.36311
-0.531306
1.89495
1.73048
-2.13129
0.444866
-1.4286
0.128241
-0.397887
-18.1785
-0.255572
2.01526
-1.62228
-2.922
-1.47666
0.0398153
-1.86925
5.53088
-0.000190524
-0.490789
-0.60485
-1.95918
-2.73059
0.318866
-0.945963
-0.486299
2.88139
-0.458041
-0.0234576
0.82569
-0.545245
-1.42219
0.483131
-2.57776
-13.7954
0.439774
0.110713
1.16243
-0.195815
-0.228583
-2.50272
-1.14069
-0.625623
0.982015
-1.38636
-0.657972
-7.36421
0.497167
-0.879418
-24.468
3.49786
-0.610881
1.96124
0.361777
0.988336
-0.33279
12.0566
-1.05561
-0.152809
1.73197
-2.53251
1.11841
-10.2503
2.95103
-2.32961
0.329482
7.61705
2.6386
-0.780581
0.614895
-0.53456
11.773
0.594392
-4.45806
-0.459038
0.647938
0.912464
1.39407
1.7127
-0.288704
-0.0287247
0.803775
-1.42574
3.00347
2.86563
0.976158
0.615697
-0.332542
-0.0126114
-1.25608
-0.684747
-0.45197
0.278775
0.689888
-1.81092
-1.08871
0.569064
-217.517
-0.547475
3.02732
0.835011
7.12668
-0.786554
-3.64382
-1.43548
-0.149945
0.740701
-0.248853
1.50932
0.065206
-5.82115
0.405276
-0.89042
0.0684157
-1.24074
0.183882
237.977
9.05159
0.695957
0.0936946
0.540837
-0.126723
-0.258734
-1.5715
-12.7893
-1.13365
-4.50792
0.350981
-1.62911
-0.352696
-4.11176
0.695596
-1.09185
3.23252
-1.32348
-0.983732
-0.069664
-12.3421
0.384672
0.564026
-0.317394
-46.5579
-0.314533
93.498
-0.88704
1.85454
-0.535084
0.304634
-13.5943
0.195015
-1.11579
0.921736
-0.133575
-0.182651
-0.0935687
13.5879
-0.266526
0.334643
-0.354216
0.537472
0.0701125
0.211585
-1.54861
0.520796
0.299977
1.09867
-0.371593
0.216741
1.5541
-0.733489
-0.818201
0.629427
0.663913
-52.4338
1.12688
4.33396
-0.33807
-1.40704
0.248808
1.42274
-2.08857
-0.601775
0.496417
0.265783
-0.861568
-0.0953001
-0.126431
1.74362
-0.240821
0.0976418
-2.27793
-2.22096
-5.20487
-0.621223
1.6819
2.42235
-0.0628896
-0.256263
-3.38625
0.432284
0.176678
0.201776
0.115681
-0.845235
0.664381
-0.575473
-0.79578
-1.2606
0.106893
-0.319299
1.26177
0.595922
-0.884894
-0.943842
6.86411
3.3322
0.73308
-0.578183
-37.5463
-9.38949
0.350592
-9.1369
-6.87526
-0.983069
2.97057
-3.57642
-0.906957
-1.24132
0.400548
-5.58648
-1.77232
-1.58654
-0.28999
5.39032
3.38987
2.03968
0.259216
-0.567204
-0.0884362
-20.5925
0.346587
-2.26187
2.69378
-1.23028
1.36416
0.0572746
0.845334
-1.31968
-4.19479
6.97022
3.45336
-1.85073
-37.6889
0.634179
16.6219
0.138117
-7.89907
17.0264
-0.60082
-0.207218
0.477814
-0.811553
-0.0288988
0.726809
-7.69105
3.31914
0.0271571
0.463539
8.51549
-1.71773
-3.24798
0.271557
12.1425
-0.353169
0.67921
0.259522
1.26883
0.149465
2.45918
11.7873
-3.01866
0.0548596
3.16082
-2.64445
0.82443
0.0696682
1.98098
-0.515424
1.08239
1.91507
0.966974
0.812833
0.610695
0.0680877
-1.54477
0.321355
0.816906
-0.743696
-0.979604
-1.03867
5.16847
22.8685
0.277697
9.48566
3.82819
0.627114
50.5401
-0.162233
-0.00799771
-0.78438
11.5686
0.177477
1.64382
-1.89634
-0.987749
-1.3378
6.1696
-0.587498
-5.28842
-0.540011
-1.05921
-11.5704
0.457363
-0.738369
-0.203413
0.978698
-0.485157
0.358967
25.615
0.257929
0.0236711
-0.367956
0.678993
0.180921
109.032
10.2171
-3.36873
-0.340112
-17.0305
-2.95229
18.019
2.74807
0.520772
-4.24625
0.165334
-0.777488
-3.67767
-0.445871
0.690057
-0.463949
6.54551
0.429745
-6.04783
0.19985
0.365247
9.67802
-1.34745
0.0817253
-0.564541
0.215517
1.4346
0.0292117
1.53036
0.373889
0.433319
0.014569
0.189139
2.33791
3.52768
84.0362
-0.0358919
-2.4316
0.263869
-0.304283
0.331561
-2.47625
-0.410124
2.25134
-1.07091
1.22592
2.7086
0.272987
-0.275841
1.31552
-0.395405
0.037722
7.24526
1.0746
-2.5465
-1.35668
-1.56283
2.97403
2.09729
0.0732345
0.26975
-1.63628
0.123088
1.84477
-0.737909
-2.90947
0.626746
-3.59571
-2.20391
-1.31829
0.176349
7.17421
1.00323
1.06223
-0.666143
-2.54008
-10.544
2.8314
0.972735
1.58489
6.29945
-0.900651
3.00641
-0.653704
-0.196798
0.653848
19.6149
-0.374857
-5.49518
10.4165
-2.75395
0.0628325
19.989
13.5162
0.136684
2.10971
-0.504502
-26.4678
-0.589335
1.32952
2.36904
1.57221
0.172606
-2.65029
-0.491361
-1.47456
-0.128875
0.727531
-0.331445
-0.380272
0.316876
-3.9282
-13.9578
-10.6976
0.159903
-2.0584
0.501033
-2.12457
-16.0703
1.26623
3.67124
0.583299
0.880975
0.368751
4.93998
-0.739807
-2.19731
5.05378
1.38822
-203.291
-0.959519
0.0243631
-0.145306
-0.399855
0.341731
-0.00520937
-1.49048
-6.26648
3.37242
-1.53126
-83.1811
-1.1197
-0.322227
0.859156
-0.4992
-8.06354
-1.90327
-0.413561
-0.95711
-4.35797
-0.0283372
-1.45982
-1.75841
-0.148191
-0.407751
0.411011
-0.72131
-30.8013
-3.55966
1.20755
-1.98298
-0.43222
0.287342
-13.3758
0.470776
0.176458
2.45556
-0.26934
2.25072
2.24241
2.88297
-1.56606
0.86632
-0.375351
2.75217
-2.47707
-0.156573
1.04135
1.99242
0.970701
2.78866
-1.00274
-9.98996
-7.24903
0.0717774
-0.406743
1.66785
0.96785
1.24028
-0.664868
-4.77795
-0.948516
-0.312283
0.274714
-1.82832
-1.70657
-1.63354
-1.14668
0.17211
-0.538745
-3.17866
0.38334
2.63654
2.63607
-3.64438
13.7853
-5.23226
-1.70923
-6.08376
-0.0305657
-5465.97
5.49424
0.390926
0.484414
-0.973865
-27.666
0.862468
-141.817
1.09143
0.525099
-0.0831159
8.46309
-0.506482
-2.27751
-1.11757
-120.32
-0.340871
-0.930235
0.648522
-0.108609
-3.58352
-3.37396
0.0178557
-0.398351
-312.687
-2.7332
114.693
0.958217
-0.32893
1.19408
16.7152
-0.0669512
1.29722
-469.389
0.198207
4.21483
-0.374198
1.33469
0.168438
0.468184
-2.99995
-0.447762
-13.4733
-1.47237
-0.372829
0.473717
-1.98632
-2.41512
-0.550601
0.902997
1.1063
-0.427858
1.10518
-3.08448
0.807627
0.210836
1.25178
-0.709065
1.71991
-2.12661
2.82603
0.323087
2.6935
1.23364
-9.09974
-0.65221
-0.416766
-0.541965
-13.3501
5.94469
1.04896
1.39413
0.537928
-2.16936
8.35686
-0.065257
0.306844
1.3823
-3.53805
-0.0584705
-3.32745
0.906333
-10.0228
0.0823515
0.896233
0.311367
-0.333889
-0.170768
1.07503
50.5745
-1.0921
0.0461389
-1.44232
-1.3735
0.927696
-1.01027
-13.319
-25.9251
1.75279
1.01193
0.142707
-0.359754
-0.242312
-4.87864
-0.892919
1.59021
-1.37183
0.582629
1.31297
0.421725
-0.0387947
0.593135
1.41091
-19.2234
-0.768314
0.36975
0.957354
-789.52
-1.95166
5.41131
-0.573878
6.5385
-0.927985
-0.765428
-0.985856
-0.241589
-6.255
0.941865
-6.33083
0.620847
-1.22317
0.150273
1.28729
-1.78196
-0.05462
0.973164
-1.01713
1.11657
1.30192
-5.34277
-2.2127
-2.59016
-2.80186
2.98831
-2.01305
-1.3851
-0.472444
-0.328104
-2.80863
-3.37252
0.150404
11.2204
0.722158
0.532688
-1.66637
-0.207301
-6.92494
3.71856
-9.38453
-1.75092
4.47558
1.54844
0.759429
1.00253
-4.91606
-1.05038
2.85445
-2.33514
-0.159521
0.400584
3.76607
-0.956078
16.7563
0.0318431
-1.04411
0.0344921
10.6738
-1.7656
0.0875628
0.444316
0.997975
1.08268
0.0737475
4.23124
0.196693
0.758328
0.277387
-1.01595
0.314815
-0.425602
0.659873
4.64349
-0.531913
0.256642
-1.00705
1146.29
-6.96072
3.27771
0.320289
-2.93727
0.628111
-0.0316462
4.98057
4.89643
0.765337
-0.571031
-1.01308
-2.41988
-2.1192
-0.773063
-0.399549
1.52886
0.620885
-0.276574
0.270875
-0.0193144
-44.2096
2.02908
-0.584809
-0.354133
-4.8553
-0.999991
0.389879
-0.856012
0.158547
-1.22547
0.0236838
-1.33885
-14.894
-1.80876
-1.59931
30.8215
-5.76365
-0.16704
0.345783
1.67634
-0.910301
9.12886
-0.198357
-0.774747
-0.873301
-11.9188
2.65627
-0.355195
-0.300206
0.858323
0.426093
2.76673
0.0821142
-6.91697
0.219099
-9.5003
-0.73311
0.42238
-1.33151
-2.53615
0.30446
0.13224
0.530715
-0.68862
-13.725
-2.55356
2.62406
-1.17289
-0.44565
0.39402
-2.13971
1.42921
-2.00545
1.71892
-1.53034
0.736898
3.22813
0.131321
-0.444707
-0.384841
-5.10439
-0.515817
-1.2693
0.511371
0.676464
-4.68395
1.26391
1.98147
-0.220248
0.188857
1.96744
-1.08712
0.0608155
0.740661
-0.0172913
-3.35899
-0.361551
-0.179186
-0.402268
-0.00583205
-0.628902
0.285337
-0.765273
-0.0100991
-5.39614
-0.620562
-1.15136
-0.0849379
-0.67414
-0.110407
0.716191
3.36309
-0.82629
3.70249
0.195787
-41.8685
0.127164
1.64929
0.14794
-0.690681
0.0527337
2.11136
-11.9106
-13.4462
-0.116888
0.0166646
3.12509
-0.874663
0.50838
0.283148
0.418651
-0.270917
-18.9761
3.53169
0.120789
-1.30287
-86.722
0.365671
4.59678
1.43073
0.303182
-0.222944
-0.710387
-0.00179796
-0.116218
-2.2705
0.819
-0.359094
-1.09312
-23.1304
0.571748
-1.21791
0.876595
-0.706214
6.5553
-0.20704
-0.824268
0.240688
-1.74002
0.213485
1.37006
4.10889
3.80245
2.84118
0.580977
0.799208
-1.32152
0.239106
-2.79647
0.673403
-0.806917
-1.24739
0.558034
2.19108
-5.57573
0.135833
42.7389
14.8039
-1.61708
-3.31068
-5.73278
0.0473363
4.17192
-0.0661903
1.4381
0.424679
0.118482
0.983586
1.49644
16.3777
8.65453
0.455517
-1.42018
-0.402104
-0.910588
-0.915224
-0.498397
0.62308
-2.04922
2.16817
-0.434806
-5.45313
-2.80151
4.22206
-5.9559
-0.179767
-21.0871
-0.0837727
-1.48973
1.90384
0.394787
1.27016
-0.25387
-0.111902
0.329098
13.8393
2.39906
-0.515597
-5.62253
-0.969474
1.46824
2.60497
-1.70095
6.22935
7.70869
-2.83168
0.201653
3.54327
-5.74175
0.202258
1.59902
-0.285029
1.43314
-0.187177
1.54707
-1.72099
-7.30429
0.2526
2.61447
2.51472
-0.595047
0.272083
0.150548
-1.91615
4.41853
-3.34326
-1.22058
4.12768
-1.60053
-31.6792
1.23017
-1.05237
-0.886488
1.50275
2.31592
-2.2335
0.0562259
12.6746
1.17561
4.32937
0.828698
-0.961785
9.25753
0.901663
-0.840748
-0.73668
-5.22545
-3.11718
72.0328
-0.21532
4.53711
-0.0202262
0.0301149
-0.483317
-1.41936
-0.870564
-3.57807
-0.699292
2.81844
-44.8419
0.689132
4.38022
-0.793531
-0.383942
1.30798
-6.45821
-0.392448
2.45217
3.79002
-397.281
17.2037
0.2004
1.41662
-0.491294
6.47897
-0.832748
-0.0533867
0.120171
-0.438602
1.98592
0.757487
2.57488
-4.8341
-2.17121
0.604195
-0.019586
-10.1116
-1.01893
-6.10731
-39.7433
-0.124411
0.669848
1.50681
-5.23703
-0.883257
1.04742
0.801948
-0.410328
1.06201
-0.691915
-16.5855
-0.112332
0.250706
9.84067
-0.260742
-1.32065
0.090426
5.22095
13.9561
-0.503159
-0.58834
0.557358
-0.910537
-3.58287
0.0452104
4.36195
1.1741
6.22108
0.0980214
0.351991
3.36919
-0.144562
9.23559
-0.57456
0.602194
0.840758
-0.652964
9.21002
0.163547
0.771725
4.59625
2.13064
-1.45839
0.499038
-1.11313
0.0881008
0.00189998
1.23255
18.9334
-3.6249
0.165171
0.524742
0.171205
2.65092
-0.902284
0.436207
-2.98981
-2.04997
-2.7882
-2.30384
2.61944
1.27532
30.9221
1.24655
1.8696
-2.11324
-0.00486357
-0.400313
-0.109903
1.13034
1.0171
-1.24998
1.00942
0.287865
4.68795
2.44101
-0.20483
0.738016
2.67411
-0.219
-1.5917
-6.1773
0.729431
2.83453
-1.05862
1.01684
0.600796
-2.09504
-1.21875
-1.3384
0.449059
0.919697
-0.968827
20.2539
-39.3693
-1.4093
-4.1357
8.32879
1.58456
-9.57677
341.806
-3.7006
0.423387
0.760854
-2.14946
0.400176
-0.531733
0.279623
0.597218
-2.06056
8.12822
-1.70181
1.79212
1.59769
-1.00179
-1.09219
-0.849112
5.78379
-0.442928
2.826
0.300034
2.07298
0.629897
-3.05842
7.26494
9.76595
-4.10532
7.34903
8.05214
2.14007
-3.44444
-0.322521
1.08499
-4.68006
-17.0432
0.3637
0.217203
-2.39447
0.664197
0.360793
0.645079
1.10298
-2.88202
-1.96128
0.656434
-1.57106
0.275644
0.137003
-0.73062
1.45576
0.0774703
-1.90927
-1.44438
-0.684161
-0.551291
-0.846244
-0.687523
1.31778
-5.00341
0.192217
-2.15924
0.131085
-0.684725
-0.150744
1.74986
-3.09814
-0.193493
2.78348
-1.21321
0.776014
10.3841
-0.918867
0.683326
-4.27806
-0.649805
-0.2076
-0.768861
0.374682
-3.13665
0.112724
0.889395
-3.44091
-6.63134
5.71458
1.14576
-1.96528
-2.90512
0.263703
1.31926
4.59535
1.94969
0.68689
0.0602857
-0.365854
0.00334598
2.51425
0.221518
0.0455602
0.114223
-2.2172
-0.690241
-4.06698
9.36504
9.15419
-2.11596
-4.62586
4.05864
3.15017
-0.84113
-0.165412
1.03635
-0.534109
0.118965
-2.92942
-0.648847
60.4713
0.39055
-0.965427
-0.41523
1.65892
1.22559
-0.100678
171.74
3.56197
1.36099
0.185148
2.08288
-1.47931
2.54904
-0.181571
-0.665414
4.70147
0.226443
-0.354455
-3.34795
0.28056
-2.67195
2.37998
3.51309
1.14366
-0.72565
0.811404
-0.0256985
4.08255
0.109842
4.89127
1.9013
-0.593702
-1.26698
0.742483
1.31843
8.21296
1.94961
-0.728072
0.250666
-31.5994
0.714474
1.42367
-0.961687
-0.606239
0.494093
0.64391
3.74625
-1.76841
-1.38349
1.84051
1.50867
-0.351677
-0.307026
-3.66726
-2.49815
9.46409
3.81205
-3.40848
10.1577
10.3846
-0.0892535
-0.927417
0.00763106
0.435712
-2.14715
-33.7498
1.2556
-1.34318
-1.50031
-0.483178
0.331425
3.05007
0.0741288
-1.11505
-1.0473
0.259215
9.19647
0.0975272
-0.583344
-23.989
23.6508
0.725917
1.50508
0.925502
-0.490466
-0.607067
4.06971
0.0917571
0.370282
-0.793482
4.57737
-0.897241
1.18705
0.713827
1.22268
-2.44181
-1.35682
0.537946
0.891504
-0.1847
-0.122653
-0.594049
-1.00434
0.0564725
0.226515
-1.03393
-3.75199
1.61122
-0.504431
2.18942
1.38585
-2.27777
-1.86869
-119.847
0.783255
0.0286685
0.101424
1.08325
-0.142644
-2.64401
0.0114103
5.90269
0.553935
-0.884208
-0.919966
0.0287267
-1.55554
0.432069
-9.15374
1.10222
2.40764
1.22098
-4.25322
-103.902
-0.227992
-0.378519
0.379137
-1.93
0.333958
-0.224894
3.33722
1.87352
2.77009
1.06017
0.0975827
0.129597
-18.6902
0.380571
0.665267
1.63152
-0.589007
2.28506
-1.32285
1.09347
2.99932
-21.9721
199.109
-1.69006
2.94826
0.63212
0.957476
0.723138
2.17511
-3.59703
-1.27802
-1.55225
-0.691035
-2.44111
0.888627
-0.978051
1.69768
-0.266879
-1.56014
-0.823476
-0.817552
13.932
-0.496981
-1.65757
3.55451
-0.241455
-1.3824
-0.114955
-3.81674
0.12009
0.191648
2.4517
-2.84867
2655.89
-0.620141
0.187992
-3.03289
1.00587
0.473008
-0.322604
-0.202651
-0.239975
3.16476
0.320585
-0.638348
0.189372
0.276098
1.93678
0.182972
-0.693545
-0.255937
-0.439822
-8.29056
35.5472
12.0189
-0.124391
1.4546
-29.3261
-0.500811
1.82703
-8.39503
9.59211
-1.15485
-0.109102
-1.54421
0.0391321
-4.67672
0.616721
-0.144397
0.336682
1.11942
0.151514
6.39711
0.362184
0.166734
0.595452
0.597563
-1.29215
-2.12636
-0.0940797
0.199253
1.33021
0.19616
-6.32018
-0.552208
0.691048
3.38976
1.37333
-0.31987
0.187844
1.08563
0.859174
0.751877
0.143177
0.26009
2.06629
0.617211
-1.42856
-0.494231
1.62119
-2.12755
-0.527467
-0.740729
-0.272917
-3.81962
-0.382275
-0.245203
-3.3137
1.33896
2.41573
-4.28523
0.804536
-0.895193
-1.67947
0.913148
-0.264825
3.6578
0.175629
-8.04358
-1.86862
1.61843
5.02333
0.155246
-0.491149
-58.8422
1.81632
154.299
0.812225
-1.92537
0.0192919
0.257928
-0.0374457
0.269267
0.455892
6.83855
-2.47349
5.97789
11.8867
-0.49388
-0.043913
3.514
0.102188
-3.40148
-0.372416
-0.196599
2.40262
-5.90421
0.917439
0.64708
0.626326
0.972834
35.1478
7.09614
0.959259
-0.951449
-1.18174
26.8833
-1.36321
-1.15529
2.75952
6.41223
-0.1407
-1.97999
21.664
3.37416
0.748864
0.408839
2.54712
-0.34016
-1.45542
-2.16512
-0.567011
0.970705
1.36059
0.0636046
-1.74468
5.49019
0.26415
15.4245
-0.178053
-8.09902
-1.14397
6.26274
0.024057
-13.7355
0.463324
2.43084
-0.135326
2.77375
-0.493334
-0.396038
-0.336137
0.618346
-5.34204
0.423092
-1.21118
0.302717
1.95987
-1.81
3.83952
0.117585
7.59127
-0.0790354
0.00564966
-0.389413
0.192255
0.12062
0.517231
0.0539677
-0.390266
-0.285585
3.28026
-0.516514
4.87468
-0.608408
-0.888518
-1.59702
8.21998
0.620125
-3.3302
-2.1696
-2.29618
2.41658
-1.48942
1.22724
-3.23661
-0.786629
-1.44302
-22.0745
0.425878
2.8696
-0.351015
0.521991
-3.15852
-0.0564643
0.891645
1.9284
-6.23476
-2.44474
4.22753
-0.0744388
1.76382
-0.372448
0.6948
1.43818
-0.653771
-0.0451115
-0.872637
-0.407516
-0.126054
-1.95802
28.6455
-3.72696
0.694804
8.68291
-0.0689469
-0.766347
-0.353211
40.3045
0.391028
2.13627
0.417318
0.0479621
1.14142
0.797917
-0.0329706
-3.97874
20.8558
0.71596
-11.1137
-0.480115
-0.740861
-0.00903547
2.65658
-1.60707
0.10672
-0.146733
-1.78437
0.59799
1.18747
0.675488
-2.05702
-0.492742
1.75664
-0.359161
0.55181
-0.675568
-3.53212
-2.84022
-1.11332
1.36716
1.05677
-0.549805
-1.84185
-9.62443
-0.0363103
-1.2407
0.237893
-0.257694
0.180823
0.166608
-0.909725
-1.70003
1.22975
-0.958651
-9.58837
-0.28563
-9.36156
0.66343
-0.678289
-0.845088
0.866393
0.472057
0.101698
-16.6642
0.982534
1.15496
1.98784
5.43343
0.0266732
-2.27048
-1.03009
-0.344138
0.347194
0.0658057
-7.44405
-1.58527
-0.919799
6.46835
0.678039
-12.2083
0.597508
-1.17158
0.0734419
-0.480734
-5.64908
0.314072
2.47421
0.0305012
2.14696
23.4757
1.917
4.01544
-0.196949
-0.379204
10.364
1.77691
0.0276477
0.242536
0.0314477
-1.18096
-0.591699
0.492871
3.06899
0.867184
4.74004
0.582516
-0.085549
0.265048
-0.572451
0.36584
0.376892
0.482226
-0.540917
0.841652
1.48759
1.11867
1.20712
9.30242
-0.116935
3.39239
1.97984
1.31212
0.440772
1.63801
1.3365
-0.823447
1.05585
2.29266
-1.26416
-0.944178
-0.824686
-1.95676
1.26157
-5.55366
0.682899
8.33872
19.8766
-0.512409
-0.606649
-2.35961
0.828932
-40.0934
0.561541
-0.840364
0.1946
0.867469
-0.109205
-0.169415
-4.99594
-0.282433
13.4719
0.915861
-0.477555
-2.73346
-0.965605
-0.71136
-0.430484
1.11266
2.88076
-1.68804
3.34996
1.36272
5.19937
-4.16744
1.1853
9.09334
3.64073
2.19209
2.71484
-4.67761
-0.220706
-1.26506
-1.74954
-1.76198
0.13969
-1.03722
0.753363
4.01822
-1.76824
-1.27874
-1.83275
-0.435425
0.0484052
-5.95478
1.33461
-0.401386
0.091105
-5.53632
-0.0638777
-0.99569
4.67209
-1.13485
1.9976
1.60893
-1.50077
-0.954403
-0.621464
7.45397
-1.26338
57.7492
-0.790942
1.28161
0.521511
10.5772
-1.29734
-1.76133
-0.792294
-0.623394
0.536311
0.710159
1.26203
-0.377081
-0.212774
-0.722072
-1.68869
-2.20248
-0.832911
0.642175
0.664702
2.6622
-0.752383
24.6043
-0.242403
-1.85124
9.73758
-1.02539
-0.244079
0.167468
-4.55944
-1.37247
-1.49646
1.03202
0.481794
3.18608
-0.556004
0.53658
1.00169
-0.956205
-0.695331
-0.303151
-1.21898
-0.237531
2.35996
1.83133
0.421953
2.24482
-2.67555
0.928807
42.8381
0.119435
0.413464
0.231348
6.96751
-1.28031
-0.578311
3.75765
-10.8948
-1.0461
-0.975218
1.70395
427.988
2.18348
-7.46741
0.544592
0.95053
0.633727
0.508478
0.0994138
0.667249
-0.0665793
-0.305795
-2.26829
8.41093
5.79641
0.645425
0.783444
-0.00153664
0.243712
-1.01093
-12.4351
0.125014
0.141361
-0.133057
1.1439
0.210107
-0.592397
4.55341
2.51852
-11.8646
0.105877
0.247776
-0.819149
9.21617
1.16773
49.2655
-1.63796
-0.351506
-0.310408
1.35389
0.087525
0.786854
-0.353965
0.671049
1.83322
1.88842
-0.599371
3.11091
-0.0400678
-3.00679
-36.4562
0.000956421
-0.0175575
12.063
0.043123
2.99371
0.510884
1.39542
-0.649021
-0.868204
0.223843
1.53909
-0.284034
2.79669
2.00769
-5.25682
1.3439
3.0409
-1.14147
0.689328
-0.421367
119.125
-0.49701
-0.878066
0.17423
0.145573
-0.955696
0.30687
-7.76903
0.642658
-0.18796
0.791275
0.352792
-0.749755
-0.15944
1.33203
0.549962
0.239652
-6.04849
-0.312972
-1.29049
0.856228
0.225679
0.255831
-0.222148
-0.772934
0.526861
-24.8267
0.169961
-8.11178
-0.683182
1.70647
0.685618
-0.0525978
-0.51662
2.89533
-0.0608872
6.44889
-0.669188
1.98236
0.570989
1.14474
-0.501683
0.199067
-2.39178
4.39954
-0.908953
1.4901
-0.923034
-1.56584
1.6187
-0.175626
-0.114058
-0.677743
2.73513
2.76935
0.18448
3.07922
0.650013
-18.8817
1.29422
-0.484543
0.422653
-0.516241
-1.44956
-0.411754
3.46478
-0.135824
-0.479865
-2.98326
6.47094
-1.61999
-0.597624
1.47104
-4.68137
2.61438
0.155605
-0.341373
-0.0505911
1.11829
0.733458
0.22819
0.514613
2.45532
0.136021
0.0116754
-1.41206
0.034809
-0.884769
-0.0782849
0.572981
11.449
-7.46464
3.0167
0.571332
26.5373
0.373333
-0.946936
0.075047
0.273622
-0.293988
-1.64481
-2.60605
-74.5561
0.513653
0.661625
-1.87266
2.69109
-0.744101
0.794426
-0.296296
0.688624
-2.8812
0.710467
2.1312
2.17736
-0.805938
0.96221
0.314395
-0.48025
-0.213131
-0.2983
-1.09564
-0.154544
2.01734
-1.10239
1.29692
-0.578275
-2.97021
-0.524446
-3.74985
1.70318
0.495698
-17.3763
-0.00291576
11.1077
0.491196
-9.60213
-10.3703
-0.519135
-2.65069
-0.199569
-0.341716
-1.29511
0.318671
0.996659
2.16464
2.35353
1.43596
0.49441
-2.72727
5.34039
-12.5542
2.59872
-1.76412
0.671929
-0.0234148
1.81824
-1.81162
-9.11967
0.592082
1.42982
-0.853168
-0.215968
-1.49209
-2.70762
0.514753
8.63779
-0.303229
1.19052
1.6507
0.8505
-0.30211
-3.66555
-0.894465
-1.04058
0.104556
4.93102
-0.0554732
0.372206
-0.323588
2.20258
-0.950309
-49.2336
2.63821
-178.134
1.04151
0.227402
-0.198196
-0.687868
-0.959353
-1.17077
-2.75235
-1.45716
-3.2252
2.92898
-5.5331
1.17655
-7.18966
5.13188
18.5428
2.62842
-0.165905
118.457
0.572259
19.8044
22.4047
-0.54871
1.8725
0.0419246
-2.95069
1.57816
2.84131
109.8
1.05881
1.2071
0.393693
1.84269
2.08149
5.02903
0.756207
-1.14168
7.6548
-0.13084
-1.84457
1.64699
-16.4407
1.89128
-0.0071493
56.5605
0.133637
-1.14193
-0.574494
2.00289
-4.83803
-0.0296006
-0.696077
-1.37839
-0.57195
7.49634
0.600684
1.15929
15.3902
3.28816
-0.695807
-4.25106
56.5114
-0.00792362
0.604233
-5.69122
9.8418
2.96262
0.13241
1.33975
-23.4806
-0.627892
-0.243119
2.17651
1.77973
0.373956
-1.08199
-0.845863
-2.58258
-0.453163
0.92988
3.35579
-0.769003
2.79595
0.160038
184.588
-0.48428
-1.33706
-2.1318
-0.193005
0.85528
-12.0292
8.22547
-3.66156
0.0239103
-0.12485
-0.927768
-34.3164
-0.750015
-2.01478
2.50997
0.627402
0.565754
-1.659
-1.29771
2.31374
0.825681
-0.393627
-6.44057
-2.59383
3.97589
-1.49383
0.490131
0.0643461
2.9866
6.68455
1.05677
-2.38934
-6.05813
-0.0218799
-0.276218
-0.0819861
3.6421
0.145256
-1.48414
-0.0283791
-0.600124
-1.48819
-0.026686
0.549084
-1.6296
-0.523677
1.50391
-0.362981
-1.19209
1.58946
4.53695
0.503967
-0.877716
-0.18756
-5.19176
2.28016
1.4932
1.34504
3.84475
0.506772
0.564172
0.0840146
-1.09293
-4.57319
-0.61562
4.286
3.08917
1.47979
-6.11183
-1.20621
0.80908
0.606236
-5.73958
0.274503
1.06988
-1.35332
-2.34779
1.89816
2.05292
3.54789
-0.893394
-9.3628
-1.76827
2.18987
11.1656
0.649726
6.7746
0.350281
-3.8685
-0.86773
0.162812
0.733685
-3.91481
1.77273
1.34008
0.524408
-0.101123
0.851008
1.96018
-0.569702
-0.101648
1.09503
-0.833356
0.166569
-42.0861
0.778716
-0.841701
0.260657
-1.40083
-1.61445
12.5707
-0.438467
-0.527891
0.0529874
-1.02772
0.335003
0.140046
-0.585238
-2.72018
-1.33462
-1.6125
0.321294
-0.104358
1.94637
-3.75016
0.403464
1.08748
-0.432026
1.66611
8.39427
5.3736
0.3003
-0.168188
-61.0499
-31.6761
31.5619
-2.0064
0.480338
1.70317
0.000903125
1.03931
0.88331
50.8361
0.965996
0.401652
-1.3856
0.334938
-2.93335
-1.31674
-0.293078
-1.75858
-0.524173
0.177439
0.312087
-0.833695
2.41995
2.35629
-2.97867
-0.404818
-0.498299
-0.473663
11.4014
0.327947
-0.0785677
2.42322
0.739489
0.106037
