0.578369
0.023075
0.736439
-0.224564
0.453627
36.6584
0.264307
2.09959
0.0744237
-12.4585
-1.3244
1.42845
1.45107
1.00767
-0.546291
1.57599
2.57433
17.341
0.121759
-12.73
-7.46489
-0.789433
-1.03571
-0.137889
0.200083
0.160108
4.02889
9.98547
-0.0954075
0.873126
0.527806
-1.286
20.2763
4.41881
-12.9035
0.433344
0.224726
-7.31037
-21.7881
0.343551
2.53023
-5.81359
1.76599
3.13922
-1.3551
1.97147
-0.390755
-1.22404
-2.68069
0.158728
0.279136
-10.4935
0.170602
1.1663
-0.847266
-9.00747
-0.409566
-0.545641
2.59031
1.23164
-0.889616
3.58308
-1.73451
0.120316
0.980514
-0.690276
-2.04172
1.18478
-0.120584
0.11759
1.49154
-2.19297
-0.579109
-76.289
2.45516
-6.32578
2.30051
-0.506973
-1.45619
-9.88311
0.0869291
1.14864
-0.701752
1.06307
10.5313
0.258808
1.12637
-0.984036
1.28176
0.322317
0.036425
2.75875
0.215621
0.989667
-0.10366
-0.270601
-0.807525
1.12933
-0.668872
-16.0723
-6.48785
-0.850076
2.73215
1.73191
-1.1122
0.871701
1.89766
0.326508
-0.757305
-5.5687
-6.45666
1.02544
-0.450829
0.603094
-3.54742
0.738825
-3.97833
1.27102
-1.41688
8.65772
-0.0196953
-2.5171
-0.52706
24.8616
0.703846
-1.28621
-2.42569
0.106032
4.76635
-1.69262
-1.71593
0.159247
-0.0130263
-0.161696
1.88919
-0.732454
-1.26
-0.746424
-5.83568
-0.240003
-3.68106
-0.431223
-0.273275
0.296323
-0.541522
-0.535313
2.33283
1.70484
18.5324
-0.754862
-0.657551
4.40797
1.26219
3.01129
6.79478
1.01255
0.960545
-0.0181201
1.79662
0.585618
-1.17816
-0.318255
0.00438123
-2.94755
0.740476
0.830717
0.50398
-1.46708
-2.04841
-0.83114
-3.16549
0.440271
1.89472
-0.161187
2.44642
2.16142
-0.171297
2.86601
4.01024
0.81513
0.306578
0.892558
4.99938
6.85817
-0.875227
-0.225701
0.248164
0.12271
0.977745
-0.404565
0.311952
1.02584
0.110551
0.946348
-0.671718
-0.186776
-1.13519
0.868224
0.923584
-0.291196
1.7203
1.66432
3.01715
-34.282
3.48118
0.0833619
1.09915
-0.0465318
0.867025
5.12943
-0.244459
-2.37129
-1.04621
-0.730943
0.404062
2.40304
1.38454
-0.678711
1.67782
-0.662548
-1.17905
-0.9999
-35.3813
0.155291
-0.904427
-1.1195
-1.65196
1.39359
1.82577
48.7548
0.185292
0.474972
-0.127477
0.101584
-0.708327
-1.43961
6.26015
-0.328349
-0.131166
0.257799
-3.84339
0.454976
2.2771
-3.60232
-0.324511
0.0159909
-0.701255
-0.32919
0.580038
-2.57657
-0.193057
1.47753
-3.25229
1.42973
1.64045
3.45638
-0.0445165
-2.72837
3.29052
-0.551796
0.558928
-0.958719
0.10544
-1.04907
1.11968
-4.01191
-1.0631
0.205786
-0.207842
-4.09487
-0.468416
-1.77664
-15.1431
-1.01358
-0.959879
-0.221962
0.0861707
1.70124
2.01757
1.36053
-11.3629
0.269875
-4.82733
3.67938
7.2741
-0.321239
0.42901
0.573166
-3.91046
-0.85683
0.162022
0.0947032
8.7413
-1.27037
-0.139959
-0.0396149
18.595
0.661272
-0.260335
2.32156
18.6512
0.306655
0.192616
5.74926
-0.167816
-0.980032
-3.10735
1.64454
-9.28654
-0.714392
0.163511
-0.155644
0.248458
-5.63882
-2.00038
-0.842391
0.88233
-4.13615
0.771342
-3.5118
-0.373507
1.15855
0.509816
0.184074
0.156723
0.581559
-0.656805
-1.81864
-0.0597125
-0.525224
0.322511
0.235359
0.186178
85.0882
-1.65643
-1.10724
-0.312015
48.0591
-1.17682
-0.884981
-0.481742
15.613
0.0553136
-1.09358
-0.122902
-1.01408
1.66715
-2.05958
0.615658
-1.08559
-2.55675
12.0384
-0.601001
-0.460759
1.68937
0.628068
1.14497
-2.69893
0.169028
-0.00154224
-1.38503
1.75275
-0.304834
4.28187
0.147317
-0.0937158
-0.485851
4.81987
1.704
2.10259
-0.362724
-5.01808
-1.88494
-0.482505
-6.55919
1.20665
-0.225824
-0.827548
3.72146
-0.232132
1.15038
-29.0516
3.29561
-0.648313
-9.79881
-3.99473
0.688686
0.181269
-1.84231
0.749611
0.999696
-0.00764139
1.25141
0.0841056
0.724072
1.18282
0.68702
0.549609
-27.6623
0.534199
-0.688219
-23.2282
0.714699
-0.903108
0.405513
0.636904
2.87548
0.173588
-1.0916
-40.8622
3.69083
45.5902
-0.10633
-0.974002
0.0949033
0.300428
6.09998
2.07891
-51.2789
0.272169
0.554582
0.568203
0.918485
0.148808
-0.0198153
34.1111
0.0133562
-3.46218
3.25474
-2.25383
-1.78995
3.55515
1.27456
0.555938
1.56973
0.424222
3.79159
-1.59508
-0.120378
1.66123
-0.837286
0.469174
-3.05842
-1.61565
1.26396
-1.12125
-0.152794
0.458199
-0.157646
-1.39491
-1.29406
-1.6942
0.0547634
-3.42477
-2.10709
-0.18434
1.56096
-0.39955
-0.0377255
-1.29804
5.14805
-20.6294
-30.1831
-0.211574
-0.605727
1.92073
-17.1965
25.0711
0.783208
-1.34362
6.90672
-0.124282
-0.0724654
0.484824
0.511032
0.0849533
1.67244
7.72245
3.38326
-2.37705
5.09241
2.06205
-1.29991
-41.18
0.886393
-1.53148
-0.460548
0.87913
2.39261
0.335647
181.778
1.76652
4.25219
1.29751
0.619506
0.225091
1.37907
1.37914
17.4529
-1.82262
1.95478
-0.753723
-0.230188
0.206427
-0.314426
5.62599
1.78786
1.19116
0.324512
-1.31931
2.24595
0.584499
-0.228012
0.268791
-0.0330285
-0.610158
-1.6955
2.79383
12.6416
-0.279569
0.0399379
-0.731363
0.519739
0.92683
1.29776
-0.921261
0.378266
1.44413
0.395275
1.53578
-0.140851
-0.761244
-2.21251
-2.04776
1.29596
-104.802
0.477545
-0.305912
-0.877645
-7.59151
-1.05219
-1.69068
-1.91043
-0.0627381
0.458222
3.16979
0.0881656
-2.94833
-0.821813
6.68357
0.189868
-41.5395
-1.47774
0.26406
-0.0514292
-1.54838
0.066373
0.641039
0.792793
-0.426225
-0.211411
0.622255
0.655307
0.741088
-1.15457
-0.0276906
0.848904
0.977553
-0.31644
0.353355
-1.46218
-1.09777
0.363403
1.41748
1.13122
0.636982
0.166762
4.05349
0.0275261
-0.848879
-0.244468
-0.396719
10.7945
5.74798
0.206079
0.293879
0.466885
-3.08017
-0.665122
-9.51391
-4.6373
6.18239
1.62648
0.364471
0.542304
-1.50838
0.532704
3.63133
0.112928
-3.84132
-0.43911
3.44008
1.63235
0.865645
-1.13165
1.58668
-0.394425
-1.60191
0.0251522
-1.4282
-0.522995
3.11515
1.5403
-0.592017
-12.5416
-0.575815
1.99771
1.56961
0.454052
10.6246
0.261677
-0.00701678
-0.19135
-0.0146354
141.358
1.30341
-1.84768
1.44648
7.04765
0.166733
5.59245
0.579835
1.28753
1.37196
1.30447
-1.24536
0.35598
-0.511913
26.429
-1.8364
0.918153
0.328244
-23.7625
-0.642925
-2.88263
-0.302672
0.428305
-4.72504
3.34463
-1.07176
-1.70395
-0.198573
1.75265
-4.85608
-0.345719
-1.88517
-0.119445
-0.416451
0.370196
-1.7659
3.59394
0.882724
1.2669
-0.160113
1.57036
0.116789
0.202489
1.68299
4.23016
-0.918045
1.22216
-1.54692
-0.241126
-0.761887
-1.69909
-0.869216
0.156046
-0.436052
-0.611552
-0.81317
-5.35236
-1.29508
-0.0738487
0.518433
-0.251434
-0.645324
-2.71483
-0.834772
0.740831
-4.17554
1.05102
-2.34712
5.34418
0.00333323
0.593228
-0.26218
-3.47209
-3.66894
18.1401
-0.128148
-3.63066
-1.67026
-1.69623
2.38034
-0.956995
0.540272
-3.10428
-15.7528
1.51235
-0.95008
-0.825369
-1.56445
0.637538
-1.59543
-0.956759
-0.562372
-2.13087
-0.392786
2.78888
0.126989
1.91475
-0.806826
-3.16908
-4.85166
0.169351
-2.92645
0.103364
-1.17536
0.0933271
-0.607027
1.70466
-0.667271
-2.22648
-4.46775
27.109
-1.24812
-0.154685
-0.584693
6.73239
-0.285982
-0.330143
4.70516
0.691825
-1.5419
0.029638
-1.68304
-2.07399
0.262407
0.808507
-10.4119
-0.665882
-1.8091
-0.638635
0.843205
-1.65923
0.0792534
12.0878
-0.559084
-1.93839
0.480509
-0.218806
0.242189
-0.131433
0.704641
-6.22945
0.554915
2.88171
-0.163506
-0.791326
-1.01296
-0.766886
5.78869
0.571865
-11.8466
0.452183
-0.159236
0.730432
-4.70805
0.875954
-0.454053
-1.90632
10.2985
-2.80685
-1.14113
-0.0205247
0.462507
0.454938
-0.258896
1.98868
1.78695
0.232923
2.75888
0.997511
-0.418604
-0.127871
-14.5397
3.00702
-0.565738
4.51645
0.222121
-2.38063
0.861434
4.98933
1.44682
-0.017381
-0.680271
-0.606638
0.9874
0.431875
0.584315
-1.90329
1.35626
5.36268
-0.905953
0.660619
-2.38679
-0.576848
0.100853
-2.3773
0.560959
-3.10389
-0.813468
-0.0879569
1.29253
0.505822
0.244081
-0.287101
-6.29817
-0.525519
1.57685
-0.81401
-0.225768
4.32956
0.325292
-2.3836
2.47105
0.166354
-0.0820478
1.70427
0.593083
-0.214944
0.178707
-1.07272
-2.95788
-2.18903
7.50489
-0.531483
-6.13568
-12.0712
-0.196065
6.99712
-0.723396
1.87012
0.0138136
-0.17427
1.38378
-0.761144
0.870246
0.5511
-0.533701
0.193828
-0.0522066
-1.3718
-0.208146
-1.01122
-0.385086
11.6824
0.824778
-1.58078
-0.609868
-1.46657
-1.32886
-0.769753
0.907443
-1.59693
-0.664081
-0.672722
1.57428
-1.65395
0.503183
0.356742
0.887452
0.278953
-2.79856
-0.00485091
0.046948
-1.14785
2.43476
2.36661
0.874449
-1.68893
8.23375
-0.126675
-0.655613
-2.70998
1.99023
0.958182
-0.0788126
-1.14481
0.139908
2.87255
-0.339221
18.3753
0.546099
-0.128432
-4.82928
1.26159
0.697686
-0.437491
-0.756783
0.39913
0.908748
0.279623
-0.0779889
4.98248
0.602429
6.34304
-0.165518
1.93126
-1.42767
2.55356
1.26002
-0.265485
-0.430215
-0.571938
0.198797
3.52044
0.777755
-1.89505
-0.300872
-0.492153
-1.95322
0.0323753
8.5155
-0.668914
4.4393
-10.0585
-0.0297554
-0.72082
3.15297
-1.19718
0.27276
1.01069
-2.2685
0.135632
-0.649255
-0.10907
4.96524
2.19529
-0.279633
0.732651
0.89732
0.420154
0.551246
-0.522217
0.292694
1.8439
-10.0627
-0.237833
-0.679911
1.30901
-2.4176
2.87082
1.85454
2.61448
-0.0342933
-1.13345
-2.29171
-0.146657
-6.63087
0.916115
2.21732
-0.53552
3.9222
-1.60753
0.317204
0.950405
3.45028
-4.047
-1.0642
-2.93094
-0.896476
0.205204
0.683413
31.809
-1.44514
-0.398064
0.192107
-0.46866
-5.68554
-5.019
-0.604214
0.0267856
-0.669478
-1.98781
-0.621843
-0.941942
-0.0839559
0.263314
0.22867
1.17775
0.581953
1.32401
-0.375216
-1.52607
12.712
0.588958
2.09182
0.848939
2.69494
1.67114
1.58116
-0.84494
-0.747785
0.101155
1.13259
-0.243223
-2.31576
-0.0770527
0.90247
0.810018
-2.43594
0.473845
0.0776237
-1.78168
1.01606
-1.73985
0.202129
-1.0072
0.802247
-0.786328
-3.84563
0.50247
1.11852
-0.583425
-0.0731037
-0.144096
-0.139785
-0.145793
0.960023
2.84448
-0.467085
-0.200461
1.36461
-0.3963
1.47071
2.67554
-0.72172
-1.42781
-1.11952
-0.984531
3.08825
-0.851864
-1.59063
-0.340917
-4.97575
0.259193
0.882315
-13.3703
0.518074
-0.263223
62.2918
-6.2331
0.682372
-5.49498
0.431545
-0.395956
-0.255715
-0.868173
2.05514
-1.56097
-0.23928
-3.36623
12.6578
0.316335
0.465324
0.26754
0.550527
2.8927
-1.15699
2.18568
0.60567
-1.85903
-1.10381
-0.326791
0.226787
-1.75133
-0.283533
-80.6974
-0.0935776
-0.24938
0.382141
-0.013401
-1.73405
-0.0195085
0.569857
1.43695
0.220517
0.814777
0.171604
-1.51463
-0.43559
0.256055
1.01919
-1.56587
-0.0478823
-3.06226
-3.6994
-2.63875
0.548812
0.116559
4.66642
-21.0671
0.874453
0.692165
0.218432
-0.849147
0.65944
1.06181
2.2032
-9.72143
0.390707
0.264825
-1.19153
-1.40442
0.573146
0.880571
2.6287
0.922951
2.86363
-149.498
1.24345
-5.83285
10.8872
1.25749
0.702558
0.305809
2.60455
1.04565
0.229307
-0.867912
4.16628
-1.72347
4.54972
-1.18064
1.01233
0.731849
2.93606
-2.79469
-1.15819
0.0162736
0.516416
-5.23126
1.05715
-0.166662
1.01868
0.569774
-0.220304
-0.479753
0.256716
0.694994
0.496932
-0.148327
1.63769
1.38981
0.550799
-0.479917
2.49342
3.08618
-4.98306
-2.34484
-2.49027
0.138096
-2.33355
-3.18731
-0.337345
-0.919654
-0.184965
0.720932
-3.21902
0.646523
-1.69878
11.2858
0.555844
-1.37862
10.8774
-1.48321
1.06444
0.0919542
-1.06658
2.77428
-0.257311
-1.15849
-1.97001
-3.38849
-1.74504
-8.84595
2.30348
8.41671
-1.10721
-0.523845
-17.6434
-5.38679
0.738717
2.00658
0.585146
-2.70496
0.166211
0.191548
-0.334574
-0.889956
2.83077
-0.803018
-0.41793
2.4903
1.03319
0.745164
-0.235789
-18.0006
1.31979
0.264239
-0.133924
0.360203
5.85212
-6.89669
-0.637798
0.101288
1.06224
0.110551
-8.88701
1.0041
0.921927
-0.319403
0.272801
-23.37
-4.10565
3.80508
0.982202
4.20014
3.45924
2.70556
8.34473
0.0146545
-11.0379
-63.4937
2.2272
-1.59412
0.67404
2.41208
-12.9048
-0.724712
-2.79616
-4.35946
-1.35508
2.10827
-0.452128
-1.31929
1.26442
-0.575973
-0.165215
0.327282
-0.567731
-0.308384
-0.955216
-0.78902
0.839163
-1.17055
-2.63878
0.876155
-0.433967
0.143141
-0.472958
-0.72422
-0.477656
0.0447295
0.642493
-0.336317
1.18602
-0.614259
0.448413
-0.0977205
-4.66591
15.2871
-0.508616
0.364849
3.98192
1.00945
0.663262
-7.20264
1.37129
3.07236
-3.0031
-0.834079
0.281901
2.29746
0.0103985
0.0081614
-0.587998
0.457872
0.3296
-2.13634
-0.983387
0.280845
-2.84896
-0.644963
-2.82495
11.269
-3.42181
0.0163649
7.09204
0.802324
-0.714464
0.29507
10.977
-0.739366
-1.31818
0.764026
-0.377568
-0.625611
-1.22312
1.93575
3.49407
5.05717
-0.00506774
-0.166369
-0.662052
1.07026
-4.28815
-0.54915
0.361524
0.540763
-0.0133415
0.253586
0.502496
0.0260278
-0.0780984
-0.551367
0.984555
0.879853
-0.25953
-0.91042
-1.10533
-0.647803
0.587301
-3.70021
-14.766
1.67655
-6.10189
3.25579
-3.44782
-3.04893
-0.296822
-0.82173
-0.106434
-0.0929485
3.61084
1.15586
10.7716
-0.135541
0.336913
-0.33986
7.48815
0.828118
0.678876
2.57153
-3.79911
1.1544
0.127033
-0.665486
1.61968
-0.0558776
1.87212
-0.920954
-0.442312
-0.0928558
-0.730131
-0.304245
-1.76953
1.50132
0.172825
0.151083
-3.84202
-2.54376
-7.76553
0.110402
2.25967
-0.31435
-0.142665
0.0970061
-0.555854
2.24609
-13.3495
-4.54834
-0.316855
0.470234
-1.13121
-1.12552
-64.457
5.96637
0.445971
0.456297
-1.48744
-0.0458391
2.23386
2.32445
0.43388
2.38485
-0.842898
-61.834
1.73523
1.32093
-0.890865
-1.84816
-1.51655
-0.531498
1.23775
-1.09896
0.45613
0.489851
-2.87497
-0.745827
-3.87384
2.46042
3.37457
-5.59053
0.263303
1.24126
-14.3442
-1.19348
-0.470389
0.855509
0.667332
-0.697551
0.234638
-0.588478
2.00819
0.941588
-3.82885
0.970487
0.904973
-1.54674
1.66052
0.202328
-1.40388
-0.214785
0.550748
0.142573
-3.58475
-3.79781
-0.932205
1.25849
0.0400136
-0.000595285
-0.12354
-0.0506681
4.59824
1.78272
-0.957365
-7.5199
-49.7348
-7.7141
-5.08102
2.5977
-0.209166
-0.687537
-0.12423
1.16092
1.4159
0.600699
-0.0303053
-1.70691
16.6697
-0.159711
-1.28011
-0.284178
-0.564054
2.07668
-0.974359
0.272983
-0.219334
-1.07497
1.75162
-0.598248
-0.0613032
2.01279
-1.12706
0.319045
-0.234274
-1.94724
-0.457061
0.328948
1.5404
1.09014
-0.356428
-1.7832
-0.129347
-1.00753
-1.07503
0.38681
-0.52738
1.89424
4.47554
0.376741
-1.06921
-0.413025
-0.895555
0.62822
-1.43177
4.82519
0.655466
-2.00528
4.71041
-0.135727
-0.0606477
-0.0943862
-1.27315
0.464282
0.621165
0.111962
-7.68566
-0.104778
0.347491
0.0866551
3.47732
1.1211
-0.714662
-3.57401
-3.08297
-1.14615
0.499271
0.513069
6.05994
-0.261034
-10.163
0.486031
13.771
4.39129
-0.0500154
0.366225
-0.810271
-8.83463
0.0885054
2.76054
-0.746415
6.30801
0.217815
-0.166245
-0.926235
2.24449
1.71952
-1.55549
-0.00295468
-0.172455
0.291632
-1.94183
-1.58244
-0.90147
0.501361
0.737192
-1.34621
7.61174
0.0480003
0.47421
-0.414301
-0.00942874
3.16973
1.28838
1.85285
-0.674654
0.251787
0.0965102
0.310871
2.14056
0.0745866
-12.5504
-2.68004
-174.558
0.81619
-0.223652
-1.1757
-0.70742
2.04357
1.85205
-0.121331
-0.343191
-0.0303945
-0.956724
-10.3164
6.7777
-0.670112
-0.981459
0.882281
-2.53081
1.22035
-0.394299
-0.488697
-0.109851
0.800681
0.396547
-1.34568
-0.820194
0.203756
-0.762301
-6.21718
0.0760808
-0.763777
-0.551854
0.0951496
-0.616507
0.305623
10.1464
-2.11235
-0.454714
0.217711
1.11679
-0.0306349
0.794378
-0.928194
-4.02197
6.73422
1.14679
-0.920142
1.23963
-1.27565
8.60465
1.47238
1.28962
-0.0551677
0.677762
6.00378
15.066
-0.802541
12.0394
2.01503
-4.77192
3.79626
-0.984842
-0.0973227
0.431229
-1.02937
-1.93271
-0.0321435
-140.268
0.473455
2.26554
-1.76356
-0.471442
-2.7332
-0.5794
-0.362917
-3.28085
0.165955
1.33669
0.0560072
0.605001
-5.3091
-1.93088
39.8464
-4.16125
-0.545905
0.278449
-0.720777
-0.297532
3.40975
-1.31639
-0.316364
-0.308321
-1.19926
0.733018
-1.0029
0.25406
2.41991
-3.75077
0.701982
-0.273397
1.42597
0.589382
-4.21468
-5.24729
19.2336
-2.05155
-1.65116
0.471566
-4.65768
-1.1344
-16.7966
-3.26132
0.8516
1.93109
0.456666
4.98337
2.10786
-5.49607
-0.859873
0.98772
1.81225
-0.794433
2.84252
0.444969
-2.63775
2.75648
-0.507365
-5.23952
0.561988
0.54248
0.550373
-1.94089
1.05118
-1.91771
-455.088
3.57788
-1.78725
-0.240295
0.186996
-0.678663
-0.467273
0.0900365
-0.226569
-0.289192
0.781091
-8.59015
-1.95072
1.81228
2.72013
-0.765981
-0.323568
3.87447
0.836588
-0.735099
6.38829
0.0919154
-1.05632
0.986588
-0.377798
2.19675
0.131263
0.661314
5.83368
2.62653
17.8427
0.294801
-2.6508
1.52106
-0.0840279
-0.994408
-0.000964457
-1.65778
-0.367406
0.424355
1.77702
-0.0252183
-0.197337
-3.0844
0.0342816
-0.592917
-41.7609
5.1013
-1.87155
2.60427
0.434855
2.93229
-0.283999
-0.652624
-5.49776
-0.773079
0.511792
2.21392
0.152269
-0.694278
8.1279
-1.08014
-0.448272
-0.411243
-0.266964
-0.205871
16.1994
3.27041
2.20164
1.28305
-2.1238
-0.734572
-0.404328
11.5492
7.02081
0.408173
-16.9116
-0.28012
0.189533
0.47055
0.0818086
1.2104
-1.2422
0.242715
0.387244
7.50594
-2.01543
-0.334556
-0.581394
0.359437
0.289406
1.38947
-0.0291106
0.210232
11.2283
-2.71489
-0.927064
1.63971
0.188334
-0.834602
2.51378
-8.72718
-4.71237
0.376017
1.12598
-0.231478
0.0278469
-0.145331
-0.507452
20.4034
3.26686
5.23039
-1.09606
-0.989413
-0.156709
-0.148102
1.02533
1.06571
0.00635454
-1.23118
-2.52541
-0.549925
0.192629
-2.11713
-22.5495
-0.801949
0.109451
0.268898
-6.48747
0.735564
0.227718
-0.95128
-2.68039
0.900836
11.3204
0.125076
1.05245
-0.0431237
8.2963
54.2445
2.85471
-0.669436
3.54308
0.166002
0.49957
5.15463
17.0117
0.0624074
-1.13328
-0.860021
1.26127
-1.49069
-1.07512
-0.185391
1.48481
-0.845392
1.47133
1.06327
0.660041
0.2556
-4.32262
-0.29204
0.466456
-2.69009
294.264
-4.16172
-0.358704
0.431154
-0.0406832
2.34429
-5.1551
0.937054
-0.438658
0.251859
0.573745
-172.103
-0.623231
-1.78534
-3.94034
-0.320086
-3.2654
0.0179484
0.227923
0.606023
2.86619
-0.605476
10.2993
-1.58877
1.99709
0.983592
3.14548
0.307764
0.135034
0.216919
0.0725808
2.35937
2.8403
2.26582
-0.203062
2.01065
1.11831
-0.428575
0.190213
-5.15939
1.00935
-0.0844382
-0.299819
0.427613
-1.04459
1.21425
-1.44784
0.33925
-0.0282069
-0.218111
0.155231
-1.24029
-2.33437
0.953825
-2.77365
0.355553
-0.0189615
-0.351886
-1.5301
-0.347932
1.09813
-0.346303
-3.02792
0.675986
0.616432
0.227584
-2.27961
0.0921723
-0.858712
0.91762
-1.46225
-1.17088
-0.0923039
1.8575
0.728173
8.33923
0.732808
-1.14343
-3.02546
-0.974459
-1.91627
1.53635
0.854317
-0.293222
-2.98342
0.0369156
-0.81367
0.46799
5.32577
1.19702
-0.126838
-0.193205
-0.0477178
0.750022
-0.160021
-1.33787
2.96421
-2.03674
-1.28896
-0.387545
0.497983
0.0405579
-0.0301682
0.550951
3.16204
-0.344265
1.59777
-0.124194
1.9993
0.920447
0.613603
-0.595863
5.09765
-0.564047
0.271721
-0.3761
1.15383
0.736885
-0.386935
3.68509
0.0434393
-9.03155
0.791242
-1.4074
-0.328731
0.333822
-14.9987
2.99689
-0.178738
0.727268
-0.334921
0.79387
0.0424845
1.37353
-0.0823023
-0.114779
-1.9193
-0.145254
-0.39185
0.396161
4.50121
0.871852
-1.15482
-0.3915
-0.321206
-33.9845
-1.09397
3.98481
86.4238
-1.16798
-0.39554
0.541134
0.725719
123.869
1.8431
-0.748608
1.65898
1.76187
4.70859
-0.215238
1.11811
6.64332
-1.72199
0.682321
-0.257007
5.0552
-1.76664
-1.97476
-2.34206
1.20456
-1.77379
-0.16759
-2.32647
-0.33534
-0.0743203
1.02879
-0.309699
4.18557
0.0979109
-1.79165
-6.5243
2.23562
3.02472
-0.302571
45.9798
-0.249747
-1.06194
0.20565
0.16405
1.85073
-0.508408
54.7132
0.453624
-0.0460206
14.5945
1.02145
0.632565
-2.32074
10.3834
0.470363
2.9625
-0.230289
-1.35154
-0.716028
-2.0115
-0.109541
-2.85709
-0.768344
1.14369
-0.7959
-1.7755
7.46949
0.15621
0.941868
-2.07991
0.0299383
0.0762821
1.04647
-2.77549
4.63108
1.54284
-0.0872691
10.5908
0.3865
-0.2343
1.50919
15.348
-2.16038
-2.23753
23.1455
3.69342
0.00283623
-0.576281
0.630296
-3.92393
-2.83601
-0.344754
-2.51691
4.58485
0.107149
12.5704
0.976907
0.934079
1.61978
1.45752
-1.5293
-1.55084
-0.500311
-0.0656231
-0.103412
-0.0175265
-1.43116
-0.0111066
-0.363361
0.370093
0.0269256
9.92759
-0.977207
-1.37629
0.0540382
1.66453
-44.588
0.868572
-0.273816
-4.83596
-28.3672
-0.176101
4.19727
2.27783
-2.27819
0.523835
-0.271151
2.24857
-5.11582
1.68517
0.0467889
0.264927
-4.39279
0.268711
-0.595012
-0.69568
3.52901
-7.37984
0.499289
-0.248531
-1.94299
3.4633
-0.473885
3.32982
0.314492
-1.26904
1.0534
0.324683
23.5146
1.07934
3.09441
0.680881
-2.23215
1.14283
3.02794
0.670624
-2.01169
-1.10682
-0.169004
-0.167902
-8.13087
74.9239
-1.2537
-1.02961
0.190907
-0.345332
0.181249
0.799891
1.2235
-0.000265507
0.302286
2.51426
12.3111
-3.15024
0.514652
0.415572
0.291338
-0.875229
1.36034
0.274768
-0.504355
1.329
-0.871731
-0.721365
-4.193
-0.581348
0.199327
-0.745827
-1.71282
2.08063
-0.35943
0.590314
1.32994
1.31346
-0.53057
-0.411465
-0.869631
-0.0646959
-0.582078
-0.133745
-3.64768
3.95339
0.759234
-0.924526
-1.68523
3.25516
7.17223
0.677955
-1.22072
4.45247
0.454771
0.446719
-0.228193
0.531866
1.82921
-0.798701
-0.64287
-0.307308
0.076974
-0.621038
-1.30251
0.00513023
-0.21857
-0.77439
-0.65899
0.995281
45.7369
1.03577
3.03271
-1.28911
-0.600195
3.42209
0.692451
0.38069
-0.874984
3.0303
-0.876239
0.16703
-1.1889
1.86432
1.32029
-2.2442
-0.186399
0.474133
0.478105
0.820602
-0.464116
-0.247301
-64.5757
0.732483
0.0181834
-2.5873
-2.39289
-2.8676
1.8125
1.00313
-0.638001
-0.622153
6.8218
1.24202
-1.08722
0.00325409
0.111726
-0.22764
-0.203968
1.53166
-0.806278
-9.56708
1.63271
1.91242
-5.06343
0.113711
1.93071
1.28278
1.23036
1.3304
0.464175
-1.05553
0.815108
-0.897346
-1.57634
-12.7023
1.03886
5.01587
0.472783
-0.519592
-2.53083
-2.96877
-0.204473
1.74039
-0.364576
-0.697386
0.535004
-1.34941
5.86871
0.0354738
1.05967
-4.3475
-0.236304
16.0191
2.54294
-0.40899
-15.4879
46.0371
1.70372
1.48536
10.5671
0.910882
-0.533241
0.177732
1.95479
1.57463
-3.12837
-1.86145
1.71149
1.46046
0.0873279
-55.105
0.550557
13.5657
0.600695
-0.415057
-2.90883
2.00831
84.9182
1.87607
14.0982
0.894928
4.34489
-0.413259
3.09049
-0.204051
-2.05438
1.50938
1.9087
1.6106
0.372468
0.487377
0.0489118
0.423186
6.42948
-2.69459
4.24622
-0.028118
0.276983
8.87631
0.954091
-6.79505
49.4833
5.86893
2.28661
0.239263
-1.40182
0.70243
-0.156388
-0.73069
2.76204
0.849851
0.463994
-0.0698188
1.29622
-48.445
-2.18653
7.46099
1.56905
-0.664975
0.994389
-1.74571
1.31542
-0.92784
0.791218
-1.94952
1.70886
-0.409267
1.06082
-0.508222
-0.149395
0.929423
-0.108145
-0.195225
-1.14136
0.690064
1.40915
0.836014
-0.23931
-4.88004
1.60636
4.6306
0.0593279
-0.469428
-0.191783
-0.112991
-3.19978
-2.73388
-0.456613
0.34334
-2.37064
-22.1026
0.510401
-0.407809
1.44397
0.481953
-0.581536
-0.323227
-0.378894
0.2185
-0.137175
0.577252
8.609
1.05126
1.64941
-3.18548
-2.0619
0.337787
-0.752097
5.29728
-0.307327
-2.72039
1.38223
4.99147
1.39946
-0.808776
-6.92511
-6.57103
-0.450959
-105.991
-6.36315
0.990432
0.011256
0.492257
-0.234839
-0.96845
1.94988
0.847749
-0.216657
0.742047
1.47855
-0.885247
-0.631605
0.921217
-0.471994
-3.911
0.978048
10.3069
-0.828472
0.536089
0.187672
0.238364
0.0449315
0.479106
2.76908
-0.759367
-39.142
-1.49243
0.577977
-0.615391
-0.654549
-1.48461
-1.30766
-8.70379
-0.0648649
-1.14065
-2.02929
1.42934
0.289163
1.6576
-0.777443
-0.517585
1.52642
2.22018
27.8539
-77.0417
-0.186575
0.173722
2.10205
-17.7745
3.24581
1.62487
-0.697297
5.6722
-0.13443
-0.238339
2.6529
-3.51796
1.3564
-0.222058
-1.41063
-22.9928
1.89034
-2.37052
0.226889
0.102605
-1.08422
2.72329
-0.757779
0.137323
0.737879
0.215515
-0.165089
-1.13428
-1.03287
1.96322
1.50601
-0.113994
-1.39972
-4.32682
-0.030772
-5.20588
-0.798639
-5.24146
-0.559984
0.15192
0.222444
10.1343
2.01203
-1.04743
0.736199
2.59396
-3.53952
-2.13861
0.21145
0.768778
0.442088
-24.3736
1.95742
1.02827
54.0572
-0.567308
-1.42215
-1.11173
2.51343
-0.293662
0.507226
13.9949
-0.0357668
-0.467956
-0.0138003
-10.8342
-26.619
-0.852215
-2.13379
2.53755
0.459129
-0.746627
-0.242122
-0.942589
0.867585
0.515723
-13.4172
-2.21469
12.7398
-0.0278947
2.97373
-0.113335
0.172091
-0.225418
-1.40073
15.7688
-1.19815
1.23926
0.141014
0.488755
-0.893672
0.263149
1.18821
-0.9111
3.6164
-1.65595
1.62131
-11.7432
0.175465
-0.42566
-0.889586
0.16676
6.91212
1.27389
0.976044
-0.0369743
0.0794426
0.928467
-1.67156
-6.37195
-8.86684
2.58156
0.746933
-0.0026139
5.47087
0.110824
0.208829
1.90592
-85.636
-2.06273
0.458609
-0.0302496
-0.303761
-0.099295
165.561
1.96241
-0.703311
2.69624
-3.46006
1.32465
-3.2064
-0.244712
-0.431768
2.52475
2.52071
0.430777
0.424883
0.981831
-1.58934
-0.24813
-0.244278
0.585476
-3.27108
-1.45467
0.0208288
-1.87498
-0.0310094
0.61848
3.96096
15.2823
0.396014
1.24955
0.0368339
-2.16686
0.788433
-2.70604
0.532183
0.713252
0.131181
0.191464
-0.0972349
-0.565146
3.31078
-0.447615
-10.6808
0.29772
-0.282386
1.23265
-5.94813
0.74663
20.9472
0.012786
-2.52355
-0.0895007
-0.0939708
-1.40859
-1.16043
-0.322415
-0.0409886
0.978554
2.31275
0.561753
1.27545
-1.45927
3.53175
3.96899
2.18353
-3.19328
-0.504652
-1.86714
1.08581
-1.64836
-0.647032
-0.670386
-0.423041
-1.83785
2.81057
-0.571175
-16.8175
8.81318
0.838405
-0.966108
0.595944
-0.133024
-0.799031
21.0075
0.20781
-1.42705
-0.00132817
5.10018
-1.41077
-0.699417
-0.764999
-0.963334
1.91161
-0.0142083
0.464975
3.40628
0.135427
0.588779
-1.88092
-0.418075
-1.35666
1.15272
-2.37651
0.455085
-1.57399
0.361878
-34.7869
-0.926907
-1.5129
-4.35748
-1.53025
-1.91568
-3.90506
0.493178
0.640963
0.955736
-1.41183
-0.274155
0.125234
-5.89688
-3.10063
2.17622
0.542547
0.771588
4.18889
0.18758
0.761588
-2.09621
-0.675425
1.28687
1.00742
0.169738
-0.926566
3.00251
0.145066
-0.690335
2.27056
2.32218
-0.399272
-1.1368
-0.114197
0.555199
-0.863461
0.359235
-0.0986625
5.31909
-0.781156
0.326641
0.579809
-1.22911
0.178245
-1.60005
-48.8129
-0.620371
-12.4295
-1.52049
-2.68835
0.278372
-0.661739
-0.501952
0.280414
-3.76384
0.0136782
-4.43443
1.77017
-0.707858
-0.164372
-0.101508
0.983045
0.260818
0.501764
0.291216
-106.999
-0.146796
1.93941
2.52497
-0.22709
1.10494
-1.21434
-0.331843
0.276426
-3.77528
0.869123
-1.52766
-8.74686
0.322064
0.790599
1.20091
0.374734
-0.823976
0.332572
-1.83586
1.01353
0.777479
-0.105802
-0.200544
2.30834
10.3234
-5.36413
0.635834
-1.47852
0.710475
-66.4732
0.290263
0.264037
2.65076
1.8187
1.55359
-0.255749
0.147409
-5.62123
13.3317
-0.256356
-0.366732
0.882997
-0.294972
-0.12516
-0.37686
0.533392
-0.547305
2.95248
0.116816
-1.093
0.930039
-0.442323
-1.86116
-0.70184
-2.58404
-1.77418
-0.352681
-2.23345
-0.186202
-0.830984
9.00487
-1.00149
-0.444801
-2.32912
0.710634
0.321789
-0.283623
4.09417
0.251505
0.417113
0.138905
1.36666
14.3439
1.56595
-0.342854
-0.265519
-3.15907
-0.185336
-0.328256
1.7373
0.619324
1.18358
11.4305
0.0324771
4.30937
-1.74477
-1.39312
-0.26068
-1.59946
-1.40237
3.67128
1.79675
-4.2416
-7.09466
0.159395
0.899215
0.192125
0.168143
-0.748557
-1.28222
-0.691653
-1.38559
-0.334168
0.170781
0.0511795
-0.104986
-0.430708
-0.0236751
13.6464
-13.8607
-1.4931
1.84638
-1.2269
2.24452
-4.4495
-1.15133
-1.80994
-0.124115
3.27879
0.0876264
3.64922
1.65882
2.95931
1.49064
-0.121362
-0.544465
-0.116816
-1.95792
0.982581
-1.76052
-1.10613
0.885011
-12.6589
-2.51623
31.8439
0.0107286
0.449875
0.172409
-0.168793
-1.756
-0.489159
-2.70755
1.15054
-181.612
-1.49129
-1.25297
0.604861
-2.89157
-1.86782
0.295093
15.3772
-3.01813
-0.554492
-81.3917
104.204
-12.268
1.29872
37.095
4.05808
1.38046
1.71449
-1.41658
0.289854
-2.68445
14.3514
2.29522
-0.48929
15.5728
2.20783
-2.55264
0.142341
-2.47893
-3.49383
-0.95466
-0.838658
-1.59374
12.3125
-0.368583
-0.229859
7.77929
1.53888
0.313585
2.85736
-1.03312
1.26308
0.0182962
-4.90601
-0.681294
-3.52024
0.108753
0.50662
-0.960348
-0.195764
-0.839652
1.08048
1.31084
2.77269
0.154444
2.50886
-3.20333
-0.461162
0.525079
-6.23423
-0.183509
-1.93699
0.294291
-1.20147
-2.27096
0.78279
-0.296038
-7.22337
0.446477
4532.37
0.902726
4.4536
0.216299
5.24488
-0.451693
1.57274
23.1891
0.137432
-1.73568
-0.90145
-1.16511
-13.4959
1.23705
0.342892
-1.05347
3.08245
1.43435
-0.232588
1.0674
-0.254933
9.3516
-1.44191
0.479792
-0.337094
-0.892409
5.26472
0.39719
-1.27465
-1.89205
1.58133
4.41814
1.30485
23.3262
-2.81549
-0.171571
2.05234
-0.415671
0.883668
0.883002
15.9678
2.70773
3.59765
-13.1075
0.724915
-45.0377
1.57591
1.70737
3.62251
-1.55963
1.56713
-0.24229
1.12919
0.275498
-1.9301
0.307048
-0.0717987
0.242958
-2.30388
-0.0216077
-0.217778
0.210677
0.537931
0.466719
0.667543
0.0147222
8.18198
0.054604
-0.785282
0.51957
-3.04229
1.30496
18.9109
1.68935
-0.148708
0.132046
-3.17588
0.490362
-0.604446
-0.721671
-0.435678
2.68134
0.544423
0.262672
0.581053
0.890001
2.82998
-0.678364
4.98163
0.869616
-0.0734965
1.20383
-0.0666122
0.523144
0.109127
0.755349
0.672583
12.0476
-1.80202
-0.240832
-0.732781
-0.946981
-0.333933
0.288096
0.702713
1.10342
-0.825365
0.72956
-0.910053
0.276708
0.364129
1.95255
-0.280346
-24.5752
0.0397165
-69.5839
1.22592
1.71637
0.824888
0.285023
-0.126904
-0.568734
-0.353469
1.10866
-1.86087
-0.659172
-0.0742419
-0.0138472
-0.653945
3.49868
-66.4854
1.36385
-1.88704
2.26332
1.3169
0.580703
-0.862878
1.31495
0.926539
-0.3061
0.364946
-287.246
-6.79449
1.8338
-0.00613033
-1.66878
-0.181829
0.841024
2.07035
0.322707
0.231523
0.111621
-0.793915
0.190456
2.02612
-4.39226
-6.15402
6.78471
21.1647
-1.49822
0.105028
2.99415
0.956538
-0.0539086
0.0608122
-0.0140731
5.793
-12.9906
-21.5754
-1.34306
-2.35834
22.5422
2.58626
0.955494
-1.41827
-2.28162
-0.364531
0.191427
2.73774
0.970568
-1.70093
0.544384
-10.4005
6.17244
1.31982
5.65405
-0.52381
0.747051
-1.9354
3.25388
7.03222
-0.816657
0.288096
0.88307
1.10162
-113.291
4.16425
-0.815096
70.0958
1.42084
-2.1147
0.0915826
-0.602978
-2.28795
-1.56336
-6.99816
-3.62434
-41.5863
0.266512
-0.128603
3.13818
0.0806059
1.19685
0.897412
-5.62126
0.223041
-1.07513
4.12408
3.02107
-2.42404
-19.5679
0.56711
-4.945
-1.15565
1.1235
0.0475003
0.454455
-0.853345
0.137803
-0.600921
1.33932
-0.470178
-1.0087
1.10836
-47.4198
-0.648519
-13.5321
0.0986298
-0.116607
0.983058
-2.00023
-1.79523
0.89789
-1.73577
0.192617
-0.393188
-0.12816
-1.35912
0.575092
-16.3056
-1.14934
-0.784294
-0.0886926
3.84751
0.454736
-1.83628
-5.19302
0.638113
14.868
0.19097
-1.06518
0.266362
-0.448105
0.62114
-0.231878
1.24426
-0.168506
0.84869
-0.203731
0.0746873
-14.8463
1.32717
10.085
-0.596665
1.12159
-0.439224
-9.49836
-0.768994
-3.36832
0.715288
17.3435
0.746023
24.5962
0.673001
2.06121
-0.360254
28.9121
1.07559
0.948291
4.26594
-1.22638
0.532656
3.72774
1.33756
0.229361
-1.67094
-8.84211
3.43134
7.85838
0.510205
-3.4122
0.552253
0.355819
0.167132
-0.276183
1.18173
1.57177
-2.51461
10.7751
-2.28461
1.0951
1.49343
-1.5094
7.32016
-2.87536
-0.368324
1.35323
-0.0873133
-0.99427
-1.03154
2.30695
-3.09996
-1.73651
-0.570163
-2.00743
0.0369792
-9.32177
2.00561
-2.03313
0.682373
3.44041
-0.280568
-0.0640804
1.53307
-0.289502
1.33378
-0.27885
0.691243
1.10014
-2.2453
1.41801
6.11657
2.88615
4.10982
1.18697
-0.0263709
-1.03957
-7.59214
0.103801
0.654579
0.536233
-0.199603
0.706129
200.732
-0.0994714
-13.2833
-3.11234
-2.31734
-0.929501
1.96442
0.503135
1.86013
-0.556866
0.971453
-2.34591
-0.612016
-2.85461
0.689792
5.98158
-0.815864
0.130853
-23.8801
1.56027
-2.33672
2.40493
0.406558
-0.670936
0.578478
-0.582631
3.75154
1.11782
3.91661
-0.629828
82.0949
22.1879
-2.69967
2.84278
0.841776
0.968036
-29.9992
-25.4666
-0.672678
-11.4245
-0.41559
-1.5116
0.652203
1.93897
0.0448523
-23.8506
-0.140509
7.03557
1.8725
-0.0393138
-1.57804
-2.34747
3.40516
-1.59986
-1.75278
-2.18713
-4.1513
-1.12951
3.06324
-4.3844
0.0207665
-0.0379771
0.923213
-0.93872
-0.793085
-0.0787233
-1.70026
-0.457375
0.482715
2.5385
0.576446
1.32015
2.76087
-2.48509
6.10041
-10.6378
0.110295
-1.50193
0.326993
0.526909
-0.855216
-7.81736
0.0773099
-0.155356
-0.177632
-1.61117
1.3345
-0.839285
1.49302
-0.0713192
-0.0153388
1.51749
-4.90073
-0.965178
-3.90429
5.76021
-0.66523
0.0582316
-1.03858
-0.594425
2.17047
-2.79381
-0.95673
0.262698
-4.39559
10.2408
1.50563
10.8716
0.0115961
0.0642323
1.63194
-0.853754
-53.5013
1.22905
1.50333
0.574396
-0.231901
0.72052
4.97866
-0.00169627
-0.239435
-2.09261
1.61202
0.485468
-1.63242
1.20716
0.354675
-0.19122
-0.121679
-0.197581
0.38783
-1.45842
-2.41883
0.442488
-0.565869
3.76038
-0.518543
0.914429
-0.0819322
-1.01177
5.78175
1.42597
0.0158769
-1.31057
-0.444079
1.81384
1.67264
-1.78965
-0.887969
-0.710909
-1.01271
0.0723491
0.133798
1.22035
0.333333
-0.010697
2.02072
6.55934
1.02371
-3.26616
4.47123
-0.124714
0.475954
-7.73359
1.75363
-0.548326
-0.215542
0.478025
0.902165
-1.02774
3.11025
-2.39352
0.134713
1.1707
1.46039
0.205592
-0.393671
0.437473
-0.959446
13.1355
1.62534
-0.787534
0.144093
-0.285053
-1.57453
-0.00822505
-2.36092
-1.90484
1.61087
0.173494
0.285198
-2.86986
-1.12615
-1.60984
-0.0705619
-1.70529
0.88866
0.233135
-3.73069
-54.9432
2.01977
-0.431524
-1.4695
-85.8075
-1.49258
-2.45801
-0.233243
-1.84465
24.4075
11.6926
-0.658246
0.809738
0.64673
-0.262556
0.312867
-2.54755
0.889897
-3.30941
-1.06578
-0.577682
0.307419
2.90888
0.951806
-0.598128
0.0172316
5.58669
-0.0788421
-28.9851
-0.625286
1.82564
4.78168
-0.248114
-2.03705
2.19371
-0.313816
3.18026
-0.53927
-0.0043554
3.9101
2.75789
0.713432
0.0899744
-2.49447
-0.807593
-62.2806
-0.363973
1.17834
-1.35697
0.445355
-0.566794
-0.780889
-0.633864
-0.490055
3.43834
-0.215833
28.6313
1.1008
-2.17975
1.24379
-0.382417
-0.396663
1.13237
-1.32351
2.76248
-1.05813
1.36119
3.09208
52.4505
0.722115
-0.0672963
0.653988
0.166921
0.623483
0.383001
1.46001
-0.43312
3.93365
-58.9722
0.299972
0.714024
0.795574
-0.656616
-3.57481
-2.14959
0.522925
1.03876
0.370491
-0.587434
-4.61925
-0.946772
-1.22693
-40.3886
-0.0398456
-0.844716
0.0871886
-4.43822
0.0967709
0.328824
-1.73535
-1.82046
-1.9887
0.0492733
0.101244
-5.7367
-0.929919
-0.452825
-0.404492
1.03376
-0.0739812
-3.1751
-3.8028
-1.797
-1.21364
3.37687
2.02873
-0.935066
3.05221
2.25867
-1.06486
-1.80014
0.392015
2.88091
-0.519066
-0.626624
0.473523
9.50432
-2.13569
-7.05145
3.18247
0.697586
-2.3682
0.331939
-6.10306
2.18542
2.8588
-6.66875
2.90304
-1.21131
-0.759247
-0.359252
-2.10434
-1.893
-4.87421
2.45865
0.0651713
-0.530122
-1.82855
2.04817
0.549233
-0.015185
0.527809
-0.653729
1.42365
0.0565413
1.98376
0.269605
3.28791
1.06353
-0.127395
0.816228
0.580036
0.897485
7.91634
-0.0556247
1.55322
-0.0696244
0.428518
11.4779
0.0138838
1.42945
1.63415
-0.899216
2.21502
0.700574
-0.855592
-1.21122
-0.000243769
2.34075
1.93584
0.245182
1.09929
0.842962
-3.7573
-8.7028
-1.86785
-1.82202
-3.23715
-0.919672
-2.30603
0.966193
-14.8464
3.00489
0.525657
-0.156007
-0.342006
0.345852
1.24263
2.94317
-0.098414
0.0752864
-0.69888
-2.20004
-2.35448
-3.88784
0.693812
-0.510534
-0.492293
-1.44578
0.381362
0.0658865
9.96598
2.75597
-1.24363
7.42384
-0.980898
-0.904345
-1.07292
3.48004
8.41777
0.833715
0.766155
-0.960914
1.16817
-9.12046
-0.011399
-3.0586
0.0305522
-2.07682
-0.314785
-3.48615
-5.35879
0.0713599
-10.322
-1.63575
-4.90306
0.623511
4.76245
0.66974
0.794548
-2.46386
0.511498
16.6009
0.645048
4.91061
2.97681
2.96655
-2.29947
2.01508
-0.0776958
-0.772746
3.94348
-1.58237
-0.316014
-1.53455
1.04163
0.417011
-3.43394
0.00167372
-22.2771
-0.368306
0.889448
-0.746872
0.43362
-1.33745
0.29298
1.01758
1.13745
-0.736781
2.61298
1.03028
-0.937166
0.0687017
-2.24957
0.206167
-1.60477
5.43519
-3.18187
12.3007
1.12611
0.612579
3.01926
-0.125856
-0.561581
15.241
-1.20469
0.00336979
-2.34391
-0.816973
-1.1022
0.637583
-10.3098
0.190153
-1.14635
1.68002
-0.798785
4.0394
-1.71234
1.71853
9.11062
0.3247
-3.01781
-0.527338
61.961
-2.73086
-0.169291
-0.804314
0.199483
-1.83659
1.68368
-0.821203
-0.83444
0.588261
1.68884
-0.776125
-11.3164
-2.3369
-0.537655
-11.9515
0.257716
-0.122724
-0.154082
-2.28679
-0.457717
0.476988
2.01717
2.12769
3.06373
-0.901208
0.925843
-2.43128
148.783
-0.0665453
-1.02461
-190.973
-0.0818288
-23.826
0.364985
-13.2202
1.07948
-0.522017
8.08642
8.50076
3.60444
1.25604
-0.0197051
-0.842311
-5.42332
-2.12686
-2.77943
-0.294493
-2.998
2.19248
21.3299
0.518749
-0.932676
-0.960874
-0.0859748
-1.57692
0.47205
0.291243
-19.4803
-5.45627
0.475905
0.602454
-0.13135
0.909005
-2.1151
-3.07886
1.00101
1.53003
-0.331481
1.36843
-2.07434
-3.32594
-0.855435
1.94518
0.174799
-0.652426
1.18326
-1.90614
-5.23239
-0.556093
-2.4344
-0.0206863
17.7308
1.42676
0.603439
0.271394
0.214489
4.93299
-2.91752
7.757
1.8773
-3.07131
0.419474
-1.85847
-0.69278
-0.0713574
0.0656176
0.0454648
-1.12076
-1.23525
0.579575
3.10989
0.157379
-12.4751
0.426593
-0.57964
0.294129
-0.641683
-3.10794
-0.48824
-12.6281
24.0152
-16.7345
-0.393131
1.95181
9.35737
57.3658
-0.637599
-1.011
-0.515077
-4.20476
0.0275723
61.7569
-0.224648
3.78178
-0.588592
-0.807301
-0.945386
-0.780131
-0.506802
-0.0135724
1.26909
-1.30028
-1.12684
-0.262133
-1.20381
-0.525599
-5.73841
-0.0291046
0.66733
-11.0761
0.624173
-0.834372
0.595749
15.2617
11.4439
1.3158
14.9474
-0.688251
0.561477
0.241669
-0.333476
2.60026
-1.22964
-0.274372
7.5649
0.896851
24.3977
2.03131
-2.76366
-1.38254
-0.00364199
0.171837
0.606185
9.02254
-1.3721
-0.337262
0.157461
-0.132835
1.20702
1.24663
0.47395
-0.251611
1.32166
0.938181
0.97707
-0.970784
-1.55034
0.119024
-0.282654
-2.67691
-0.476897
-1.56541
-0.0222213
-0.29213
-3.30663
2.86197
0.761033
-0.715169
-4.01173
-4.8062
0.698161
2.62195
0.529167
-1.61187
-0.801119
-9.4202
-1.12481
0.689043
-4.1618
-0.609801
0.930206
3.24502
-0.36543
49.9517
-0.324769
-1.12064
0.847276
1.07487
-2.77508
-1.1875
-0.262765
0.167841
1.09218
-1.40161
-2.59293
0.634095
1.18853
-1.81449
0.106471
-0.417077
-0.914476
0.746631
0.546068
0.0641638
-0.0179715
1.01532
-3.7896
0.042165
-0.0817656
-10.6563
-0.69202
-0.221485
-5.05576
-0.423777
-1.84329
0.222414
1.25487
1.33248
0.379562
-5.65654
-0.257938
-0.0580133
-1.47876
-2.42821
9.00151
-0.0297965
-0.172548
-3.37529
0.177481
-0.263051
-1.28929
-0.134634
-0.954622
-21.0819
0.861624
-0.456937
-34.7036
1.71903
-0.129821
-0.550447
-4.91114
-0.286927
5.14501
-0.824025
-2.32921
3.78076
-4.1047
0.238319
0.69954
-5.80373
0.0192069
0.616465
-0.378187
0.71703
-15.4502
2.84267
4.07642
-1.39451
5.56762
-0.978546
1.30884
-0.741609
1.98871
1.47287
6.05254
10.2106
-0.00898846
-2.00882
-30.5325
-0.502202
0.88229
-2.64182
3.74314
0.630353
-5.81701
-0.212076
1.64671
0.0880517
2.96449
1.109
-0.0904297
0.477569
-0.506359
1.98882
0.318668
-0.177795
11.2262
-1.50336
0.594236
0.225495
5.15618
-0.184863
1.13021
-1.03504
0.728847
-1.69967
-0.61533
-3.53011
30.6847
-0.508525
1.31581
0.103669
-1.21438
4.44995
-4.91182
2.73228
1.53535
0.461453
0.853587
-0.238056
0.27183
-1.26317
0.0109674
0.608812
1435.65
0.258625
-0.537652
-3.2157
-2.29744
1.34064
0.108387
-2.53447
-1.64333
0.616218
5.97557
-0.532426
-0.959455
-1.19349
-1.55863
1.63178
3.14448
-0.576297
9.46403
-0.110335
-0.163911
-1.63418
0.0784397
-0.0648543
0.432761
-3.44573
-1.69317
13.231
0.998797
0.029041
5.80325
-0.80809
-0.159813
-4.43077
0.435246
0.438262
-0.0654353
0.512342
-0.298157
-4.55618
-0.592342
-0.296458
0.449333
0.198259
1.08832
1.5729
0.383477
-0.00506333
0.33072
-0.548938
-0.166412
-0.443583
-0.228074
-0.511787
0.834765
-0.953455
1.22605
1.47916
-0.810801
0.0781152
4.59841
-1.08936
0.9218
-1.32542
-0.631808
0.164162
3.12943
0.343296
-0.471255
-218.5
-5.54383
-2.76652
0.0964633
1.74841
-4.21585
-0.23991
-7.21332
4.78058
-0.656872
1.20861
1.83831
-0.450273
0.392412
0.0885625
-5.8245
2.08034
-0.228593
-1.60989
0.183403
-2.1887
2.57238
-1.7487
0.919875
0.572761
3.30759
-0.259231
0.196644
-0.148397
-0.361364
-0.702387
0.140315
-3.553
-0.105615
-0.105082
1.61296
1.56092
5.57564
-2.38877
0.668346
-0.484431
0.417431
0.933401
-1.35947
2.85175
0.515982
4.33703
0.30862
1.35515
-0.906815
4.37836
1.7224
-0.598726
-0.679023
-0.206312
1.64093
0.73322
-1.72451
1.85711
-0.392451
6.07508
-1.93766
-3.55544
3.21887
-0.73999
-1.16055
-0.96726
0.44629
-0.205673
-0.895487
-4.95842
0.292357
-2.20376
-0.238647
-0.189378
-0.934989
-0.00679169
30.7153
0.117843
-0.750009
0.979561
0.862166
-0.575788
-2.06914
-0.728325
-1.5347
5.52613
1.03559
-4.55959
1.37639
-3.65521
-0.316143
2.24586
1.0663
2.82918
0.640807
1.61108
7.02493
-1.81843
-1.38866
-2.27623
0.980181
1.41721
1.90201
1.08879
1.13593
-3.16431
-0.0370684
-0.637356
-251.37
-0.732646
-4.69319
0.10406
0.990799
0.132197
-1.11103
-0.128211
-6.10932
4.12789
0.588824
0.947822
1.64021
-0.999363
-6.13007
12.5559
0.552947
5.02713
-0.459597
1.43262
1.08806
-0.304632
13.6167
0.0106063
-0.00160062
-0.0514599
23.0601
-3.1276
-0.553011
1.20417
2.30527
-0.337207
1.31204
1.24979
-0.763982
-90.206
1.58046
-9.66349
-4.15622
0.605122
10.0409
0.86998
1.82651
0.372576
-0.103307
1.35425
-1.76922
0.397531
-1.44256
0.311306
-1.89884
11.7875
1.05137
-8.16027
-9.69353
0.677916
-1.23096
0.423072
0.247552
-9.71602
0.569587
0.608376
-0.973388
2.39721
-1.50832
0.127105
0.845268
1.23028
0.431207
-0.242414
-0.432041
-0.543694
18.8384
-1.12732
-4.68079
-0.284144
3.07146
-0.136734
1.61474
0.98906
-0.850648
-0.168482
-5.53469
1.12033
0.262899
0.0328559
-0.320474
-0.376898
0.909417
-0.291906
-1.76904
3.11331
-1.91465
3.21652
-0.22307
-4.11744
2.18034
-3.18458
-0.0524687
-13.4506
-1.01084
-3.72412
0.0753074
0.307191
0.129726
-1.5253
3.77683
1.99361
-0.770857
-1.40981
-0.234688
-0.829602
1.04113
0.033398
0.143239
11.8969
76.1868
0.214304
-0.239328
-0.0965153
-20.7235
-0.563036
0.211738
0.44532
2.87844
3.05963
4.25682
-0.183036
0.585948
0.618233
-1.67906
-1.95035
2.10704
0.138642
-3.12441
0.348711
1.37512
-0.0341066
1.69173
-8.9603
-2.32682
-1.01039
10.9675
2.14207
-0.240517
0.562467
1.91661
1.62126
-0.00564807
-0.177252
-4.37854
-0.990428
0.147997
-0.459343
0.0956861
0.49829
-0.960836
-0.620619
0.134101
-0.552959
-3.6983
0.21178
-4.76276
0.311429
-17.1691
0.860513
0.950872
-13.6733
2.11901
-0.332684
-5.22262
-3.47708
1.84547
-1.50711
0.235222
15.5406
0.679685
-1.14603
1.6111
0.377786
19.3352
-0.456231
-1.18473
-0.569648
-1.88381
-0.210193
0.856851
-0.0504447
-0.823309
0.166745
0.329496
0.882041
2.1212
-1.57294
-0.207072
0.0819094
-0.1205
8.97756
0.300353
0.030169
3.33622
0.517161
-0.0532512
-6.57558
0.737866
-5.25904
-1.26481
-0.173607
3.98929
1.01238
-0.152187
1.36497
-0.188457
-0.553845
6.10744
-3.14048
-1.12464
-0.119246
-3.13764
-1.50008
1.97918
0.800562
4.68318
0.816953
1.5189
1.31778
5.35874
0.195907
-0.177486
1.78657
-1.77787
-0.273933
-0.855528
0.141713
-1.03011
14.7841
-12.4987
0.259336
0.727728
-1.05949
-0.136837
6.78123
3.51241
0.246939
0.678504
-0.81951
0.971348
1.29151
-0.434477
0.879082
0.238746
-0.249501
0.559401
-0.839642
0.263139
6.84851
1.3614
8.27334
-1.91133
-0.0304455
0.404713
1.39773
0.707819
0.168113
-0.286337
3.6646
-0.885546
-0.529879
0.521199
-0.440984
2.4122
0.928517
-0.897149
2.10264
-0.895732
19.5035
-1.84469
-0.277069
1.09688
-1.00927
-0.245183
0.836276
-2.63502
-0.554634
12.6084
-1.43243
-1.05521
3.49651
1.5522
0.39136
-1.85207
10.7156
-0.0742503
0.454378
-160.614
-3.0364
1.1334
-4.41808
0.356377
0.388717
0.868593
-1.04616
-11.349
-0.811047
-0.747247
-2.71387
1.05098
-0.127332
0.705825
26.1698
-43.6612
-1.14235
12.2083
-0.355966
-2.46594
-1.62205
-1.85197
0.332155
-0.270992
-10.5584
-0.598631
1.99928
-0.88009
-1.1564
-0.89372
0.628776
1.13066
0.381577
0.353034
0.476606
0.536659
-2.39985
1.04108
0.268059
0.163755
-2.02802
-0.151855
-0.0968577
0.653178
3.93757
-0.227494
-0.702467
-0.00105625
-0.487233
-1.27494
1.96433
-1.40349
0.352177
-14.8167
-3.90456
-0.691854
0.854957
0.669832
-0.464589
2.01057
0.943448
0.124271
2.65276
-0.493854
-1.74509
0.73541
-0.462885
-1.35288
-2.03138
8.42278
0.877954
1.52774
1.81797
-0.85234
-0.10751
3.09282
-0.646519
0.525267
-7.03502
-0.173213
0.671084
-1.1085
-0.0214442
-1.01084
1.73666
5.28344
-0.145955
-0.218348
-0.91368
1.18108
0.299443
-1.14228
4.39004
-1.92918
0.622005
-7.46325
0.258189
12.6501
1.24112
-0.533095
-1.0618
4.24822
-0.176019
-0.886632
1.44897
-0.939205
-0.87201
3.2827
0.659107
1.13179
2.93517
-0.496562
3.21218
1.02352
0.157013
7.12654
-0.295816
1.08447
-1.77164
7.47668
0.0380489
1.19584
0.174987
0.724508
1.54349
2.18233
0.332217
1.32869
1.57602
-7.75477
3.85958
-1.00933
1.75297
0.0544319
-0.214317
1.144
-0.0847813
1.89576
0.826404
0.120098
0.6886
-1.01256
-0.0329292
-2.0915
-3.07477
-1.15202
-4.81252
0.259497
1.53206
0.0348897
-1.58261
1.18086
0.129801
-2.31448
-0.644538
0.571974
0.756049
-0.188939
1.35503
-0.121516
-0.133553
0.550088
1.47408
1.10782
-8.94172
-2.742
3.39695
-2.01982
0.555717
-4.44198
0.0551716
-0.89186
0.589928
0.490483
0.491975
-1.19981
-1.28092
-0.355551
-0.659839
-2.26606
1.24469
2.3201
-0.075247
-0.756794
-2.75879
0.431368
-1.53905
1.89987
1.66519
-0.640097
-0.945442
-0.0652157
-0.81565
-2.7585
-9.75508
2.94698
0.68533
-3.05896
-1.17853
9.25514
-0.370657
2.79786
0.457458
-3.15377
-2.01957
0.512228
3.56955
0.156914
-7.25296
-1.25496
0.474099
2.54768
-0.529472
-0.102797
-5.1732
6.65393
-24.8068
0.797164
0.140469
0.331613
69.4277
1.31273
3.51505
-7.78202
-19.6237
-0.0845318
-2.40128
-3.05866
0.719924
0.682676
0.145604
0.183636
-45.3822
-1.80133
2.59466
-5.55407
2.21717
-1.61712
-0.24717
0.587205
4.46711
-0.9058
0.87982
-1.15205
0.432615
4.94066
0.175563
-0.067575
-0.801906
2.97983
-0.26604
-0.467986
-1.03536
1.00675
-0.0312907
0.954902
-1.92303
1.68209
6.87286
-0.0738246
0.147629
24.9577
0.306132
-1.04582
0.959
-0.812772
0.495421
-0.710693
-0.740075
-0.0523878
-7.56282
0.8046
88.077
-0.0110313
-0.694111
3.98125
-0.269109
1.18116
-0.575876
2.04325
-0.776967
-0.428317
0.536784
-2.12258
-0.103094
6.03314
-1.22545
0.77814
3.35263
-0.413493
139.78
1.1523
-2.90803
-0.426414
-0.222336
1.33583
0.227631
0.0355594
1.6918
1.63768
0.496921
-0.51119
1.72133
-0.299746
-6.1927
-0.213296
-0.877917
0.440776
-0.292908
70.5955
-1.25706
-13.6147
0.563698
1.19151
1.97415
-1.61053
-8.16933
1.50865
-0.743413
-1.38929
-0.768649
-0.163359
0.231925
-0.933101
0.534778
-1.74239
-0.727823
-2.25375
-0.0778755
4.69739
7.70564
0.961152
-0.51606
-0.854747
1.54439
-42.8884
-3.57418
1.26752
-0.991583
2.29465
-0.887542
0.144765
0.749302
-0.684985
-2.32856
-2.19508
2.86422
0.527372
-0.208506
1.44262
-1.41355
0.582297
-0.751683
-0.097564
15.908
-0.121762
-1.75904
0.27625
0.105668
-1.12892
-4.32534
-2.97704
-0.0986478
-1.24505
-5.64774
0.859738
-6.75515
-0.904886
-0.312079
-0.064806
0.328529
-0.951408
-0.400656
0.146283
1.43998
0.241433
-1.58229
5.21557
-1.08038
0.107103
1.84085
-0.714771
1.00774
-0.551813
-1.4212
1.32818
0.280714
0.796891
1.32215
20.8608
0.00226535
-0.914429
0.332016
-0.523404
-1.64133
5.34939
-2.43559
-0.254483
12.6915
-0.566018
-0.525073
-4.17979
1.50421
-1.77013
-0.485011
-0.74885
-0.436565
-2.91809
0.413308
-0.271101
1.71087
-0.0455493
1.06895
-16.3984
-4.97842
-1.16635
14.1654
-0.0328863
1.76009
0.348474
0.564289
-0.377939
0.384888
13.728
-0.805282
0.859832
3.7553
-0.868824
0.265685
0.510178
-2.20137
0.585311
0.545105
0.454371
-0.425241
0.585757
-0.695799
-4.30509
261.631
-1.33419
-32.5436
6.10468
0.869208
3.99268
0.328161
30.8425
-1.34077
0.45554
2.39664
-37.2166
-1.56725
-0.992356
1.92126
-0.732544
-0.29943
-0.852548
-7.28291
0.601521
-0.345281
3.88991
0.33164
0.476747
-2.37807
2.56299
-0.126506
24.1087
-10.2941
3.08663
1.54034
0.874843
0.087807
0.123884
2.96505
0.57569
-0.405125
-2.24546
-0.895532
-4.89775
0.87115
-1.78988
-15.4657
1.321
8.08149
-0.278873
0.376256
1.79778
0.412687
-6.22279
0.328633
-0.83502
-1.76772
-0.906069
-0.156226
7.70714
2.97682
0.351997
1.69403
-0.346809
0.0664522
0.780612
0.697813
-4.78388
-9.8675
-1.45899
-21.7789
-1.42567
0.334821
0.0763992
0.939516
7.51884
23.6906
-2.18137
-1.14062
1.25754
-1.42767
-0.0204034
3.62221
-2.63385
-0.253969
-1.15606
4.7663
-0.946392
1.74166
-0.858481
5.9083
5.5231
-0.555256
-0.645964
-15.2986
0.538702
0.682251
0.77453
-0.176115
-70.6064
-0.30259
-0.166157
-0.830004
0.225989
-1.00924
6.44932
0.487492
1.75933
-1.01922
0.22727
2.52233
1.98114
-0.68112
-0.477695
-3.07532
4.40085
0.241151
-9.01037
-3.01968
0.227332
-0.228036
-47.0053
-0.328705
-1.46398
-1.5189
-2.54956
-0.844198
0.398015
-4.40759
0.490431
-0.013061
0.140029
-0.0183341
-0.670574
0.619976
-0.620136
0.042282
-1.79453
1.53156
-0.210162
0.388111
0.216231
4.35578
-2.56693
1.38483
-13.0257
3.02709
0.950999
1.17772
0.046221
-0.196035
0.748404
4.72986
0.920729
-7.42895
-4.24853
-1.26935
0.110435
-0.829669
-3.414
2.43669
-2.13165
-1.81481
0.0244519
1.14249
0.966543
-22.7555
0.811116
8.33248
-0.558942
2.04724
0.862595
1.19118
-1.28238
-10.5922
-1.10488
1.54418
-1.42337
0.390745
6.21598
7.13149
-1.05759
-2.66192
0.42973
-13.2652
0.579083
9.20285
-0.753266
0.963916
-0.964921
-1.33588
-1.63923
-0.229055
1.17799
-0.544117
-4.01046
0.272608
0.425371
0.128957
-1.82385
-1.24816
0.913774
0.621158
-2.44994
0.0276327
4.61184
1.23927
0.0976779
0.627093
0.490302
0.341157
-0.21985
0.651948
-0.825806
-4.90146
-0.283512
10.0811
-1.01481
0.0864819
-0.0484136
-0.111121
2.27767
-0.332836
-11.5243
-19.1215
0.109531
17.5956
-2.48249
5.96825
-0.126775
-0.208902
1.17083
-0.632171
-0.21565
-6.57926
-1.26258
-8.92076
-0.493986
-3.41193
-2.84038
-0.621708
-0.122514
4.4894
-0.328704
0.36797
-0.434947
-0.824911
-0.0142723
0.808168
-3.19161
-0.876002
1.79834
0.107477
0.202608
0.584454
-16.4563
-1.54906
0.268967
-0.97083
-0.695893
2.61814
1.14736
-1.90917
-2.15984
1.41496
-1.68245
-2.48571
-7.30538
-1.71988
0.357656
0.433438
1.64481
0.653137
-2.2986
-0.571095
0.0881849
12.6954
-0.615903
-0.0707085
0.471527
-1.79962
0.0677357
-0.611709
1.27802
-39.7057
1.56021
-1.38323
-0.681517
-0.202252
-0.262452
-0.0155463
1055.61
-0.565099
-0.852039
0.546476
-1.62796
-0.328697
-0.694758
8.20538
5.07924
-1.01299
-2.1736
-0.144167
-1.20617
79.642
-0.0521116
-0.315674
-0.394305
-2.05019
0.605531
-2.53461
0.103959
0.282866
0.480009
-0.720804
0.823682
0.203164
-5.66309
-4.21313
1.83286
-0.309417
-0.491335
2.42951
8.6992
0.393876
0.904953
0.00767399
-1.13929
-0.141824
2.10728
-5.52222
2.08581
3.24691
7.14732
0.723211
-0.629645
-10.811
-0.0456211
19.4768
-2.60594
-1.05902
0.0567845
1.55268
-5.52596
-0.75699
-2.59588
0.632678
0.820751
0.0938504
-0.833505
-0.248477
0.969079
-0.313708
-0.422516
1.61956
1.75461
-0.209444
0.198988
1.20723
-0.794879
-10.6017
0.545173
1.74486
-0.752379
0.359169
-0.286996
-0.282137
-0.347105
-0.953521
2.6016
2.06731
-0.0128941
1.34959
0.397091
-3.28579
-1.15074
-0.336389
-0.104849
0.682791
-0.428397
-1.20894
0.661963
-1.56693
-1.79732
-0.171752
-0.668149
-1.56842
-0.336944
-0.208448
-1.94361
7.08922
-0.437933
0.533892
0.335379
-1.87758
0.778673
-8.23466
-0.313641
-0.00401212
0.289019
6.53788
0.725215
0.449027
-1.73682
-0.071006
0.805376
0.0358005
1.30617
1.53939
-67.093
0.664746
0.281426
0.234356
-0.947613
-0.0877453
-0.0827442
0.621201
-0.255024
-3.01088
0.449935
-0.515077
3.85608
0.160087
-3.38044
1.29814
-47.7967
1.50826
0.0348391
-1.07695
-3.48985
1.22916
0.0410866
-1.32817
0.266546
3.50504
-1.04264
2.00177
-5.79539
-1.65739
-0.0270017
-0.191263
-0.449869
-53.5174
-0.0804174
-3.16716
-0.609412
0.331525
7.04041
-1.08277
-1.00758
0.741127
0.286096
0.531046
-3.36103
0.728309
-0.384802
5.76566
-5.31337
-20.4052
0.191719
0.320377
-5.30236
-1.49008
0.732211
2.77304
-68.5754
0.526172
-1.59772
-1.15483
-1.73052
0.27722
30.7272
-0.118597
0.45336
-0.595013
-1.03128
-2.59037
-2.82509
0.596931
1.72277
0.186809
3.24853
-0.18108
27.8633
1.53128
-1.31389
0.249518
-0.437903
-0.029433
-0.392642
2.16389
-1.10421
0.425434
105.201
-8.86351
-17.8291
0.118723
-0.671474
1.71013
3.58646
0.0757626
2.09139
2.96351
-0.113171
3.5717
-3.59211
0.0897513
-1.75298
-0.596601
-1.09121
1.45081
1.08157
-3.5308
0.524946
-0.975263
0.637056
-5.38762
-0.529128
0.655471
-0.258216
-1.99705
0.640013
1.54118
-23.8623
0.105492
1.43807
-0.137726
8.39531
-1.85799
0.428013
-0.773682
-0.586693
-1.19456
-0.232472
-0.0438398
2.15112
-0.485906
0.0277
-38.3383
0.127016
0.534475
-1.03717
-23.9203
0.830636
-0.190697
2.33363
-0.287752
1.86157
0.824332
-3.50729
-32.5352
-0.44845
-1.90036
0.0593061
-1.72367
0.373624
0.347779
-1.1765
4.05216
2.81354
13.3974
0.365495
2.3307
22.3711
-0.518397
-2.66139
5.35198
1.54529
1.15686
-1.99374
0.120419
0.956997
-0.272408
-7.16808
0.425438
-0.69312
18.8667
-0.518336
-2.06836
37.0178
-2.15487
-1.32542
-5.78119
2.36013
-2.74556
-1.77622
-0.0607598
0.543452
-0.279463
3.15723
3.03177
-1.87719
-2.63213
-5.89261
1.10448
-2.31805
0.0790651
1.15513
-0.374236
-1.07039
0.418381
-1.05613
0.250433
-0.842591
1.21195
-0.422735
-0.277936
-0.112697
1.9736
5.92815
35.8689
1.14205
-2.85797
-4.95212
0.856805
16.1923
0.0340145
0.182649
-6.46057
2.67535
1.27813
11.118
0.333411
-1.94519
-1.45649
-0.539834
-2.52558
-12.4704
-4.14376
1.13045
-1.53443
0.17691
-3.1284
-1.8589
-3.20697
2.57102
0.179178
-1.23372
-0.986121
0.359146
-0.378587
0.364033
3.08104
0.128799
2.42136
1.08746
-3.27498
1.4837
5.48104
-0.383843
-0.601104
3.09804
0.456374
-3.98105
2.85212
-0.818047
1.95163
1.12983
2.40205
0.154775
-1.63195
-2.76683
-55.9102
0.422111
0.0522369
-2.21534
2.48167
0.615451
-0.964023
-1.24747
-0.11903
-1.54775
-36.8425
0.844137
-5.10729
0.962947
0.768858
-43.5618
-12.8846
-0.203513
15.5067
-1.15631
-0.442257
-0.131878
0.101253
3.1123
-0.902343
1.81441
-1.16979
0.675061
1.96988
-3.91553
-4.69037
1.3234
-0.905532
-0.627491
6.46815
0.424743
-0.596978
-0.559706
-0.0635291
-8.82414
0.898795
0.33924
0.091274
1.53203
-0.0214209
-4.48007
-105.298
0.671276
0.575986
3.38038
0.965535
1.91794
-1.09396
-0.751093
-2.24319
-2.12263
13.6616
1.35162
-0.555158
0.0992766
-4.03244
0.642684
-0.606252
-0.359465
4.12636
1.03369
147.192
-1.0285
1.10928
-0.59243
0.340549
0.893815
0.612553
0.519533
2.27233
0.454298
-0.46107
-0.313706
6.74774
-1.31182
1.54214
-0.122788
-1.8831
0.138561
-0.214826
-0.0254326
-0.351593
23.9943
-0.89365
0.0437008
-0.274968
0.574508
-0.464484
0.235704
-1.5436
1.90147
0.539988
-1.41314
0.926146
-0.727767
-1.29378
-1.8593
1.14627
-4.31848
25.9039
-0.989212
-1.16909
0.179212
-6.04786
0.201325
1.17602
0.0590564
-1.96312
2.25762
1.98039
0.433978
-0.735753
-0.393214
0.235641
-4.68194
0.859008
-0.482701
-2.22991
-2.63089
-3.13205
2.66332
2.90024
0.0566199
-0.34217
0.4392
2.47993
6.42645
0.523895
0.578469
-1.5295
1.94444
-1.02763
0.608975
0.585101
-0.528427
9.86473
1.71133
-0.0407485
3.07582
-0.673884
9.2131
1.34223
-70.5739
-0.286476
25.3536
-4.00791
2.18043
0.988753
-1.09214
1.54002
-2.43304
-0.610334
0.766729
-1.59958
-0.217058
-1.18086
-142.126
-4.41136
7.20471
1.86723
-0.36786
0.759387
-1.80227
-0.726541
-1.85421
-1.88286
-0.826758
-3.52687
-0.882148
-1.09177
-0.162105
2.5559
-0.512325
0.208262
1.61349
17.6398
-20.5464
-4.57177
0.364332
-2.32794
-5.97334
0.0945938
0.236682
-16.254
-0.229171
0.70341
1.11598
0.547619
-3.22798
-0.275528
-16.4559
0.110246
3.31686
1.12979
0.628208
-0.733825
4.88848
19.64
0.390586
-0.964706
1.63257
-1.45928
-0.689125
-1.32574
-1.21296
-0.686819
-0.834516
-1.09743
-0.440495
3.24372
0.613877
1.08813
-4.96034
-2.28118
-0.962456
0.445465
-0.489556
0.295685
0.224735
-0.794057
-2.8223
-2.29984
0.953276
-0.999452
-0.793923
0.251336
2.43038
-0.625
0.654714
0.601513
-0.262564
-1.26041
-1.16932
18.427
0.375989
-3.34391
-0.317155
-0.345468
-0.0829123
1.26047
-1.29981
-0.403731
-0.331929
-0.10608
-1.8857
-1.07795
35.8228
2.46138
0.450515
-3.42329
0.687416
1.0783
2.30664
-0.240303
-1.59688
0.0767499
0.0636664
0.432096
-1.01093
0.468488
-0.397853
-0.877911
0.771869
-0.39921
0.564621
0.721712
-1.60363
-0.408531
0.0951627
0.903509
-0.316684
-30.4584
0.200506
1.01714
-0.229307
3.50259
-8.16242
-2.38856
0.332863
0.941895
-0.14517
-2.0815
6.65511
-1.46392
0.882632
0.0791717
20.6541
0.493874
-11.4182
0.0901546
0.00770641
0.24695
0.223359
-3.11304
-18.4947
-0.453421
-0.869986
-0.197305
2.55444
-0.504226
-0.368092
1.25142
-10.8058
-0.321327
-0.138369
0.375755
0.0781801
0.658069
-0.500349
0.196255
0.937748
1.04638
0.106256
-2.32826
0.113361
2.20187
-2.68516
3.05008
-1.5589
2.7077
-1.48724
-2.7216
0.842069
-37.155
-4.75377
3.77832
-1.07241
-1.08816
-0.383604
-0.279045
1.52547
-4.62019
-0.255062
-1.09367
-0.088764
4.12741
0.300459
0.0598115
1.77856
-0.129196
0.639422
0.186948
0.180145
0.0389231
3.42156
0.398339
0.343427
-0.437074
0.902042
0.522498
0.0239142
-1.14309
3.61693
2.48576
0.048989
-0.126911
-7.98924
0.083808
2.28746
0.0632747
0.265718
0.378282
-2.28647
0.00187118
-0.293944
-0.454073
-0.812511
-0.458254
0.236075
-0.16106
0.555055
-0.835867
-0.0289945
-4.50265
-1.08698
-0.355636
-79.4768
-1.47329
-1.97417
-5.25182
-0.0782701
-2.78194
-0.397164
0.237629
-0.928894
0.821182
-2.32337
1.71176
0.126925
1.32264
0.248615
5.5267
0.151685
-12.7714
0.416868
0.25989
-0.697804
-3.64653
1.77025
0.526895
0.519682
-4.19756
0.615048
10.178
12.6085
0.332374
-0.421798
0.225267
23.2261
-0.831642
-5.94118
3.21938
5.04881
0.206156
-0.147047
-0.127092
-3.71187
7.34303
0.163836
0.939257
-0.244567
-2.65925
-2.09709
4.08847
0.633079
-0.37382
-6.27212
-3.16209
-1.07419
0.589423
1.50923
-1.22939
-10.1266
1.5364
0.503607
0.54966
1.53027
1.13085
-1.38834
-0.987715
-0.253031
-2.44292
-0.335923
0.67244
0.490308
-1.1767
1.25849
-0.979446
0.820632
0.675953
0.265205
-0.0861934
0.708248
-0.735125
0.853512
1.37952
0.0612944
0.0911242
-1.99604
-0.114138
0.605461
-2.00251
1.30504
-0.847798
0.704628
0.816576
0.421495
-0.237119
2.13923
1.11628
0.590343
-2.16234
-1.31463
0.868885
15.8183
0.311418
3.76772
-0.626015
0.32511
1.92471
0.828604
-0.213096
2.62845
0.202596
-0.873488
2.72476
0.0363936
1.40629
7.50995
-1.00424
-0.273159
-0.496896
0.976793
-0.361814
4.65982
-1.66076
1.26306
-2.56235
0.320819
-7.35583
0.782341
1.22708
-0.331598
-1.97733
1.40942
2.97904
-4.3377
-1.95848
-0.296069
-0.272599
0.499799
1.87487
0.415128
-3.96144
-37.8861
21.0833
-2.08191
3.34241
0.683451
1.12099
-1.12855
0.960337
0.299345
-1.37014
1.04526
2.27566
1.16694
0.598967
0.0547808
-2.27318
0.443573
2.21879
-1.16051
-0.597652
-0.199961
-0.37903
0.986607
-0.614143
-0.354478
0.0773364
-0.698406
2.1496
-1.58832
-1.12896
1.07399
-2.04829
-0.330499
6.99576
9.66237
-8.35184
1.31339
0.299502
0.754411
0.314021
2.52921
0.231019
1.64821
-3.11625
-2.42533
-0.934611
0.397215
4.5668
-0.0143611
1.53382
5.29401
0.0491026
3.84343
-0.614086
-0.127792
0.900491
-0.685145
-1.20222
-1.40113
-0.0844418
0.0320942
0.159596
-3.3165
-0.552046
-0.434339
-0.455751
-4.63011
-1.16511
-0.408471
-0.209019
-0.13789
-0.60445
2.5224
-0.320426
0.818601
1.06583
-5.90029
-0.197784
-0.544739
1.77983
0.956849
-0.00518137
-0.340473
-1.03043
0.133705
-0.858972
-0.568302
-4.47502
-0.839415
-2.66599
0.317635
-0.490977
-1.43322
0.196971
-2.83363
-0.230973
-4.81036
1.55424
1.88516
0.821488
-4.55231
0.516581
0.420663
-0.0557245
-0.910168
-3.36129
1.64457
-0.0166774
36.6653
67.9863
9.90753
-1.29294
-0.765884
-0.25525
-0.374536
-0.559816
3.56434
-6.37659
-2.2481
1.04503
-0.0220212
2.21848
-2.05123
3.72356
1.2899
-0.346291
0.937778
-0.324556
-0.361637
-0.733343
0.342517
0.104682
7.07725
-0.043106
0.270463
-0.751092
-1.62463
-0.0299315
-0.625
-0.363738
4.15515
-0.756812
3.07512
-1.99876
-0.111411
-0.548038
-2.54551
0.282144
0.910687
3.3635
0.483581
123.251
1.16339
0.721988
-0.152428
-4.45898
-1.0657
-1.47121
-0.577685
6.12599
3.73801
-0.191095
1.40661
-0.515282
-0.622172
-0.0388645
2.14218
2.72896
-0.544788
0.83892
-0.0861303
-2.25261
0.709321
0.0909137
-0.963991
34.9061
0.0379236
0.864194
-0.779045
1.00509
2.03878
0.817022
0.515087
-2.22052
0.614388
0.165986
0.451249
0.33726
1.82275
-1.01944
0.494672
-1.02484
1.18894
-0.244235
0.717542
1.74797
1.02083
0.637733
2.68553
-8.17268
4.41191
2.99938
-2.64205
2.12292
-0.308537
31.8769
-15.0431
0.420093
0.369948
-0.561732
-4.80798
-0.12868
-1.89716
-0.422959
-1.4894
-4.65143
1.62159
0.279509
-0.0217733
0.905023
1.58058
0.486338
2.8155
-9.96627
0.0641759
-0.0275268
-0.249572
-0.303648
0.220585
-0.0792969
0.0205094
-0.0195878
-2.52965
0.652775
-0.719784
0.569618
3.32775
-0.672157
0.904507
0.33166
-0.513172
3.54951
42.4248
-4.72917
-0.732263
-0.175787
-4.48087
0.81964
-0.0527766
-4.48439
-0.471187
1.87163
0.0617457
-0.448028
1.54295
762.183
6.64102
-4.36317
-0.107295
-0.295981
0.434298
-0.656315
-0.762246
1.8523
-0.292029
0.974319
-2.97227
1.41274
-0.247627
0.807208
0.780643
-7.84024
0.545879
37.4517
1.46499
-0.250272
-0.576491
-3.68952
0.862413
0.189133
-0.541798
0.407866
0.382448
-0.352998
-1.73186
3.71035
1.65139
-0.0248401
6.78175
0.0911485
0.244561
0.890404
-0.0516741
-4.09218
0.474522
5.4587
0.463105
-6.27403
0.268455
0.232555
-1.07547
-1.00208
1.47908
-0.459183
-0.906579
1.79766
-1.60741
0.247309
-2.23377
-1.8339
-0.634448
-1.4846
0.102711
1.79339
2.27801
-34.7309
-0.932834
-0.241815
-2.15103
-0.00131359
-0.889116
0.0768208
-4.58552
2.04982
2.14863
-1.39262
0.546658
3.0931
0.962952
-7.5208
4.45522
2.20171
0.0475847
-34.3202
0.927956
1.51508
0.262771
-0.0274731
-0.615255
-0.261438
0.757712
0.451274
-1.94572
9.05073
2.38747
-0.955931
1.27557
1.13317
0.175951
-1.03312
18.343
8.56515
-0.839373
153.098
0.16372
-0.61739
0.109544
0.204231
1.86223
0.356324
-1.02172
0.652752
1.02195
-0.300427
-1.40943
-0.458924
2.67387
1.31511
-3.32325
4.19342
0.343209
-1.11773
-0.547979
-1.36033
-0.489126
0.706079
-0.548305
0.853677
0.398376
0.490915
0.470209
-6.77343
1.79943
-0.388529
0.936553
1.10087
-4.41683
0.502155
0.0509069
-2.51137
0.133247
1.75853
-0.146493
-0.448502
0.16611
0.64614
-17.2522
-1.79278
0.814687
25.3395
-1.24407
-0.568997
11.1169
-1.39797
0.371496
-2.15613
2.7111
-0.398107
1.06549
-2.94683
-0.504993
-2.20089
-2.35822
-0.332223
0.780047
0.869135
0.0456507
0.899377
0.549323
0.473036
0.376269
-1.06384
-1.25629
2.27262
-0.336468
0.628933
-0.561496
0.0705445
0.400916
5.62792
0.66176
-0.656445
0.437921
0.101987
-0.473643
1.4768
-1.03178
-0.253743
1.35139
-97.2519
0.918019
-0.470527
0.129251
-3.75557
-0.183211
1.82109
-0.175324
0.549399
-0.923598
0.88864
-0.677945
-1.59249
-0.543844
1.63813
-0.100355
0.803359
-0.0262635
-5.33998
-0.250342
-0.376853
1.08251
-2.29747
0.702942
0.582174
-3.06121
-0.122925
29.9787
-1.08759
1.43671
-4.17345
1.2935
-0.34153
1.35954
-27.8841
1.62154
0.553756
-1.31654
-0.138555
-3.8985
-6.43556
-2.55529
8.23601
-0.49317
-0.338698
-1.69956
-1.86457
3.03697
2.14104
4.30254
-0.740814
-0.398385
-0.66305
0.437508
-1.24594
-3.1864
-0.12334
0.991629
1.71384
0.264033
0.30476
-0.841998
1.10925
-3.75099
-2.29536
1.17579
6.22277
-4.49875
0.155263
-1.1088
4.44128
-1.03877
1.40622
-0.533759
-4.85019
-0.939037
-0.689915
-2.11058
-0.0642912
0.756565
0.229598
1.20503
3.66172
-1.83
0.223179
-0.912724
5.61372
-1.13161
25.229
1.72092
2.33264
-0.0453059
-1.73806
-0.137233
0.464536
0.128257
-0.0175718
-0.312338
0.404124
-1.31399
-0.820017
-2.59638
-3.20435
0.272029
467.372
6.8345
1.41251
1.8752
2.13152
1.6951
-0.561087
-2.83374
1.08736
1.9961
-0.287249
-0.427286
6.64871
-4.81441
-0.0373623
-0.0056901
0.244917
16.3887
-1.48963
0.817938
0.135817
-1.17033
-0.370954
-2.76044
-0.0130903
-1.95878
0.28856
0.809523
1.1991
-0.235025
29.6808
-1.05839
-0.638111
-0.622369
-0.449856
2.90956
-0.273831
0.534248
0.483234
0.122555
-0.267655
-1.03296
-0.435181
0.899516
1.30131
-0.252605
0.360973
17.7259
0.181663
3.52559
1.06672
4.22012
0.696635
0.541914
0.26052
0.127913
5.31921
-0.864442
-0.189547
1.23246
-5.35995
0.00584111
-0.417768
-0.491974
1.2939
1.10584
-0.84359
-1.28147
0.543565
0.142799
-0.00884775
0.467752
0.168328
0.497226
-0.188256
0.632246
0.409875
-0.234892
1.58265
0.318465
-11.9309
0.433683
-9.42066
-0.983606
9.90668
34.8384
-1.17347
-0.372287
0.180555
-3.02622
-3.78078
-2.67947
-2.39438
1.95937
1.18811
0.387677
1.71882
-3.20142
5.47682
-5.63556
5.78114
6.09445
0.951272
-9.33977
1.06909
-0.477887
-1.50038
-2.14891
0.154211
0.743241
0.0847685
1.29704
-0.248665
-3.26673
-2.0788
-2.41166
-11.6728
-0.206643
0.188912
-0.672331
-1.65359
0.145163
-0.344405
-0.254099
-7.53786
-2.0863
-42.1065
2.18676
0.341112
-1.82598
1.33323
-13.759
-4.55663
-1.30602
-0.91284
3.03159
-0.839596
-8.79263
1.32916
-0.0901827
-0.927637
-0.605836
-1.62079
1.10897
3.09642
-0.441777
-1.02642
6.58699
0.752224
1.92049
-2.73332
0.597297
7.13878
1.72148
-1.00343
0.214965
-1.63225
1.53589
-1.71762
0.689341
0.567036
-0.532412
-4.72806
-0.645223
-0.12515
-0.840331
-8.6468
-0.652007
0.432074
-1.69317
0.526312
0.236314
1.13842
1.94381
-0.368709
-0.914398
0.0548183
-1.06778
14.9074
0.92053
1.37031
-1.01497
15.7578
-0.358416
0.712262
-0.106281
3.15888
-0.404
0.428092
-0.85315
-1.81162
-2.15375
4.06668
-4.43678
-1.65709
-0.15487
1.59694
1.29717
3.09232
-0.250617
1.59558
-0.825145
1.45471
-2.03881
1.26376
-0.231141
-3.87043
2.28605
-1.23466
-0.595243
-13.0002
0.341578
1.28832
-1.44515
-0.450511
-2.37795
-1.81669
-0.259162
0.978157
-2.73181
1.9925
0.686634
0.655851
-0.406641
3.61619
-0.980367
0.830382
-0.506204
-1.52481
-0.0460173
-3.28704
-0.558395
-3.69096
1.92778
-0.904751
-2.56302
1.39827
-5.72176
0.293041
2.11713
0.399237
0.551514
1.39021
-1.03803
-0.0284257
104.277
-0.53158
0.855833
-0.0692236
0.144596
-0.203244
0.334438
-0.235185
-0.284657
0.856488
-0.101075
-0.478147
0.953303
-2.39342
2.59449
-0.325649
12.5158
0.0638482
2.96176
-1.63323
8.77581
-1.53273
-0.960666
1.83149
2.68787
1.22409
0.327064
0.424316
0.813712
-0.891724
-0.933106
0.431046
1.45084
2.61976
8.23287
0.348181
-1.17892
-0.404791
-5.17476
-8.8052
8.32301
0.110128
-2.13389
-8.18558
0.947117
2.02658
1.2831
-5.53429
2.40204
1.0509
-1.93684
-1.1006
0.794322
3.72661
3.47566
2.83942
0.608421
-1.99299
-0.0981617
1.48043
12.191
1.88357
-0.160772
-0.489448
0.100274
-3.18112
0.232026
1.74035
-1.17324
0.276382
0.121316
0.373657
0.532446
-2.87227
0.367025
16.4111
-1.37994
-0.858007
-8.08494
1.74316
-0.832009
1.51217
0.644952
-1.38762
-0.823236
4.50505
5.84071
-12.9503
-0.735795
3.35646
-0.62822
0.417212
3.10914
-0.152094
11.7866
0.628185
0.364441
0.955687
0.252425
-0.53894
1.43323
3.43719
-5.09495
0.594262
1.40659
-2.1066
-0.128558
4.61639
-1.53831
-2.25494
0.305422
-0.843732
0.290152
0.394678
0.63895
1.07213
1.21759
0.287102
1.64802
-1.60624
-0.310779
-3.35338
0.00784202
-0.257113
-0.158422
0.585157
-0.111585
1.83026
0.526225
9.88667
2.86791
1.66428
-9.04601
0.411386
-0.241894
1.39499
0.0692228
0.0116456
0.0321106
-1.92084
-1.18632
0.482349
0.28537
-54.6088
0.701921
-0.898643
1.74504
2.92814
1.60626
1.39538
2.27394
0.444377
-2.16142
0.408094
-0.365342
-1.01548
-23.7051
-90.4676
-8.91251
0.365552
3.64237
-0.778446
-1.19725
-1.69801
-0.56913
-0.366942
0.498634
-0.413406
-1.97861
-1.6279
1.27541
0.0193124
0.451581
-1.45145
3.92476
-0.48734
0.000389196
28.5622
38.7472
4.40788
1.30528
0.139189
0.528946
-1.68976
20.3505
-0.375579
-0.084641
-0.031702
2.14391
-0.787977
-1.35542
0.0531906
0.414701
1.58502
-1.00416
-1.82354
-0.927067
0.228161
-3.08044
-0.338222
-0.971232
0.700693
-0.0270578
2.06452
1.61806
0.571288
-0.924063
-0.181299
1.50486
2.54072
0.406405
-1.64797
2.23529
-1.07592
0.387083
2.8643
0.75881
-0.776871
34.691
-0.831797
-5.88809
-1.56865
0.85825
128.008
-1.57746
0.937185
-2.52529
-0.803965
0.00955634
6.14326
-0.783049
0.177502
-0.948398
-3.35272
-33.7937
1.13695
0.180853
-0.367981
-0.060631
0.564297
0.248795
-0.455112
-4.88281
-2.82878
1.02189
-32.3928
1.19497
0.969635
-0.368703
-0.599562
-3.90971
0.868189
1.71556
1.35058
-0.452566
-0.0131039
-1.68336
139.848
-1.37016
0.190892
-2.87923
1.05835
-0.697272
-0.137196
0.49192
-0.640584
17.7933
0.0745579
-1.21745
0.648799
-0.0898015
0.39666
-0.132048
-0.348344
0.176631
-2.56645
-1.83642
1.40903
0.540749
0.718406
0.231781
0.405587
-0.052499
8.20949
-0.0483478
-0.164781
0.138175
-0.0838733
-0.861984
-0.864417
-2.16562
-0.242837
4.81628
-2.22341
6.05251
-18.2483
1.2524
-1.79143
-0.341461
-0.283435
-7.84147
-6.41037
-0.287038
-0.065037
1.2074
-0.313056
-4.88426
1.28621
13.184
-0.427387
-0.516368
0.413002
0.0423878
-0.109428
1.30204
7.75858
0.677184
0.00130542
4.79881
-0.480255
25.3691
-1.75644
-1.36698
0.643264
-0.523496
2.91613
-0.032634
-5.23219
-0.499547
0.550831
0.806357
-0.44367
-0.7036
6.43606
-0.260068
1.04982
1.533
-426.558
3.05483
1.04041
-1.31202
-2.39622
0.991069
1.90811
0.0478071
-0.509666
-1.20411
-1.42365
-0.574084
-0.493281
6.64935
-0.26367
-1.17853
0.428695
3.78624
0.0201321
-3.00101
0.773059
-2.28354
-4.21806
-0.522205
-83.5507
-4.64308
2.44614
0.0979854
-1.12942
0.457133
0.123234
-0.223525
-0.340434
-2.65753
-2.96782
0.357383
2.12876
8.96842
-0.449041
-0.38712
109.122
4.61971
-3.61798
1.4878
0.111955
-1.74761
0.233716
0.994301
0.541676
60.7182
-0.0198182
0.00116278
0.422267
-2.94172
-1.79993
0.816831
4.58227
-0.182643
-1.29346
0.443127
-2.19984
0.815113
-2.53355
-4.68182
0.246678
0.730129
-0.612534
-4.87601
-0.56174
2.38655
1.16989
10.243
-0.431509
2.81044
-1.03194
1.31711
3.37562
0.390447
-2.39782
-0.0744669
-1.36232
0.0942687
1.15635
0.913761
11.5311
-0.184941
-1.80146
0.290474
0.391109
7.14785
5.91094
-5.81343
8.58902
0.916008
-3.6705
-3.14102
-1.13385
0.212062
1.768
0.636445
0.958451
1.99812
1.89742
1.67298
0.658822
-0.919194
0.121225
-0.0699898
-145.782
-4.3714
-0.227014
0.365326
-0.594514
0.041657
-1.67452
-0.0378583
0.357661
-0.27424
6.93452
-3.56311
-5.6175
-2.19694
1.51502
2.59643
-0.63201
0.0131349
1.50263
0.0502137
-0.342587
-0.685579
-7.97133
0.379752
-26.4294
0.586029
1.35773
9.38911
-0.286393
-0.50457
5.93732
-0.64865
-0.133735
-1.93814
-0.0600207
0.504927
0.457039
0.382897
-0.215136
0.910195
0.230843
0.437033
5.92586
1.07964
4.05731
-0.960664
1.61791
5.13971
-48.9739
-0.68924
-0.279914
17.3186
2.27827
1.14563
6.11845
0.433954
-24.7251
0.12411
-1.00536
0.693496
-0.922503
-4.51607
-1.11501
-1.2257
0.287379
-0.261619
-0.157315
-1.2164
2.8202
-0.873473
-0.0268358
1.3154
-4.902
1.36604
0.901322
0.418002
6.50462
0.749156
0.803367
1.81152
0.0170153
-5.78691
-3.57158
-1.18348
-0.520794
-0.341801
-0.467169
-0.446445
0.352661
-0.514511
1.85046
0.258271
-1.50025
7.67747
-0.287908
-1.19018
-4.9061
-0.527304
-2.29486
1.27632
4.2066
-8.1443
1.40026
0.26813
1.5937
-1.90906
5.42245
1.19635
1.22394
-0.353944
0.761181
-7.44193
-3.02454
1.7487
4.16431
1.2602
-0.660122
-0.499002
0.299712
-0.505227
0.243569
-9.14962
0.172221
0.055818
-0.54818
0.941328
-12.9258
0.558595
0.728605
-1.26273
-0.611565
-1.28696
1.09825
-0.913622
0.84576
-2.3995
1.93255
0.15888
-0.969563
0.47281
-0.665629
-1.37927
0.150256
2.206
0.358983
3.04774
-2.29956
-2.20218
0.576784
-0.072716
1.07931
0.879851
-0.311621
-2.19553
0.651448
2.31202
-5.43764
-0.299305
-1.15707
1.29242
-0.393174
3.79032
-1.81831
-2.37507
-84.1044
-12.8124
6.66745
-0.95002
0.0384467
-1.22408
0.371489
1.28694
0.132274
-0.0980145
2.39364
-0.075448
0.838437
-6.5062
0.605654
-2.83928
-3.65922
13.1074
0.434981
0.843576
5.61482
0.0186003
0.0589684
0.930007
1.53385
2.07415
0.569961
2.8038
-3.74045
0.698263
-0.598015
-1.17886
-0.249607
-0.457593
-14.1915
0.269531
-19.6418
-1.56443
0.318363
-0.344502
2.98378
0.0754797
2.42973
2.38293
12.2893
-0.196148
-0.421501
0.811105
-2.01017
4.97852
134.332
1.49858
5.26566
-1.49234
0.650703
-0.628134
-1.50478
-5.18594
-1.68491
2.18267
-10.5665
1.00343
-0.914135
-0.565314
1.86353
1.50951
1.90838
0.484214
-1.1441
-0.545899
47.8839
-0.987961
-4.88238
-1.0721
-0.937472
1.66548
-0.60776
1.34748
-0.28154
-0.675788
-1.56293
0.400617
0.512305
0.517283
-0.253137
-0.135814
-1.73663
-0.402757
1.2323
1.16326
-0.97085
-0.806405
6.835
1.59051
-1.03273
-0.308821
-1.10249
-1.26412
-0.628442
-0.653437
2.68315
-1.1689
0.0849988
-0.232416
-0.709521
0.475689
0.0826837
1.46463
-0.460403
-5.46491
-0.81966
-3.94954
2.19665
0.145314
2.30452
0.745669
7.613
-13.0383
-12.8558
1.31097
-1.3904
1.2522
-0.300123
5.77354
-0.0645087
0.432092
-0.243627
-0.800401
-6.26607
1.41497
20.5629
-0.1825
-1.77908
-0.328271
1.31268
-0.0202013
-0.945902
0.176511
0.125762
2.74904
-2.80972
-0.30191
-2.0011
3.51834
0.186133
-0.487306
-0.0441145
0.345824
1.33449
-0.304247
1.15675
-1.06262
5.0205
0.747219
-1.37385
2.31428
0.415296
-0.8955
1.32236
-0.294202
1.54684
0.422312
0.850628
0.644764
0.338326
0.128582
-0.504306
-0.418767
-0.939629
-0.799447
-0.270005
0.384811
-0.1127
0.953784
0.550145
0.369042
-0.339459
-0.0504736
-0.011556
-0.935803
1.81688
-0.139697
-0.164821
7.19251
-0.558117
-0.791878
-1.3972
1.40126
-0.259014
-0.0416357
-3.98919
-0.753537
8.12775
-1.37999
0.149719
0.287484
-0.225347
-1.55366
-29.1638
1.24435
-2.61308
-0.572186
0.751422
2.45985
-0.976816
0.161332
-1.55865
-0.12971
-3.14789
0.334572
-1.12436
0.521153
0.084163
-5.01936
-0.493941
0.334246
-0.0405291
-0.712271
0.583731
-1.60705
0.448959
3.33625
0.167872
3.47757
2.43186
-0.0447787
-0.330438
3.82379
-1.33015
-2.72056
-0.785716
-0.82129
-0.31192
-1.71092
2.59759
0.817826
2.92644
-1.43209
-0.161067
-2.56581
0.137786
2.15328
-3.95169
-0.341496
0.144634
-29.2027
-0.035139
-1.0473
-2.35092
5.33547
-2.9737
0.197388
0.46749
-2.17326
1.36423
2.86376
-1.09065
-1.88347
-8.57835
-1.81602
2.49286
-0.173183
-6.65244
3.2236
-1.05065
-26.0657
-2.00777
-1.79532
0.65719
0.370063
0.575749
3.56193
-4.11086
3.67474
1.07533
116.449
-0.199018
-51.2128
0.504729
-0.290353
0.189192
1.00916
0.12758
0.260248
-0.440745
1.45078
-0.391158
0.353617
0.160676
-2.29028
9.48621
-0.743832
-1.53837
-0.494312
-0.623785
-0.229829
0.211791
0.682373
0.0506682
23.3303
0.729629
-0.177398
-13.4674
-0.199183
0.165849
0.949564
-1.6955
2.18796
-5.58208
2.1986
-1.26302
-0.802298
0.0873643
-2.30553
0.681112
-0.675162
-0.306918
0.0707506
-0.115737
-4.23025
7.49645
-0.240357
-0.255603
1.27278
-0.284299
-0.116451
-0.66176
-1.28725
2.75839
0.0147817
-1.09748
-0.0357909
-0.636327
0.163331
0.508567
0.0881998
-2.19279
-1.01978
0.988814
-18.386
3.1113
2.18677
0.355734
9.93366
-2.7784
-0.545368
2.29743
-1.87769
-1.46818
0.823816
-0.533139
0.870294
-0.915794
-0.913982
-0.323942
1.25906
0.1657
3.55159
0.223205
0.482027
0.177874
-1.97814
-0.0459786
-1.20396
-0.482496
10.759
39.1806
0.265455
1.71059
0.553624
-0.193391
0.160896
-0.675333
-0.917553
-0.14526
2.1187
0.292934
-4.09228
0.915703
-1.40067
-0.562711
-0.161974
4.49402
-6.35835
-1.17635
0.0201189
1.14629
0.229842
1.3412
-3.88322
-0.531282
-1.32098
-0.0259179
0.578775
-0.33314
0.746331
1.56082
-0.896888
0.416425
-1.11248
1.06149
0.839529
-1.59922
1.39671
0.0998729
22.7672
-0.385456
-2.18947
-0.591998
0.1824
1.72718
-13.8434
-4.43973
-4.854
-2.19809
-9.75575
-4.86334
-0.540894
-0.283633
-1.2115
-0.289677
10.6488
-2.18417
-2.47705
-0.188622
-0.170625
-0.425123
-2.50663
-0.863779
-0.669684
-0.0159228
-0.437021
-1.61701
0.512762
5.65939
-0.943257
0.494888
-0.129162
0.151768
-0.58022
0.407528
-1.63809
4.67495
-10.9656
1.23975
1.67415
-1.27497
0.027556
-1.02277
-0.780143
-0.274093
-0.0293387
14.3781
-0.904894
-0.297113
0.362949
0.714935
-0.988783
0.732408
15.9358
1.81664
-0.105274
0.262565
0.0380401
-1.10025
3.452
-0.435015
-1.47896
-0.417509
0.426293
1.41358
-14.406
0.174059
0.567037
-1.47299
-1.36386
0.768316
-0.223003
-66.4138
-0.611485
-0.0818949
-0.0843163
-0.517952
6.3912
-56.6925
-6.85384
-0.0578938
0.989409
-0.584582
-0.728062
-0.00428348
1.07857
1.32123
-1.52725
-65.025
0.140526
-0.0403567
1.06289
2.93215
70.4602
0.921635
-2.32891
0.226191
0.327964
1.85051
1.6641
-3.27283
-0.421703
0.744011
-0.257964
-2.00189
-0.428316
5.52784
-1.37658
0.211122
-0.658989
3.01971
-1.74292
0.391521
4.19382
3.14832
-0.438411
4.58329
0.12126
1.28363
-11.5025
0.155868
1.25038
-2.31206
0.304747
-0.0267349
-0.722914
0.299518
0.414486
-0.412585
-1.65555
0.604694
1.26561
-1.10377
7.29805
-1.7825
0.176362
-1.62021
-0.136698
1.71816
1.51585
0.257032
-17.2164
-0.723945
-0.724072
-0.841649
3.40041
0.577128
6.38706
1.05814
0.220586
0.724663
-3.26294
0.410403
-0.251226
38.0267
-4.22147
4.10161
1.04461
-9.13697
-0.683465
-4.18042
0.114542
0.10813
1.21477
2.11553
-1.87761
-8.5155
-4.74841
0.253803
-7.14386
-8.65933
1.96323
-0.0720009
-18.3205
1.43804
0.530147
0.151852
0.0101571
-0.820796
-0.183634
-1.65047
2.42915
-4.24592
2.21709
0.51387
-0.777042
-0.92654
-7.21373
0.258138
0.261266
0.553126
0.222017
1.04564
-0.875714
-9.47047
-0.0058027
-0.991232
0.512555
13.6562
1.62463
1.17752
1.69244
-2.07046
-0.10274
-0.326155
1.46843
-8.89227
-0.563003
1.14547
1.5188
45.387
-0.422713
6.11127
1.30097
-1.28401
-0.13743
2.60236
-41.2195
8.92852
-1.06573
1.9648
1.57102
0.761924
1.56916
-0.616546
4.42352
0.78912
6.81605
3.01122
1.08127
0.281374
-0.196241
-13.4035
-1.59076
0.505587
-1.56536
-4.08793
0.673586
-4.1205
-0.355532
-0.569619
-2.60185
-0.614857
0.603086
2.77888
-0.038745
1.98568
-0.745613
0.514294
-0.124772
-1.70466
1.26416
-5.48092
-0.570533
-6.20243
-0.0291638
1.01222
-0.60924
2.02024
3.04956
-0.0880892
-3.373
1.43512
-0.975212
-0.96531
-0.299517
-0.254327
2.42436
-0.294278
-1.20907
-0.753624
0.0135419
0.50376
-0.645998
-0.99451
17.2989
0.302666
-0.0715008
-0.0393105
-1.32116
-7.63263
0.45398
6.13957
-0.0491877
6.42324
0.0775871
-3.97248
-1.44948
-9.89645
4.58456
-0.84648
1.17869
0.380099
0.456468
-0.343732
-0.862961
1.9258
4.11043
-0.334484
-2.73819
-2.69926
5.82398
0.0508426
-0.446669
-0.728393
-11.7271
2.28119
50.007
0.0129448
-3.28793
-0.795968
3.23425
-105.944
1.48415
-3.9696
2.53795
0.978376
1.07863
-0.246335
-10.1245
1.30775
-0.441804
-2.33976
-1.32247
0.0883554
-0.384183
0.146448
22.7988
-0.656416
-1.24834
0.107005
0.824745
-0.276624
-0.650952
0.216069
0.73256
-0.359087
-1.14064
0.179185
1.86792
-0.812193
6.161
0.446401
3.76009
2.62255
-3.24715
-0.0769123
-2.1746
0.862596
0.210363
0.215637
-3.07295
0.312975
-595.556
0.583925
-14.9379
-0.473612
-0.40047
0.377687
-2.64591
5.25122
0.657746
29.3687
0.651796
1.36279
1.90582
-1.46973
7.91775
-6.14038
0.163061
0.431825
0.0978158
-0.0715076
-0.460197
-0.743844
3.33247
-0.330401
-0.655225
-0.391661
0.644918
-0.353661
-0.0108669
-0.655078
-2.40246
4.21302
0.473826
-8.2897
1.72797
-0.29969
-0.8586
7.48444
-0.845668
-0.605075
-0.509968
0.168704
-0.657578
1.55374
-0.00223212
-0.642581
0.622442
-2.16341
-2.12976
-0.0469955
-0.380276
-0.0115375
1.1799
-1.40224
-0.2713
-14.6737
-0.920305
-0.793685
0.518189
-1.69803
1.1863
-2.34098
-0.809468
1.77885
-0.5444
-9.69143
-2.12348
-2.49214
-0.514953
2.95675
0.171567
2.71753
-0.404396
-0.638727
0.778469
6.31335
-0.731702
0.863633
-0.0233128
-2.98463
-2.26856
-1.0767
0.199768
2.78782
-2.21418
1.47342
-17.3154
1.5399
-0.793398
0.321667
-2.46911
0.613753
0.482709
-0.580437
-1.61287
-0.713706
-0.737441
2.06185
13.2086
3.39322
-38.498
1.32837
23.0441
-0.941983
-0.0463109
0.310244
0.0236323
0.0387275
-1.75353
-7.07299
1.76683
-5.9785
0.914678
2.03354
0.319698
4.87921
-0.982897
-1.65634
2.93223
0.676054
-1.09558
-6.0071
-2.33834
0.096402
-0.263462
-1.47772
14.2936
-1.13162
1.97977
2.40536
-3.25814
0.976961
1.0782
-0.967734
10.1234
0.500531
-1.5354
-4.94479
3.9167
0.441124
14.1443
-2.1995
-0.842122
16.0417
3.23784
1.13746
13.9734
0.0740598
-1.96589
0.0468275
1.52566
-4.27989
1.06294
2.08338
-0.078947
0.904891
-0.659942
1.76666
0.909196
-1.80521
0.29491
-0.478193
0.711978
0.316394
0.607376
-0.220506
0.225292
-3.00522
2.44552
-1.67403
-4.41389
-0.878266
2.25561
1.91539
0.121695
-1.59376
0.391721
-38.4252
1.0527
-0.492276
-0.436263
0.0129521
0.105216
-7.07672
7.30464
0.310545
-0.579115
0.283547
8.52783
-3.36036
1.85057
0.50046
0.19796
-1.23385
0.694208
0.44693
-0.767843
-0.142671
1.0944
0.836635
1.45429
1.18569
0.34391
-0.724306
0.891073
-2.46311
-1.65579
1.74238
1.10561
1.22856
-1.1158
-0.203057
-0.892196
-2.77314
0.337276
2.26896
-0.424805
2.05282
0.428281
-1.58922
0.580447
-2.25239
0.612784
-0.662887
0.219572
0.874457
0.0252384
-0.939251
-5.96488
25.6943
0.224382
1.27308
2.247
-11.2546
0.332477
0.472412
15.4863
-0.033493
3.25595
1.3861
0.408621
0.32003
0.403585
2.72293
-0.786266
-3.66486
0.342087
9.85895
-0.503128
0.360556
-1.20967
-0.278365
-0.372285
-10.0409
-0.370593
0.291419
0.274604
-0.945779
-0.248508
5.76532
-1.73324
2.54842
-2.66012
1.69236
-1.10289
-0.0391272
1.11313
-0.181261
-0.00180675
3.17176
0.460409
0.164871
5.52709
1.86938
1.52698
-6.6685
-1.39415
-5.27084
1.22394
-0.569956
0.96274
-0.562006
2.12626
0.360024
-0.185001
-1.73951
2.39738
-2.22529
-0.908471
11.2074
-0.141633
2.10349
11.1838
7.82405
0.329826
0.388003
2.86908
-0.00557822
3.82812
-0.564436
2.08078
9.48207
-2.55515
-0.671955
0.455478
2.30574
-2.04727
2.61624
-0.64007
-0.931264
-3.11588
-0.473938
7.19278
2.55834
6.93722
0.476002
6.60605
-0.0139594
3.10118
4.22226
0.167943
0.110408
1.23585
-0.685675
1.1498
3.84956
-1.37342
-3.64232
15.7504
1.31172
1.08275
0.845695
0.823342
0.048618
-0.831072
-0.438156
-5.14363
0.220374
-1.37588
0.803154
0.822929
1.86184
0.766038
-3.38585
-0.473532
-5.23277
-2.98517
0.45802
77.6134
0.739652
-0.360787
-7.11705
-0.336694
1.53852
0.738401
26.39
-1.97474
-0.540175
1.89761
-1.53199
44.7924
-0.536822
6.95302
-2.26559
0.00146703
0.213257
-1.15341
0.212876
3.55977
-0.186631
0.655417
-1.12503
-0.351458
1.74819
1.72499
5.11689
-6.65651
-37.3743
-0.214001
-1.10062
-0.00656034
-1.3442
2.49249
-2.39884
0.200279
0.231205
-2.42923
-13.8058
0.993867
1.71219
6.50642
0.573981
1.99448
-0.143047
-0.15128
0.410753
-1.04987
0.467333
3.50952
14.1034
0.786527
-1.91289
-0.692244
1.55678
-0.300327
0.765889
-4.95563
1.24695
5.91767
-0.884901
0.833519
-0.347541
1.8815
-12.8967
-2.18157
-0.00503093
0.16885
-2.36226
0.380254
1.66851
0.151295
-0.941758
-7.8472
1.33125
1.45268
-3.07169
-1.85874
-0.975643
0.797758
-0.199767
-0.168316
1.00001
3.0271
0.294421
0.799705
-1.45123
-8.90995
0.197095
-4.59044
0.14067
-0.84791
0.411085
-0.704687
1.02499
-1.17648
0.148275
6.30889
946.554
0.401225
-6.43521
12.5247
1.09238
0.301267
-2.21244
-0.796992
32.9495
-1.33325
-0.00920295
1.88322
0.282041
0.964177
3.26722
-2.94932
-2.07898
0.0724101
-0.312315
-0.115336
-0.576105
2.09637
3.99761
0.819024
-2.06247
-0.467589
0.574266
1.20909
0.185309
0.705703
-2.59035
-4.75755
-0.0913263
2.86746
1.48473
-0.522777
0.329904
-1.19327
-3.46844
10.2693
-0.332696
-3.33583
4.31027
-0.383403
-0.872621
1.15545
0.499721
8.79299
0.901069
0.139708
-8.12638
-10.6525
0.880716
1.89556
-1.83272
0.418697
4.63569
1.33868
-2.63862
-0.0209708
-2.44115
16.789
0.0864351
-0.696819
4.72304
0.279537
-0.149381
2.51418
1.28141
1.03364
-0.0748255
1.96276
-0.356498
0.696595
1.369
-1.03706
0.549208
0.46148
0.794205
-1.09456
1.46941
0.848662
-0.865718
2.11711
3.84089
-0.275285
0.0762773
-3.13903
0.0799118
8.38618
2.47734
1.54639
2.30721
25.9507
-0.473413
1.83451
-0.18026
-0.567841
-1.1641
3.75802
0.083739
0.58569
-3.37433
-0.152933
-100.637
0.816105
6.30371
-0.741905
-0.0224504
0.258222
1.03195
-1.07601
5.14636
-2.38407
-1.13986
-0.137638
-0.546905
-0.111947
1.39232
0.00602185
-4.24053
2.90534
1.87594
-1.21828
3.11882
-5.7574
-1.39593
0.427165
0.414989
0.368216
-1.07441
0.900397
0.478483
-1.06116
-32.824
-0.9414
-0.787553
0.100202
-1.44311
2.9896
0.444464
-0.0502896
0.142851
-6.618
0.812234
-1.23119
2.85753
0.031353
-0.0271615
-0.369548
0.249877
-6.70781
9.10496
-0.00262865
-0.21883
-2.64915
-2.0388
4.27885
0.785025
-18.3085
2.74052
-0.974506
-3.51907
1.40352
-0.85908
0.617852
0.111093
1.7463
0.355347
-1.59898
-2.91707
-0.920813
2.03777
-0.576201
2.28894
1.43323
0.72293
0.2068
-2.6615
-5.0855
-0.384923
-5.74902
-2.34224
16.2295
7.00052
-2.40158
2.28014
0.0568981
-7.34673
-0.141452
0.326663
0.0472323
-0.632268
-3.43597
-0.0401225
0.374157
-0.475377
0.766792
-0.855085
1.8093
2.15252
-1.0254
-5.44705
-2.15257
0.669364
3.28029
1.19373
0.710549
0.023206
-2.04912
-2.84601
0.784394
-0.688644
1.23275
3.99781
-1.42664
0.854793
-0.0380983
-1.19818
-0.0928864
1.35365
-13.312
-0.296026
0.818726
-0.940786
0.591752
2.57832
-18.2991
3.95452
0.610174
-0.616735
16.2997
0.405781
0.311314
-0.035468
0.983896
-0.648671
0.65103
-1.25087
0.263332
-2.53228
-1.05693
-0.1964
2.16735
3.35179
-0.865579
0.948476
-0.98949
2.42921
5.1145
-1.78296
-0.8968
-1.65249
0.74281
-1.3144
-0.292683
0.158869
-3.27356
-4.94802
-2.60665
-1.67051
-4.40145
0.231671
2.18002
-1.13999
4.65016
-0.266615
-8.48573
0.111297
233.4
-236.212
-0.696531
-0.554919
7.3061
0.019899
-98.505
0.145736
0.0853963
-0.246988
1.57655
-0.538189
-3.29948
-0.0569186
-0.0978353
2.01721
-2.28982
-2.06151
1.51621
-0.0811138
5.84906
1.11986
0.707016
-0.300927
0.270505
-2.41194
1.06419
1.27472
-1.13036
-1.37393
-1.28546
1.02073
-0.329619
-1.38901
0.559314
-0.193037
-0.648241
0.0598873
-9.51977
26.657
0.964297
-1.29064
0.0815033
-1.00794
1.46859
-0.555935
0.740237
-0.507268
-2.58352
2.08894
-11.3692
-0.449319
-0.615515
-0.858605
-1.49349
0.803078
0.308694
1.84722
-0.752049
-2.61858
-24.4079
0.104388
0.142156
-5.16671
-1.04298
1.68708
-14.9607
85.7705
16.7777
7.37071
0.408429
-0.386581
-1.48473
0.865049
-1.22257
-1.57241
0.0368672
-0.955763
-0.977409
-0.0909584
15.8019
1.09103
0.324689
3.13024
15.3182
28.6149
-1.57872
-0.0391449
-1.73306
58.4981
-7.91959
0.348892
-0.0622117
0.674848
0.0158898
-0.526328
0.0793251
11.4422
0.424681
2.83403
0.165695
0.102738
0.38538
0.15857
-8.37472
0.223408
0.503997
3.00461
2.37845
2.22048
-0.181035
-0.564542
0.32952
-1.36054
-0.78738
-4.13066
0.152805
-11.9788
-0.128001
0.888516
-0.000759554
-8.22388
-11.4416
-10.3267
-0.0311759
-96.6511
-2.12329
-0.107672
3.79468
-1.22759
0.187237
0.0104613
-0.0311335
0.468412
-0.0923214
0.239619
-1.32924
0.0379493
0.204857
-0.0858302
1.93227
-0.424431
1.35925
7.34948
-1.22687
-0.142405
11.0971
1.94739
2.90593
1.21169
0.324736
-1.46122
2.37937
0.0163948
-1.62562
-0.925559
-0.358011
0.322405
1.15393
-0.0752689
-6.19185
-0.0101765
-0.524853
-4.58937
0.411308
-0.747631
0.896846
0.737689
-2.10822
-0.596184
-1.23984
2.0667
-6.0413
1.29971
-33.7345
-0.462691
4.48636
0.451441
0.904079
-0.0547703
0.146243
-0.0432709
-3.75535
-0.866152
-5.6373
-34.6139
0.416832
5.0847
0.743097
-0.487402
13.2422
3.46076
-30.9445
-0.859374
-0.922529
-1.11505
-0.882252
0.250197
0.196892
0.127591
0.351427
-1.06807
-0.830732
2.46737
-9.42892e-05
3.19434
0.623637
-0.806764
5.72213
-0.212463
-2.92288
0.152045
-1.0779
1.19373
8.21292
1.15334
-1.41666
-0.420571
341.558
-7.09969
0.54768
-2.60439
1.81844
-2.56185
-4.71007
-2.84815
-0.855652
1.17989
5.72543
0.155252
-0.803206
0.210999
-0.211314
9.18314
-1.46819
0.583216
0.674244
8.73977
1.94234
-0.337303
0.122626
0.945155
-0.10027
0.391531
0.170768
-1.09336
-5.03302
-0.288082
-1.49991
2.328
0.199102
-0.209744
0.27574
-2.04889
0.0840658
0.534343
0.430439
0.246122
0.529631
0.0569754
0.672155
0.615651
36.356
4.98276
-1.04072
-0.303234
2.93058
0.0708415
-8.40746
-1.97238
-0.549549
-2.80999
1.01452
-2.22238
0.448189
0.473553
0.594682
4.21125
0.864292
-1.69434
0.0443744
0.274601
-0.675115
-0.862362
-2.07058
1.50602
-2.6477
0.894823
-0.230747
0.251182
-0.918927
-0.314818
16.127
0.943719
-1.67138
0.345544
-1.7729
4.65705
-21.6801
-1.54433
0.616951
1.00118
2.01715
3.59691
1.45385
-1.13466
0.241797
18.4166
-1.32766
4.65648
-3.43871
-0.19762
0.219616
2.68767
8.5105
-0.260754
-0.263278
0.146834
0.90153
0.76861
3.8016
24.6512
-0.0344955
1.10229
-0.917178
-1.02254
-0.361883
0.955046
0.0123103
-0.742352
-0.255076
0.177254
0.27169
-3.02971
2.49282
-0.775751
-0.952306
3.18079
-0.601154
-1.73734
-1.80045
2.62383
3.10188
7.34902
-0.163649
-12.601
2.30814
0.842276
2.16219
53.6501
19.733
0.529226
3.77646
0.662686
2.08237
1.17773
-4.61729
-0.682053
80.2537
-0.13099
-0.257659
-1.8282
-1.14402
2.09717
-3.53934
-0.946513
-0.379314
-1.81045
2.00353
-0.403877
-5.98551
-0.851373
14.2377
-0.102934
2.50043
0.238451
-1.15407
1.85905
1.8409
-0.879885
-3.58595
-0.140784
0.516201
7.84212
-0.109994
8.74859
-0.715474
-4.88972
0.897301
-6.42504
2.58847
1.76813
0.144201
-1.10122
-1.3355
-1.43421
0.715798
-0.274275
-0.717497
3.24045
-2.06092
-1.56098
-0.896515
-6.77092
0.63457
5.08297
0.371618
1.38844
0.758874
0.328989
2.59004
0.138633
0.0206669
0.130689
0.763254
50.7526
3.37307
-0.849687
-3.07816
0.0768332
0.914236
-0.103152
-0.867865
-0.914563
0.355002
-6.04599
0.268252
0.181507
-0.679285
-5.33647
1.30509
4.13645
1.44129
9.3848
-1.09399
0.459343
-2.26318
0.402427
116.029
-1.65368
0.470295
4.24846
1.89362
0.0597758
1.78605
-3.9241
0.31319
1.69636
-1.23303
-0.403266
-0.0967601
-0.733239
0.393261
1.57841
0.162364
-4.08077
-18.391
-0.569113
-0.707547
-0.88064
1.0009
2.4931
-0.696146
1.11294
0.699665
-1.37732
0.0797666
-4.23214
-0.355161
-0.30362
-1.33675
-0.266069
-0.205945
2.36401
65.789
0.67657
-0.181347
-0.928094
1.55018
-16.6306
0.0740422
1.61263
1.74978
5.29558
0.0644495
-0.0524459
-2.17833
-0.0125315
-0.232241
146.868
0.537433
1.90686
0.601394
-0.316168
-0.203535
1.37994
0.372363
0.835912
0.868389
-0.386411
-1.81052
-1.15288
-1.35149
-0.244236
-0.571719
-3.04391
-0.0266299
-15.0984
0.106005
-9.0326
1.29385
-0.277414
2.77626
1.66151
1.02478
1.05909
-0.715754
-0.692443
-0.363346
2.60657
-0.807815
1.0458
-0.521135
-0.801786
1.4721
-0.370377
0.150586
-0.174587
1.71519
-1.73826
-0.540269
-0.340674
-0.516101
0.150099
1.452
-14.7338
-4.55631
-1.60722
1.22206
1.78319
-1.2159
0.890837
-23.4719
-5.52731
-0.72321
0.00509754
0.0282304
-0.545586
-0.797373
-0.104819
0.17761
-0.774294
-0.552831
-0.452656
10.3477
1.33873
0.248228
5.61853
-1.28772
7.70667
-0.682507
-0.969289
1.64482
-1.07199
0.855966
1.61495
-0.847097
0.187331
30.429
20.9815
3.40885
0.441352
-0.291693
5.64783
0.0283283
-2.59834
2.59416
-0.153922
-0.461555
-0.976681
0.271994
1.39232
1.0806
-0.646842
-1.95986
-0.14577
3.05712
6.70593
-13.9899
-0.289628
-0.286221
1.19818
0.529996
6.92171
1.42377
0.00458559
0.65738
10.7976
-0.20556
-0.781589
0.628377
-0.953536
0.915388
1.52134
0.226032
0.478266
0.186129
2.55419
-0.498793
0.965464
-0.0750749
4.34066
-7.82068
0.509686
-9.03303
-0.846012
0.151552
-64.4672
0.317403
-0.839157
-2.25193
8.16688
0.193657
-0.277681
1.50738
0.00303246
-0.153673
-3.86192
-2.91294
1.5247
-0.486464
0.187096
-9.83145
-1.15595
-3.94482
-0.388242
-0.597694
0.0916563
0.866281
1.40968
0.672873
-1.03817
-0.0127334
0.823524
1.07091
-1.65689
-0.438196
0.546404
-3.55479
-0.234348
-0.596502
-0.981348
-0.0285666
8.90438
-0.799056
2.98871
-0.0786551
-0.752933
-13.0991
0.77683
-0.676631
0.132551
0.190542
1.43358
1.61467
-0.364683
1.07052
0.0697399
4.28354
0.490558
-1.61467
0.347298
-10.4611
-0.676593
1.36318
-1.9545
-0.954297
-1.66556
1.67267
3.34213
-0.088369
-0.960457
-0.764104
1.09899
-0.815309
-4.07279
-31.23
1.28329
-1.25739
0.540263
0.237025
-1.73302
-2.16059
-2.27369
1.14013
-0.484502
0.938719
-0.378508
0.236078
-2.00578
0.11662
-1.30344
-0.900323
-0.199963
1.43278
2.31212
-0.312091
-0.579938
-1.50626
-0.324288
0.705415
-0.0277009
7.10553
-0.0763541
-1.67961
13.644
0.53329
-3.75269
-0.585532
0.921682
-0.498285
-0.117933
1.49142
-1.88706
-3.01206
1.31851
-1.3738
-11.2151
3.04144
-71.8844
-1.83408
-0.48635
-0.269543
0.726615
-0.164486
-3.88048
-3.69479
1.9492
0.158722
0.2117
0.686108
-0.464411
0.499633
-0.778972
0.826359
-0.175557
-3.4265
0.432255
-0.207722
-0.0711373
-1.61181
0.28376
0.171824
0.417423
-2.08508
2.43885
0.563765
-0.37704
-0.412261
0.133066
1.8004
-0.723909
1.36168
1.63728
3.97041
-1.44754
-0.185722
-1.1859
-1.91778
14.7869
4.84245
-2.46879
-0.527531
0.349995
16.3182
-0.847877
-1.13614
-0.150915
55.1723
1.18599
-1.5927
1.26376
1.03552
-5.35005
-2.17906
-0.0969728
2.12169
-0.878088
0.317409
1.70429
0.0158885
0.898747
23.3488
1.62835
-2.47017
-2.24194
-0.4256
3.78289
0.763726
1.18138
-0.605412
8.50659
0.392888
-1.35161
0.715219
0.0630497
2.30664
0.0370386
0.204417
2.64333
-0.214808
5.54227
0.316252
0.456501
-0.738709
7.58941
-2.4919
6.13425
0.0324231
5.7882
-0.103749
0.0866681
-0.382695
0.221901
0.334995
14.7583
0.882047
-32.5975
1.09313
-3.90884
-1.32995
-0.994001
14.1406
-18.3158
0.30124
-3.89739
-0.260877
0.304959
0.586627
-0.197472
0.848957
-29.1718
1.10066
0.812736
-0.637774
0.178234
0.259105
9.17148
1638.22
0.99686
-0.269389
1.19987
-1.45723
