-0.114267
1.96716
0.35692
-3.5349
-8.80042
4.11964
-3.59201
-0.192885
0.790995
-1.76188
1.56998
0.189828
-0.406166
-1.33125
-0.314193
-0.520526
1.14669
3.8841
4.76959
-0.18423
-0.988924
1.42654
2.12344
-1.46632
1.86571
0.549067
-0.161389
-1.27315
-0.0362871
-0.856057
-0.386988
0.862168
1.45358
3.70877
-2.39753
-0.981805
3.121
-0.860759
0.0463548
1.45784
4.00265
-1.4546
-31.8556
-0.232171
-0.561533
3.24341
1.73253
0.760521
-2.12048
0.727503
-0.309585
1.38665
-6.1721
0.843959
-6.9853
-0.539169
1.65157
-1.09164
-1.31529
-2.17447
28.2696
-0.764158
-3.12165
-0.52179
-4.04618
-0.280004
-1.32594
-2.09252
7.67954
3.59484
-0.180396
-4.0225
-20.7463
2.32542
0.661301
-5.0201
1.67417
0.653299
0.936249
2.11899
-3.18977
1.19982
1.30836
18.4848
-2.86068
-0.103858
0.644896
-1.43237
-1.65889
0.183891
-0.674959
-4.95088
0.659685
0.0706797
0.437262
2.58104
3.56708
3.01688
-4.30728
2.13628
2.14483
-11.3271
-0.603005
-0.000328481
-1.60509
13.6961
-0.803036
51.1269
3.81266
0.245049
1.02638
7.09798
-0.321517
-1.43821
1.80194
-10.0529
-1.58835
-0.0845099
-5.15639
-0.503431
0.0555093
0.466019
-0.561245
0.347948
-3.19484
-1.2072
-0.887604
-0.194909
0.337426
-0.093191
-3.27829
3.07263
-1.39032
7.87588
-5.77463
3.04313
2.22961
-0.068377
-3.05588
0.848419
1.22268
-0.846827
-4.6129
-0.516195
1.48129
-4.13205
0.877001
1.38487
-0.255966
-1.44251
-0.311851
-2.60547
-0.529883
-0.12145
-1.1056
-5.01575
2.08689
0.383254
5.62311
-0.0953159
214.04
-0.170059
-0.0872711
-3.6811
0.307431
-1.20812
-0.000732167
1.0461
-0.965773
2.34404
-0.141649
-5.15041
3.51419
-0.54901
-16.8075
-1.02177
-1.12007
-3.95316
32.3898
1.22853
0.58784
-2.03381
-0.651931
1.48974
1.62696
0.940512
-0.674341
0.368501
-4.63754
-1.76901
-0.534493
-3.94791
7.65519
-2.00495
1.04276
-3.65431
-0.676744
0.775979
-1.62745
-1.12598
6.16693
1.90689
4.99119
-0.871324
1.18273
0.33183
-0.170977
-31.1378
-6.04196
-1.28519
4.17441
0.0674151
-6.25618
0.673179
0.782173
2.71515
0.919737
0.00147149
0.0106982
-0.942875
-0.161631
-0.800861
2.90794
-1.52949
0.0209423
3.3648
-3.19844
-1.58724
-100.888
1.99213
-1.01114
-0.553811
1.22439
-0.158814
0.109975
-1.00333
7.40043
3.39125
10.3781
0.216728
0.245703
-0.618909
0.445313
-1.52392
-1.15574
-0.23632
1.48805
0.343566
0.326638
0.386698
-1.34001
8.76338
-2.79729
-2.34656
-11.5368
-1.20034
-0.0608654
0.131712
0.525182
2.13338
5.40252
12.6182
-16.8653
-0.324454
0.933601
-0.417415
0.547745
1.10503
-1.92058
-12.6911
-1.43316
-9.5217
0.778583
0.171913
-0.247408
-1.02513
-0.0541298
14.5133
1.96749
-1.67213
-3.96335
1.07678
-0.0172205
-0.125884
-12.7386
-0.121005
-0.0662054
0.399906
-3.40605
0.0143765
-1.56576
6.09235
-0.586051
-2.2034
-0.346796
-0.124307
0.247777
0.322192
-1.20593
1.15438
0.589178
-1.33694
0.0362676
-0.943896
-0.320027
-1.01678
-1.09116
-5.54779
1.1465
0.6687
-2.06468
-1.70016
-6.02931
-1.17053
1.29326
0.814302
-0.607011
-6.7947
1.1855
-6.57305
0.917555
-0.350464
-1.64263
-5.08415
0.731416
-0.38646
2.32334
23.9689
6.01754
1.92055
-1.93156
-4.17368
0.268987
-0.50099
1.42593
1.05177
-0.746692
-0.138923
1.09006
9.30968
2.02186
0.702533
1.12255
-0.464336
-0.220221
-0.310179
1.43073
0.440554
0.609969
0.510804
0.72933
-0.373856
-3.89367
0.932337
-0.928892
1.65543
-2.23764
-0.330966
-0.363734
-2.80965
0.582246
0.258489
0.00944565
6.89277
3.39477
1.05664
1.3894
-3.83562
3.64016
5.42267
0.607302
148.515
10.3525
0.527992
-0.539256
2.2198
-0.177754
-0.697954
-1.13413
-1.66132
-0.221561
-0.188549
-0.532212
0.0338111
0.385244
-0.745101
-1.39228
-5.30974
-0.252609
-0.813517
-0.161711
-0.442606
-2.45923
0.504095
-0.474029
7.12593
-0.737364
-4.50245
2.95246
-3.47712
0.459746
-0.171851
2.80226
0.594908
1.42306
-0.770556
-1.20654
-3.84971
0.106606
-0.392862
-3.85197
0.544435
1.00345
-0.551727
7.75727
9.51812
0.209468
0.967043
-1.54182
-8.49146
-1.29731
1.22247
-2.29116
0.188905
-8.3145
-0.559388
-1.74169
3.46882
1.20391
34.1162
-3.52678
0.199767
0.292418
9.1372
1.52228
2.71579
0.419643
0.591841
0.419778
-0.1414
1.11231
0.247274
-9.53663
-0.898236
-0.0453964
-0.362005
-1.18606
-1.31827
1.19732
-0.549393
1.65327
0.137602
-1.76079
-2.6035
0.664887
-0.470019
-0.707328
0.0488854
1.25403
0.261331
-1.62255
-0.827148
0.0509109
-2.1547
-1.84615
0.741717
1.14595
-2.27114
-1.84252
-1.60223
1.35895
-0.110123
0.00768335
-0.171385
0.159537
-0.0483693
-2.08978
1.19034
1.06486
2.6361
0.579563
3.20068
-0.643625
-2.10019
0.330438
-1.36254
-0.923923
2.42383
0.0315467
-14.3569
0.318049
1.12215
11.5603
-10.9478
-10.3249
-0.356175
-0.124335
1.92161
2.67565
0.289416
1.56332
-0.539918
-0.449677
3.16457
-574.921
3.9815
-0.705122
-0.375326
1.534
-0.465184
3.10425
0.223498
1.44637
-1.9069
0.464239
0.324895
-0.601735
-2.71963
2.32376
-3.93998
-3.54422
-0.567358
-10.7333
0.18781
1.56876
0.440372
-1.44944
1.63708
4.80242
0.403404
-0.505071
-0.80693
-1.07613
-0.278912
-0.014563
-0.594321
-0.391071
-0.00234172
-0.371972
0.0643492
-0.224602
0.0083514
0.379086
-1.15631
1.00989
-1.28082
-6.92698
0.377181
0.952444
0.160601
-0.01946
-0.0340052
-3.51277
-3.33947
0.148058
-13.0873
-0.00258483
-10.6163
4.38856
0.679794
0.51428
1.42216
-0.523414
-3.62593
0.36938
-1.08913
0.0742316
0.141862
-0.916088
3.15201
-0.732761
-1.86335
-0.600621
-2.64034
0.0588883
-0.0915786
14.887
0.949944
-0.891368
0.0573914
-0.944875
-0.980948
-0.694451
13.1444
0.258657
-18.7193
1.10624
1.07033
-0.506248
7.35647
0.23223
-61.5247
-0.248045
-2.12163
56.5107
3.83954
5.73129
-1.37327
0.436501
-0.796224
2.03194
-44.9102
4.02994
-0.686504
0.650514
-3.0174
-2.06104
0.669799
1.04072
0.442716
0.0186016
0.619895
-1.21708
1.79844
0.210821
0.657051
-0.867448
0.0756817
-2.35487
-0.161231
-0.0339874
4.06333
0.00175645
288.841
-0.582097
-1.76462
-0.0147088
-0.921836
0.817808
-2.19671
4.18193
0.949738
-0.0408524
-1.89134
5.52335
6.27489
-0.532424
1.14078
-0.614208
0.217834
-2.13055
-0.00847069
-1.82319
0.0138333
0.400935
-30.5341
-2.8667
-1.97642
2.67285
0.399006
1.462
-7.42152
-1.64463
1.69935
-0.170856
3.42702
0.0981121
8.64971
-2.55334
-0.862116
-1.12576
-0.396247
0.536492
-0.651636
-0.335472
-0.381226
0.501313
5.01124
22.0783
-0.363701
4.35321
0.114374
-1.70623
-5.24968
-0.82578
-0.949982
-0.196274
-0.112237
0.979924
-2.02411
-2.05158
-3.34058
3.54603
0.26189
17.2072
1.76969
-0.415604
-8.48235
-3.40807
0.692798
-0.139852
-2.62677
0.496182
-3.65011
-0.290268
2.05031
-0.798712
-26.5418
-0.0546666
15.891
2.86876
0.428357
-1.50431
-0.918233
-0.0931066
-1.2024
-0.279695
-0.328029
0.399731
0.387631
0.171311
8.63423
5.4482
0.742345
-1.31567
0.489014
2.40147
-0.687112
3.66374
2.88934
0.155246
1.34619
-0.306672
-1.18853
2.85927
0.241052
0.21062
0.418953
3.04554
-2.55697
2.1217
1.71796
-1.44263
4.40031
0.753779
-0.14012
15.7449
-0.51741
-0.102848
-2.75711
1.55938
0.170466
0.704532
0.851532
-0.470565
0.816746
3.24402
0.682232
4.4392
0.0813104
0.770054
61.5713
0.0755189
-28.4056
-1.25426
0.568368
0.479791
0.412146
0.757751
0.862992
0.078333
0.693919
0.149018
25.5663
5.05288
-1.61269
-0.226087
-0.0987987
-0.103883
1.55636
0.933076
0.296129
-0.235745
1.01177
-0.20296
-0.563975
0.241267
2.1683
10.2073
0.0466574
0.912374
3.07753
1.40175
0.328021
-0.42507
-56.319
0.667662
0.243718
0.282109
-1.59578
4.93898
8.22083
-2.21603
4.98603
1.37531
-0.683542
-9.39565
-3.16407
0.462243
-1.07472
-0.356866
-1.04388
-1.79756
-3.77887
-5.40039
-0.391464
19.31
2.69918
-1.18253
1.04117
-1.15871
0.511177
2.10622
0.397268
-0.275667
-0.0956454
-0.446737
0.53121
-1.53096
0.381361
0.601894
0.976643
-6.03404
0.380046
-0.517643
0.316782
0.404509
-0.354497
-0.563111
-2.05816
-0.309732
2.19651
0.992409
0.0957521
-0.803228
-0.491435
1.7685
0.513005
0.610804
2.48674
6.38617
-2.10876
0.10922
-1.97817
-1.13693
0.0540277
-0.280552
9.49557
1.30132
-0.121436
0.216891
0.258284
1.89722
0.102286
-0.00143111
3.69292
-0.233539
2.76346
3.58356
14.5856
0.417937
9.43623
-2.68999
-0.108733
-2.79446
3.54767
-2.35223
-2.41189
2.65258
2.09277
0.90987
-0.361119
0.292167
0.820674
-0.0395489
-1.11328
-0.50395
-0.200251
-253.517
2.52402
0.810531
-0.0820396
0.70638
0.522922
-2.1176
-1.23842
-0.0348159
0.394628
-1.18243
-3.43834
0.483298
2.58416
-0.183533
0.252339
-0.981167
-4.40509
-0.264734
0.711486
-1.40127
1.98493
-14.79
0.704513
0.912399
0.417121
0.867616
2.13984
-1.18961
3.16402
0.593852
-7.21377
-3.30615
-1.49325
-2.62598
0.0896245
0.267942
-2.61021
0.761002
-8.37201
-0.322095
-0.543743
-1.64197
0.00435559
0.33564
0.679938
0.746292
0.314714
3.84253
1.60624
-2.75512
-0.467735
-2.4642
15.1949
0.213016
0.688591
1.07331
-0.30406
0.809046
-4.16319
0.532496
-6.75389
0.301994
0.977038
0.0240945
2.5316
0.583338
-1.74755
-1.38802
24.0417
2.89354
0.302155
-0.399051
2.54892
-0.128479
7.17827
0.810012
0.748359
-1.30342
-0.178835
-12.5561
-0.213767
12.6119
-1.99424
0.0640703
-0.212489
0.528087
1.30764
-1.98307
-3.17607
-5.22513
-1.57209
-0.425203
0.310186
-21.5032
0.626589
1.52153
1.14062
1.25938
0.969431
3.02128
-0.0297477
-8.75715
-8.10929
-1.09369
-3.75615
-5.8396
4.8556
-1.44497
-0.394062
3.16278
-8.88745
0.846483
0.687216
2.05353
3.30128
0.528495
-0.892513
-0.340417
-0.469899
-0.0278467
0.80482
0.481942
1.23225
2.22671
3.95815
-0.778031
5.2429
-1.60197
0.662973
-12.0219
-0.349148
1.34217
2.72288
-0.291136
1.16866
-1.47672
-9.37888
0.526911
0.837341
-0.199212
-1.38231
-0.710905
0.84019
8.65493
1.32494
1.2904
-0.0470339
0.23358
15.3658
0.724363
-1.6956
7.11356
-0.799742
-0.00106024
1.01989
8.23841
1.19439
-1.3569
-16.0848
-8.38991
-1.00297
0.422082
-0.691232
0.88548
-1.53981
0.0804134
2.18729
-0.741235
1.57704
-0.706032
-0.114504
0.648462
-0.726733
-6.20071
1.15305
1.0682
0.047498
-0.076105
-1.90609
0.475171
-0.0838884
0.759984
-40.2064
0.258914
0.229987
0.725828
2.75489
0.0450422
-0.389636
4.17495
0.0800989
-0.834263
18.6967
0.926366
1.84942
0.393231
0.378746
-0.956155
-4.10194
-6.96867
-1.65053
0.791361
-0.0769371
1.62485
-0.43956
-1.13806
0.292888
1.0983
-1.04364
5.0074
1.31865
1.20505
1.30562
-0.95459
0.375628
7.58994
2.67204
0.120258
0.405756
1.66365
4.72298
-1.86753
-4.16889
-1.15071
-0.808351
1.03545
-0.274633
1.15551
5.62279
91.0784
-4.2577
-0.100269
-0.192274
0.273609
19.2038
-1.46066
5.2882
1.21239
4.51019
-1.73452
0.828692
0.0482514
0.689704
-3.45436
1.97466
-3.6555
-0.658042
0.162807
0.787394
-0.111157
-0.119028
-2.35816
0.306304
-0.916628
0.63647
1.3727
-1.43693
-1.10011
0.313624
0.479925
-0.363398
-0.605954
1.43102
-4.53763
4.23433
2.09235
-1.01104
0.41524
0.284184
0.426332
2.64634
0.245268
-4.63151
-5.53514
-2.25532
2.15081
-2.05549
0.942511
-2.38292
1.08891
0.156626
0.825158
-0.487903
-0.347089
0.0737841
5.58185
-1.58249
42.5744
-0.607158
-0.565439
2.69885
-4.00682
0.10227
-1.85474
-1.19709
0.11529
1.75782
-0.157342
1.2091
-3.08727
-0.748764
-2.70078
2.32757
-2.48859
3.44741
-0.523917
-4.052
-3.55828
-0.282224
0.35801
-0.26632
5.72048
1.07013
-0.936855
6.52385
0.844167
1.51333
0.78907
-0.635736
2.86211
0.381421
-0.368513
0.395305
-4.02225
0.888702
-57.6459
0.282234
0.120189
1.1266
-0.894775
-1.3111
-3.85246
-9.27149
-0.4044
0.335856
-10.4828
5.37011
-0.37737
0.0665881
-0.142893
-1.19793
0.940791
-0.262626
-2.41005
-0.512633
0.803872
-26.1417
-0.998727
-1.05557
0.199549
1.78209
-1.17902
0.161979
-0.385927
0.334898
-3.79684
10.4635
-0.345722
-1.44961
-0.867928
1.77453
-10.1038
0.609343
-0.196861
-2.4359
-3.06649
-0.474888
-3.91317
-0.199909
0.0619001
14.4026
8.30739
-0.187439
-8.13271
-2.75097
-2.73707
0.892729
0.762381
-2.54004
2.44188
1.51705
-0.877872
0.0889803
-1.09253
2.44497
0.615997
-0.764856
-4.57973
0.759713
0.357039
-5.14339
-0.62863
-0.616019
-1.42685
-2.06822
-2.26718
-0.676198
1.1735
-17.2589
-8.23311
-0.342922
-0.0500794
-3.24224
1.60888
-0.762311
-1.14528
-0.996126
-0.999527
-0.569471
-12.0412
0.192031
-2.89786
0.755745
17.955
0.0583205
0.844812
-0.0531592
-2.05906
-2.3955
0.7097
-0.423466
-13.7677
-0.155108
0.533599
-0.0491487
1.27332
0.699446
0.289176
-0.399332
2.06048
6.47364
-0.997152
-19.336
0.518187
0.0831743
1.36049
-1.64443
11.724
-3.70905
0.28296
-1.5118
1.04147
-9.1926
-0.568465
-8.58762
0.979811
-3.12739
30.9556
-22.7079
0.06273
-2672.76
1.52519
-8.3042
-0.580668
-1.97572
-0.575943
1.63584
-1.03861
-1.0114
-1.80884
0.684733
-1.01025
-0.543741
-0.420427
4.84471
-2.54299
14.4613
2.29732
1.85082
-6.63178
-0.431236
57.1461
-0.713882
-3.14393
0.542577
-0.319818
-1.71043
-1.10453
-2.55835
35.0763
0.155222
-0.108931
2.11635
1.56646
-0.633336
-1.99482
-6.52904
-0.28273
5.78064
-0.979894
1.92538
0.710978
3.32552
-0.499145
-1.21826
0.921866
-0.453621
0.0916581
0.950768
-3.01401
-0.919556
43.82
2.3523
2.01348
-0.905705
-3.20549
-2.56635
-0.381432
0.689191
-1.39523
0.578319
0.0481482
-5.31212
0.602459
2.13666
0.373434
0.380582
0.941909
3.62078
0.314149
2.03592
0.288549
1.25628
0.298588
-1.05964
-3.48533
-0.0628807
0.809471
-1.72032
-10.1208
-57.7796
-0.114317
-0.499466
1.19508
-2.3325
0.0668371
0.796938
-3.24653
1.38311
2.21767
12.6863
-0.88983
0.195575
0.830732
-0.254784
0.731397
-4.02467
0.425443
-0.698596
-0.402424
-0.590683
-3.81024
0.113359
1.14895
0.0949024
-1.48032
-3.85026
0.757547
0.6727
1.07637
-0.499473
3.19614
-0.637455
-2.88898
0.20577
-0.505155
-1.36148
0.47261
-0.491101
6.7981
0.429932
-5.04298
-0.962383
0.0342401
2.65927
-1.47784
-0.13364
-0.191907
-0.074679
-0.604474
-1.37049
10.7894
-0.229687
-1.28201
-14.1794
0.0920266
-5.14313
-0.965793
0.971874
-1.71453
-1.11241
-4.21213
-0.547635
-0.0691953
0.278512
-0.545401
-0.662941
0.325349
-0.277866
-2.22281
-0.24869
-0.96948
2.08448
-20.1325
0.637278
0.840707
-4.04876
-0.383171
1.20419
0.559927
1.24429
0.44639
-0.0609162
-0.734289
-0.284251
1.29385
1.23097
0.441109
0.438994
0.37341
-0.0545353
-4.09702
1.19148
-4.95745
-1.51968
-0.895664
-4.7681
1.42708
-0.756032
-6.69057
1.34437
0.508951
-1.63758
0.258459
-5.90457
0.282964
1.56393
-0.663311
13.5082
-0.51051
0.98769
4.4468
4.57463
-4.49649
0.35341
-15.5552
1.01498
-0.71923
-1.28756
-1.45221
-0.742052
0.547022
-4.90075
-4.65631
-0.598701
-0.302666
1.33399
-1.78862
2.55348
-2.42281
0.454239
0.361804
0.840966
-0.907954
0.43075
0.367528
-0.93357
-1.42463
0.0242935
-0.10327
1.88256
-0.712149
0.354909
0.11628
0.0368847
0.396365
0.0540567
0.525183
1.50625
0.470065
4.20823
0.415109
0.592905
0.159789
1.702
-11.2106
-0.762953
-0.824865
0.251088
2.70059
0.247029
-0.171609
-1.04477
-1.56256
-0.886874
-2.86394
1.27279
-17.2567
5.2561
-2.59929
16.2973
2.26111
-0.464496
-0.375397
0.917852
0.129038
1.25618
-0.104742
-0.14142
16.9648
-1.01918
-13.1277
-0.188026
-1.62566
0.883239
-0.0655129
-14.7028
2.39633
0.20197
0.0675121
-1.55467
2.37173
21.4758
-0.48282
-1.36686
-8.38883
-0.0989578
-0.402834
-4.27538
-3.53712
-0.764249
0.864075
1.85024
-0.341571
0.356939
-0.54113
0.53413
-0.496072
-0.464478
-0.268495
0.5004
3.23917
0.73465
1.95646
0.677893
0.388602
-1.25827
0.898871
-1.84307
3.06702
0.57809
-0.769436
1.31055
-0.234747
0.561584
-6.0343
-5.07865
-0.652477
-0.0809694
-0.400957
2.93835
-0.967624
1.57293
0.126562
2.99496
3.58665
-0.78126
0.406491
-0.182245
-0.433529
-2.1832
0.390438
-0.0896778
1.02472
0.865375
29.1598
-3.75203
-5.84358
-0.596543
-3.88083
2.58629
102.874
-0.549229
-0.104708
2.22134
1.23532
0.707501
2.07648
-0.872245
-0.859516
-1.49589
-1.71052
-2.15704
-0.359047
0.098528
0.811245
0.013751
-1.3292
-1.41087
10.3255
-1.01766
0.895111
-25.1791
-1.23641
0.239496
25.917
0.644249
1.66001
-0.641815
0.656532
1.61392
-14.4852
3.20458
-2.53468
-8.34195
1.05137
1.32377
0.108073
0.0654887
6.49095
2.72029
-3.80332
0.763108
0.92833
-0.545169
-3.16885
0.125182
-1.99379
-0.365795
2.87453
-0.346285
1.29446
-0.326549
1.4941
0.737837
-3.19096
-0.569996
0.864736
0.239728
-1.6197
-17.9052
4.87709
-6.07346
0.32908
-2.07303
-0.895053
2.65746
0.842699
-3.90068
1.13039
-14.5134
-0.420886
-0.136759
-0.156119
0.394907
0.231115
-0.208992
9.59305
1.10613
-2.12719
0.0583198
0.586243
0.128866
1.02662
1.49379
-0.888194
-0.12291
2.84405
-0.515695
1.46523
-29.7909
-9.0384
-1.03162
0.374968
0.746238
-0.235463
12.8484
-2.38842
-0.245776
0.931036
1.14053
0.956235
-2.16185
1.35283
-7.28615
-0.241335
170.642
0.281513
2.0679
-0.523313
2.46673
0.409083
-1.21287
-0.0960067
-0.848257
0.0249243
-3.80917
7.32212
3.23551
-0.680084
5.18604
-6.75585
-0.175377
8.46148
0.369793
-0.559107
-0.826054
0.555384
-0.101881
0.470815
4.78098
0.627238
-0.0601554
0.736801
-5.16843
1.70862
2.92447
0.116174
10.8823
-1.15947
-0.449045
-4.82412
6.61623
3.04669
2.43064
-9.66931
0.449252
0.738383
-0.668768
1.04356
0.517309
0.685233
1.4154
2.15022
0.243683
0.933519
0.792096
3.8213
0.257939
-0.865659
0.358209
0.111989
-4.40839
0.424758
-0.132272
-0.187251
-1.85764
-0.881252
-0.00743561
12.0953
-10.7409
-1.61974
0.111078
-5.64261
5.09574
-3.2241
1.19221
1.57832
-0.760985
1.38303
-1.59251
-271.106
-6.15918
0.0155363
0.566263
2.29864
0.419927
-0.539678
-1.2639
-0.562482
-2.42254
-1.45684
-5.95572
-2.50894
-3.61531
-3.78893
-0.929196
0.51803
0.283131
-0.244051
-0.2211
0.402939
0.436192
0.663794
2.86582
2.65972
-1.35202
-1.38691
-1.17425
-5.73991
-0.346917
-1.62058
-1.50267
6.89425
0.0876049
-2.83309
0.548525
4.80412
0.878953
-5.00267
-2.26035
0.126178
-0.125786
-2.16495
3.50096
0.198688
-0.0791017
4.22098
-0.269883
-9.82479
-2.62972
0.229946
2.0243
1.83811
-1.09469
0.599419
-0.503568
2.87484
-0.15834
-0.800824
-0.0751146
0.761242
-0.431547
5.69038
-1.37618
-0.697819
0.986789
0.974697
1.05948
0.128876
-0.568254
3.33628
1.24089
5.89128
-0.276421
0.376454
-0.478143
-0.000897751
2.33513
-0.801467
0.881817
-0.383905
-3.1828
2.97666
-2.40299
-0.634343
-0.258032
-0.118405
-1.31297
-0.3065
0.368948
0.169456
0.211248
-1.00342
1.00668
-1.33655
1.32168
-4.47933
-0.271527
0.184252
1.12488
0.992217
0.0593758
7.80482
-78.9988
-2.85164
-0.0435108
1.29678
13.6789
1.48655
0.410482
0.0660424
-0.896356
63.7424
-1.78288
0.528959
-211.632
12.2525
1.05122
-1.36438
6.04662
1.19805
0.583167
-0.025828
-1.92778
-2.06524
0.782049
-1.79597
3.28715
8.03772
-0.354653
4.63454
-1.4242
0.325283
-0.109345
-1.00879
0.837016
0.0370944
0.110047
-51.2426
-1.34148
1.08229
-0.309715
-0.0219329
0.135851
0.348352
-0.562364
-3.77789
-3.72483
10.7995
0.429203
5.72101
-0.260242
4.36618
61.8266
1.40898
-1.76078
-2.41249
54.2444
-0.681282
0.318606
-0.903123
-0.492412
-3.07234
0.492728
0.278973
2.57496
-1.3516
-1.46278
-0.242038
407.62
1.59681
0.110667
-2.23359
-1.3637
-1.45154
-3.33048
0.968982
12.7682
0.186633
-1.51475
0.486835
1.13642
-0.0663617
28.6405
0.807382
-5.8996
1.58867
-0.584539
-4.70996
-0.217618
22.086
-0.0909581
1.6824
0.463014
-0.0617831
17.6392
-1.39888
-0.420808
-2.81256
3.55494
-0.599344
-1.09083
-0.40922
0.0490043
-0.374853
-0.600415
0.0754225
-0.177216
0.658259
4.27414
-0.108844
-0.610826
-1.27702
-4.2145
-5.67281
4.96388
-0.511489
-0.589512
6.45246
0.961273
-1.77605
-12.7819
-0.545158
1.28447
-1.07936
1.80265
-0.169036
-0.691488
-0.532099
-1.18593
-4.77651
-0.465452
-0.394548
-2.17022
0.83294
-0.945859
-6.78994
-0.503211
0.0663879
-0.750053
-3.64216
-1.9699
1.50798
79.6254
1.39752
0.670248
0.0461744
0.94726
0.351375
-1.73375
-2.65792
-3.29532
-1.31139
1.19094
-0.863306
-4.89291
0.166929
2.50954
-0.874649
1.57315
-1.6626
-0.609873
-1.03716
1.82323
-0.785764
-0.44213
-1.08464
-2.62379
-0.911338
0.90092
2.10666
-5.78527
11.6391
0.292238
0.418088
-0.207706
-1.6457
-7.07212
-0.803351
-8.36437
-6.74552
0.174597
0.113934
-0.205816
-0.394113
0.651151
0.329487
-1.97787
-0.237669
1.93985
-5.51531
0.545829
-8.32626
0.729383
-1.70679
1.28284
-0.324573
8.54174
-0.342921
0.456778
-0.94133
1.73912
1.49516
-8.77229
0.562389
7.16437
0.570728
1.07421
-0.244597
-4.00689
-0.469523
0.966431
-1.23542
0.117094
-1.13331
1.02482
-22.4372
0.32938
3.32217
4.14048
0.0965958
0.0571936
-0.614621
-0.156785
-2.18924
-1.94843
30.6415
-0.451003
0.388642
-5.33494
2.78035
0.260584
-3.62147
0.583437
-0.73301
0.142684
0.00544175
1.13795
-4.77909
-0.41877
-0.0527757
-0.101885
-1.19492
-0.139244
-7.23908
-2.75677
-3.06831
0.667676
-1.94364
0.120433
-10.2389
-0.773962
-0.873087
-2.77395
-0.602724
-1.39864
2.0981
5.36419
0.384882
1.21243
-0.0369462
0.245272
-0.885121
-0.382747
1.66532
0.505325
3.1813
-5.45763
-4.25967
0.777673
0.503784
-2.37677
0.380597
-0.899629
4.10297
2.05084
-0.633598
0.471534
2.12012
0.670284
-12.4119
0.916513
-0.993959
1.49931
-0.123203
-0.44558
-0.841177
-0.546727
1.56414
6.84374
-0.315377
0.404848
-51.0501
3.74807
7.43784
0.0416006
7.56645
-1.54032
5.46329
-3.72741
-0.40027
-0.656437
1.18709
3.45912
1.6378
0.030474
0.604507
1.84646
1.20304
2.33951
-2.66921
-0.583687
-2.03255
2.84233
-0.976809
-0.594321
0.743342
0.507289
-3.41288
2.67718
-1.22149
-3.67776
-0.12402
-1.32701
-0.966176
-1.16826
-1.95743
-0.22443
-0.156001
-0.466061
-0.151159
-1.12968
-0.853854
-0.831982
-0.193722
1.06976
0.944364
2.15028
5.29756
-2.54717
-0.820221
-0.493217
-0.489887
0.7634
0.561136
-1.60313
-0.614087
1.46291
-0.664794
8.25019
-0.0203287
-1.53344
1.97461
0.781157
-0.00848699
-10.3717
53.37
-0.167689
-18.4595
6.7976
-0.761904
-2.53172
0.432228
0.205494
2.6812
1.83822
5.83438
0.982162
-10.065
1.59587
0.437963
-0.0310906
0.236945
-1.00407
0.373344
1.0693
0.149863
0.037541
-2.65863
-0.117788
-1.01981
1.28706
0.734781
-0.731688
0.435817
0.375327
-0.877437
0.213704
-0.479972
0.0331898
-0.309478
-2.09592
-2.79969
7.21595
-443.019
2.75024
0.575388
-2.56569
-0.436076
0.223979
0.996278
5.59852
0.878451
-0.209553
-1.75406
-0.529719
-1.24175
-1.08499
-0.357903
1.47087
2.20401
-0.0784972
-28.9664
-1.07916
-5.99966
-6.71498
24.6693
1.0341
0.198609
-1.11629
-1.47725
-0.839159
-0.351173
-3.30129
0.270407
-0.490055
-9.41195
24.2239
1.32791
-1.19697
-2.87765
3.14264
-8.68135
-0.158667
0.454212
-1.73552
5.5555
0.903207
0.497091
-3.21686
-0.000529495
-6.83723
-1.05693
2.46971
4.25021
-1.37476
-0.894709
-0.820542
3.45086
-0.166629
0.10102
1.83345
2.41447
-4.46889
0.771154
1.91349
-0.0142195
1.83562
-89.4472
-1.4557
-4.28391
793.079
0.0198885
-1.10823
-0.0670991
-596.555
-1.16643
-67.3325
-0.99543
0.29039
-7.33974
0.202889
-7.07118
0.11519
-0.24311
-1.68066
-0.436884
-0.570642
-2.10835
-1.34669
4.83014
-0.886468
1.18796
-0.0682682
1.52586
0.823543
-0.374898
-0.0962375
-0.518927
1.35157
-0.497709
-3.46883
4.69613
-0.192517
0.0737771
0.774518
-1.12494
2.35158
-0.431625
-0.026225
-1.7466
-0.696802
-3.61949
-6.15032
-2.58335
-2.14043
-26.2993
-0.771739
0.218188
-2.52297
0.107336
-3.25428
0.679551
0.886962
0.40566
-2.81144
12.3667
1.82576
0.0209068
0.201692
0.56816
0.764532
0.661132
0.319766
0.295417
-1.60387
-151.884
0.96921
0.591565
0.283687
1.11726
-1.46601
0.603404
1.23633
-5.62502
0.97483
16.1441
-637.169
-10.9465
-1.05963
0.177594
0.22545
0.893644
-0.351529
1.10065
-0.707724
0.11113
-1.18862
0.462806
-2.51403
-1.67745
-1.10739
-26.9054
-0.067827
-59.8118
27.5299
1.76286
0.416865
2.4191
-0.216987
0.441961
-12.9201
-0.0134942
-0.284812
3.3183
1.17028
-49.8414
-0.430846
2.41807
-1.77584
-3.24762
-0.539521
0.354888
0.862261
0.480294
0.259682
0.168284
5.85953
-1.25981
0.725528
14.7621
3.30692
-0.152183
2.23126
-1.32404
-6.70241
0.0483223
-0.552775
1.34783
0.129921
0.678415
-1.03099
-11.8595
2.01879
-2.44803
-0.364695
-1.06587
1.72595
0.825171
0.331097
0.820555
-1.05613
1.1406
0.0783208
21.4079
0.421083
-71.9068
1.2394
-0.822709
-15.7196
-0.357023
-0.559517
-3.41261
-7.82369
60.3408
4.54999
2.14635
-0.150952
-1.47064
-0.367306
0.837092
-0.127793
-11.3506
-5.79338
1.33394
-0.241048
3.19597
-0.119973
1.14096
-0.042782
0.781471
0.859471
0.273966
-1.08239
-0.876829
4.96396
-0.409559
-0.460291
7.13825
1.0297
-0.076535
0.473617
-2.27865
0.171558
-3.2933
-0.313015
-10.3503
-0.806809
-0.505995
0.886376
-0.467835
0.391808
-3.09455
-5.50265
-2.16889
-0.174434
3.14639
0.186201
0.23928
-1.13844
-30.4559
0.486105
-0.647546
1.81002
-1.65525
-6.70022
-0.0979325
-0.72731
-6.13379
-0.149954
0.592313
-0.555329
1.62336
-0.227383
0.0474585
-498.817
-0.428627
-1.24745
-0.598563
6.53306
0.47792
-0.394513
1.84594
0.219332
-4.49235
3.38536
0.912212
1.36557
-1.61324
-0.692558
0.205271
-3.89821
-1.93436
0.983369
0.195504
2.15203
-0.129186
-0.833626
-0.0275074
-0.721227
-0.226159
0.424347
0.407345
0.198933
-5.02851
1.10891
0.25495
-0.0799546
-0.509171
-0.132772
4.37715
-0.00486259
-0.0927935
-1.20178
2.55353
-0.0877641
-0.254388
-8.16859
-0.6023
0.229057
-5.56024
4.35086
0.504184
-2.50653
0.659502
-0.0611355
-3.30622
-2.4161
-1.35982
0.648275
-2.28294
0.282257
-1.16407
-1.8034
8.32513
-1.53651
0.0699295
0.490302
0.22928
-1.4455
1.13282
-0.32774
3.86167
-2.47422
-0.463617
1.46335
0.225776
0.242006
-0.64983
0.437885
7.2124
0.241461
1.80503
-0.356831
10.335
-0.478594
2.06497
9.45168
1.40356
310.327
-1.64414
53.3677
0.163036
-0.401439
-2.51474
4.24356
1.53905
4.99141
0.525615
-0.0460347
0.643035
3.57238
-2.17834
1.09845
-1.07776
-0.251917
-0.330503
-4.55373
-0.934667
0.63432
-13.4933
2.4582
4.2364
12.0355
0.142221
0.897203
-0.57644
-0.0653057
0.924537
0.572778
-12.0282
-2.42705
-1.92501
1.42618
0.00924162
-2028.3
-2.96778
-0.697018
-0.945567
0.235923
0.999398
6.42314
0.742449
0.247183
0.0148966
0.492294
-2.02859
1.22552
-0.819385
-1.31111
0.241914
1.35769
0.560198
-0.0499868
0.543081
-0.83384
-2.28462
1.37751
-0.534444
-0.677604
-3.61383
-0.667405
-0.025081
-0.758494
-6.64095
0.299287
0.768342
-1.22576
2.26508
-0.206621
1.75959
1.47918
-1.05008
1.9664
2.6914
0.387154
0.636665
-0.0324348
0.597235
3.84083
39.0357
-1.2855
0.150717
-0.410194
-3.31148
0.326556
-1.0529
-1.4642
-0.629647
1.78304
11.7007
-1.5135
14.6235
0.57258
0.18479
0.392917
-0.145075
0.630816
-2.17267
-7.37666
-0.373157
-203.481
0.191526
-5.8405
-0.797198
-0.402083
-0.780293
-22.1732
0.51777
0.372914
0.284129
-0.262301
6.61704
0.0750093
1.05476
1.95818
0.0922583
0.842067
0.120627
-2.76405
0.262433
-0.875022
1.578
1.93088
1.4758
0.800258
0.139377
0.455022
0.73436
0.446044
-4.8059
0.912803
1.04164
0.919651
0.714485
1.22451
5.52749
-0.419716
10.9926
0.865546
0.261345
-11.8253
-0.791677
-1.06696
0.747288
-0.350501
103.196
11.6268
0.550796
-1.3454
0.261127
2.4052
24.206
-1.50257
0.429696
0.284962
1.08901
2.7354
8.53299
-0.412892
-0.203239
-2.00668
-1.49625
5.99756
0.478166
3.19074
0.265129
-0.192553
0.0865396
-2.16908
1.35793
-0.0319343
0.473082
-3.04136
-2.70443
-6.82024
-47.2627
0.247953
-0.176611
-0.703495
-0.336315
0.0235852
-1.87562
-0.84488
-0.395112
0.00787009
0.0722241
-0.367956
-1.9032
0.431138
-0.666437
-0.462306
-24.3076
-1.63154
8.48243
-0.61374
-1.70914
-0.20477
-1.2723
-0.956381
-1.51274
0.095709
-0.148235
0.44552
-0.0307214
0.990484
-1.24976
0.870683
-3.60585
5.55907
6.19885
0.381662
2.12938
4.20002
0.591968
0.199183
-0.328514
0.863508
0.12213
-0.980947
-0.920472
-3.75814
-0.736612
-12.3061
26.0396
1.08081
0.581168
0.495794
-4.3738
0.864599
-2.62064
4.67875
-1.24138
-10.27
18.9885
-0.419534
-0.350017
-1.90597
-1.80875
-11.9733
-2.64937
-0.231636
-1.97628
9.20717
-0.301397
-7.30657
1.14709
8.56867
1.29254
0.990684
0.447579
0.395294
-0.1758
0.0560417
-0.385048
-0.480273
-2.99039
22.9217
-0.828601
0.119312
0.742961
-0.109406
0.824301
1.58388
1.98737
5.13076
1.20134
1.58879
-0.63252
3.85347
-0.24955
-2.79291
0.321062
-1.70925
209.04
0.113096
-1.35913
0.644123
0.151843
-1.33602
-0.370439
-0.515861
1.07514
-0.0785662
-0.308663
-0.622107
1.97219
1.16582
0.559256
1.45955
0.759808
-1.14951
0.0282936
-0.057243
0.592821
-0.17946
0.853777
-0.824095
-2.16461
-1.00802
0.611288
0.287322
-0.46928
1.98457
-1.14137
-1.73536
-0.714286
8.26019
-0.547842
2.94397
37.1867
0.55468
-1.63751
0.084859
3.1736
-11.7616
-0.445886
-3.03433
-0.227635
1.13355
-0.372742
-2.2132
-0.779374
-0.060536
54.0454
-1.07321
-1.81921
1.33248
-1.31097
1.67763
2.13415
0.216447
-3.12396
-0.18977
24.155
-0.373659
1.07871
-0.492014
-0.033726
0.0306051
1.65829
-6.00881
0.522456
2.68607
-0.2937
0.966415
-0.593751
0.108582
2.89054
-0.375016
0.859547
-0.499554
0.730202
2.24015
0.203709
-0.607629
80.5674
-2.89816
-11.0503
-2.28388
43.5347
797.021
18.2418
-2.85087
-0.353848
0.0798777
3.62484
-1.82265
0.277348
4.71012
5.05078
-3.92153
24.8712
-1.50977
-2.28457
1.59601
-0.767637
-1.22495
0.556441
-9.00252
-0.250265
0.68993
46.5772
-0.574886
5.36435
12.7111
-2.51838
-0.390227
-0.16863
-1.21086
0.0269896
-1.70856
-0.938876
6.20989
-1.89422
1.0254
4.05984
-3.30342
3.43968
0.499583
0.529553
2.926
-1.04924
1.47986
1.23598
-4.72858
-0.618886
-2.80164
42.1528
-0.0244589
1.76401
-1.10773
-0.659401
1.35987
-2.7858
-3.54838
241.344
1.21238
2.29326
-0.415737
0.0799481
-0.090307
-1.37762
-0.521513
-1.06601
-1.10019
0.0265207
1.82496
2.46444
2.02435
1.2136
0.199303
-1.25196
1.5885
1.42436
-1.7757
-1.09694
0.390514
0.37666
0.32711
1.88159
-3.22275
0.255052
5.55102
0.798886
18.364
-3.66054
-1.34064
1.902
3.59767
0.861322
-0.444515
0.40081
0.795936
1.1522
-0.180292
-3.71835
0.0824551
0.9756
0.17594
-0.177226
0.905209
-44.045
0.371472
-0.0749528
-0.58455
-0.304826
-18.5508
-1.53374
1.80056
-0.62665
0.281656
-0.470977
0.783283
-3.41181
0.505674
1.92914
-15.1161
-0.294496
1.69527
1.22309
2.88802
-0.483018
-0.626042
-0.4389
1.62589
16.5917
-0.500092
-0.715797
-0.0443643
-1.03396
0.0561309
0.908661
0.485779
1.07307
-0.479005
0.456117
-0.87212
3.57836
0.481388
11.1307
-2.06602
0.309294
-4.00785
-0.313987
-0.282599
-0.068359
-0.996888
0.764875
2.63475
-8.11513
-2.77152
2.62032
-0.257164
0.710793
0.219023
-3.12709
-1.30461
-2.30269
1.03856
-0.556949
10.3494
479.473
0.600841
0.111528
-3.65661
-6.13867
0.839928
-0.26942
-0.918936
-4.85532
-0.105112
1.05308
-1.6265
2.5657
-26.1499
-0.178076
-8.38112
0.496055
-1.02883
0.920654
-3.60308
-1.14571
-12.5784
-1.36159
1.76696
-0.130672
-0.333047
-0.197836
0.275531
13.1698
0.564046
1.4547
44.8586
0.453421
-0.462828
0.631836
-1.07275
0.933149
-2.13114
-1.26291
-2.42252
1.3225
-0.366883
-0.00449724
0.806892
-0.878948
-0.890139
6.64347
0.232618
0.352288
-2.98262
-3.45117
5.23503
-0.810618
38.9558
-0.00972825
0.195725
12.5034
-30.6383
1.26961
0.529191
0.46231
7.93573
-1.65435
-0.332134
0.726065
-4.40088
0.0686641
-0.935212
-0.502524
3.00617
-2.36702
-0.180054
3.60574
0.402756
0.39595
1.16966
-0.335552
-2.76661
-0.121315
-1.99636
-0.302028
-0.416199
0.360443
3.40006
1.71563
0.0535997
0.159734
1.08492
-1.5639
0.382387
-0.780698
0.606648
2.22675
-0.353166
0.0483004
-0.347229
-52.7246
-0.440516
-1.00683
0.791673
2.57317
-14.8351
0.198725
0.516019
1.32962
0.690918
-11.3696
-3.38067
-2.02981
-0.0721402
-0.660636
0.868572
-14.3773
6.71208
-0.715038
-2.38623
-0.266683
4.59655
15.875
-0.399199
-4.24655
0.232326
0.547759
0.306743
-0.0642841
-0.00605555
-2.42274
0.973026
0.328844
-2.71826
-0.392655
-4.52339
-1.4617
0.275151
-14.4287
0.276277
-1.50711
-1.06807
0.508642
-2.0654
4.52823
5.43162
-0.184461
1.70303
-4.79862
4.07164
8.06164
3.34358
0.704824
-0.582
-0.616751
0.725214
-3.36257
-0.0918572
-0.771188
-0.0712723
1.46745
-0.700111
-8.36339
-0.335583
-0.126831
3.09983
1.37092
8.86995
-3.54008
0.222261
0.807834
-2.17598
0.071607
-6.68169
-0.584532
-1.58647
-1.07438
0.391614
128.333
-0.323925
2.20589
-0.00326422
0.138572
0.89235
0.541707
0.643966
-1.0419
-5.20382
-0.0597286
0.864609
-0.980631
-0.481292
2.33496
0.354303
-2.6128
0.113519
0.302554
0.288748
3.6824
-2.18243
0.181209
-0.0675644
0.126957
-1.64605
0.144714
-1.42246
0.35648
0.517294
0.0801051
0.299811
2.36524
4.6331
-0.405644
-0.120067
78.8549
-1.73983
-0.0231737
-6.9285
2.93345
9.66571
-1.40793
0.987735
0.544926
76.515
1.47521
-55.0173
0.824433
-0.720746
-0.455696
-1.13182
-2.48126
-1.08038
-1.78042
-2.53686
-0.424131
7.57258
-0.628822
-8.15267
1.08637
0.205394
-0.063752
-0.78365
-3.2811
-0.258197
-0.886986
-12.9484
0.295456
1.35262
-2.13592
-0.0230322
0.527926
4.74748
-1.18919
0.224023
-1.248
-39.1462
-0.691918
0.867873
-9.47565
1.20974
1.25954
-0.219366
-0.481078
0.500144
11.929
-0.966279
2.65818
-0.32552
0.120583
-2.30176
0.374733
-0.50427
0.191814
-0.530046
-1.31865
0.842524
-0.205963
3.70204
7.50677
0.799972
-0.464936
2.47514
-1.22046
-0.499447
0.939319
-0.323345
-1.236
-7.83957
1.89226
0.661472
-0.498696
-0.316435
0.17096
-0.825118
-4.1906
-17.0316
1.7775
4.50257
0.0712117
-9.86265
-4.39985
1.58578
-0.93758
2.59012
-5.14883
0.163076
5.35867
-1.49996
4.32005
-0.0262891
0.227824
1.9374
15.1664
1.44316
4.29258
0.235161
1.19357
0.0500027
0.156617
0.352043
4.03015
-1.20523
-0.0413746
0.452045
1.008
-2.4011
1.04887
-0.306414
-0.257785
1.68346
-14.934
-26.9943
2.6966
-2.3357
2.76076
0.673853
-1.50559
7.55118
0.172794
19.1368
-0.789335
-1.36089
9.22515
-3.91144
-1.22322
2.24031
0.856588
-0.227577
-0.69399
0.586575
-2.19449
-0.333143
-0.41644
1.71718
-1.64632
0.131021
-0.121591
0.305102
-0.068947
0.225364
-9.24022
2.23671
0.424282
-2.19906
-1.56438
-1.38784
0.817458
1.16831
0.833063
-0.564647
-3.59427
-0.882366
0.921664
2.80485
-0.333167
12.324
0.0568084
-0.565224
5.91202
0.633058
-7.17507
-2.52114
2.62164
2.09885
-0.5349
-2.75438
-2.9544
0.774286
0.992596
-0.316321
-0.597414
4.92902
2.23383
0.937742
-0.92722
0.572192
-0.423926
0.688846
2.70121
0.233356
6.08577
1.49454
-0.608417
-0.699213
-29.9595
0.730726
-3.2151
4.23106
-2.67255
2.34754
-4.28406
0.733157
0.308686
0.637827
-0.56019
0.384047
2.65379
-1.42615
-0.36718
0.200556
1.67925
-0.257904
-2.49499
0.450562
-1.14821
-1.05191
0.557327
1.74198
1.0466
-1.72296
1.96783
-1.86995
1.97556
3.00315
3.91987
-0.250048
-1.47502
-1.82914
0.466898
0.251537
-0.951708
0.632212
-3.25003
0.0163463
-5.967
-0.324228
-5.62888
2.9749
0.615722
0.61343
1.26102
-1.75826
-3.234
11.3411
-0.975149
0.636821
-0.0246394
4.69096
3.28274
-0.264286
0.241791
-2.46406
-3.99986
0.424807
7.95432
-4.32696
0.628401
0.114412
0.872613
-1.05805
3.52758
0.234919
-1.68465
-0.635071
-1.69338
-0.458826
-5.90952
2.06531
-4.30906
-0.372775
-2.0708
1.907
1.6263
-0.504918
-0.0968444
0.832749
-2.26787
-0.494957
-0.701935
0.443264
1.91772
-0.603518
-1.43727
3.20396
-0.85347
-1.23772
2.07133
-1.01192
0.482946
4.32884
-3.03658
-0.511577
1.24566
-0.526087
-1.22758
2.50602
0.0673968
1.85363
-0.235576
1.89584
5.39243
-6.56988
-0.480261
1.21129
-0.234344
-0.528147
0.765129
0.148244
-0.214288
24.4973
-0.800475
0.0736975
-0.321483
0.496253
-6.60167
-2.23349
-0.492361
-0.279991
-1.47352
1.27321
18.392
7.58841
0.823691
0.0272283
-1.68668
-2.82326
2.45942
-2.25073
1.21429
-0.373658
-0.265275
0.370685
0.709085
0.383166
-4.69559
2.96648
-2.70159
-0.965882
4.90562
0.403599
-1.28001
-15.7403
1.74679
0.579715
-0.287377
-2.37809
-0.905471
20.4973
3.39146
-86.2122
-0.388549
-0.397474
6.06921
9.51868
-1.36391
13.4339
0.0609866
21.0281
-2.12897
-0.901056
3.72934
0.284805
0.837586
0.585503
-8.42933
-7.13636
0.980776
0.335584
-0.313987
2.71047
2.28143
-1.27886
-0.494329
-2.23457
-1.91117
0.357067
0.0169492
0.59361
1.56682
4.06268
0.742472
3.41543
0.747624
33.6629
0.862591
2.01188
-3.10825
-0.863204
0.497425
-18.004
0.595975
-1.24883
0.181501
0.524518
0.410303
-0.813081
-0.139379
1.2359
-0.0192558
-0.195994
-0.616269
-1.13064
3.38165
1.5493
-0.155136
0.0914138
-0.117951
-0.844909
-3.09194
-0.327656
-11.546
0.436436
-0.684248
0.852194
-2.16145
-0.702365
-1.85389
0.340419
1.54077
0.5602
-3.29565
-0.237939
-0.439771
2.25272
5.97783
-3.8958
0.0409447
-0.337155
0.995531
1.07741
-1.2507
-0.11515
0.626686
-11.9661
3.27308
-1.60142
0.805568
-1.46621
-1.42326
0.911385
0.920944
0.510256
4.50613
-1.12076
29.9632
0.449806
-0.801705
-0.201748
-1.65267
-2.1568
-0.80324
-0.226569
0.259648
2.15518
-0.588014
-0.454234
1.99439
0.878762
-3.64802
1.82548
2.17917
0.211483
-0.00788089
1.92466
-3.07079
-1.87438
-8.97627
0.196531
2.74427
0.154134
1.34685
4.2127
-0.739645
0.748963
-0.0426063
-0.177227
2.62792
0.672577
-0.0389913
0.269293
-14.0603
-2.2991
0.45953
1.92752
1.57202
-2.02384
5.15278
0.426762
-3.31111
0.650176
1.28066
-0.764941
1.10308
-0.00338837
1.46543
-3.71687
1.42914
0.296712
-1.30556
0.674867
26.1435
-0.859503
0.130948
-0.14406
1.53963
1.16012
-0.631734
-0.520559
-0.0476512
0.612547
-1.21033
0.00791855
-0.425286
1.21697
-0.0284386
1.99251
0.553989
0.0594749
1.32009
0.53225
-0.335161
0.734476
-0.362374
-1.0304
1.60773
2.08638
-1.22601
-1.96119
-0.520202
-0.934153
1.40688
-3.70482
0.609047
0.819143
3.25531
-0.546548
-0.626866
0.43452
0.360654
-1.94443
-0.450002
-3.85594
1.22399
-0.0903266
0.229866
-0.102153
-135.983
0.475956
-1.1814
0.0469468
6.16259
-0.233512
-0.329317
0.0151499
-2.13495
-0.382384
-1.55787
-5.70243
-15.9244
1.39784
-1.77525
-0.96287
-3.0602
-0.160556
-0.31032
1.24582
-0.0773105
-3.46968
0.205433
-0.165227
0.64362
-0.607207
-0.353503
4.01256
-1.88877
-0.321906
-0.111137
-1.15941
-1.56666
0.159116
-0.709291
-0.758911
0.522984
1.93946
1.63656
0.449083
-0.281276
1.90275
-0.908067
4.21915
-3.80971
-0.370007
-1.53992
-0.145726
0.855758
-61.0332
0.660344
0.0371855
3.21541
-0.0247602
-0.847731
0.038226
1.91969
0.846502
0.260988
-6.70014
-66.8952
-2.72617
0.242156
0.455466
0.577589
-0.163957
24.8178
1.09576
2.14306
0.0929134
-0.658173
-3.37867
12.8399
-0.391157
-2.90629
-0.329176
-2.34451
0.105949
1.03525
2.17405
-0.838266
1.9027
4.36198
0.0883286
1.80535
-0.496007
2.64442
-2.60368
8.4553
-0.534964
-0.0290859
2.02697
-1.67906
0.412901
-1.51036
-4.83037
0.535991
-1.31358
5.22431
0.287485
-4.18252
1.70836
-0.0136667
1.38038
-2.20517
0.570871
1.18339
-0.918205
-2.57247
-0.261156
0.798533
0.365986
0.395671
1.25798
0.551576
2.30156
-0.213285
-1.73886
-0.116791
0.334776
0.652038
-1.75643
-0.724065
-0.954527
3.37889
-0.853662
-1.48503
0.706721
2.78812
-1.77207
-19.9121
0.288028
1.63938
-0.327494
0.757906
-1.63183
1.26053
2.39046
-0.298105
0.207362
-4.222
0.0185144
-0.0497994
-0.0608163
2.22083
0.0207199
3.6304
-0.82428
0.580628
-0.387007
0.0974012
0.926776
-2.81017
-0.365883
-1.21273
-4.68426
-15.3831
-10.1068
5.33574
-3.83381
0.540948
-1.04387
-14.5252
-0.331617
-0.151906
-5.29411
0.959732
1.00188
18.1469
-1.03261
1.52186
0.453918
-1.72939
0.202248
-0.240282
-1.31262
-4.96561
0.0287787
0.324689
-1.00914
0.752612
-1.22659
-0.102909
-1.15642
18.0195
-5.72179
-0.515224
1.13194
2.10388
-0.727514
-1.36896
6.71589
0.131584
-0.103174
-68.7374
-3.00585
0.608314
8.08962
7.24445
1.46891
0.144057
-0.603308
-4.05297
0.0827711
-2.74265
-0.472883
-0.273808
-0.316506
0.54289
-3.67846
0.432161
0.565571
0.667192
0.325282
0.38564
-1.26322
4.37757
-0.353493
0.454466
-0.231504
-0.276779
-12.2574
4.88347
0.988661
-6.07134
3.7007
-0.776433
0.454373
-0.614665
-0.926058
0.247568
-6.12615
0.190536
-0.419359
-1.15843
-0.322696
-1.27695
-0.0974935
-0.963323
-0.450391
-0.263751
-0.227093
-5.81734
-0.520149
0.287266
1.03128
-0.697293
0.605303
-0.63946
0.280683
-8.00736
-14.666
-0.229993
1.40686
1.42072
1.85643
7.43193
-0.999562
0.0182133
-0.110728
-0.637364
-154.076
10.0217
10.8957
0.241285
0.150855
1.6212
1.10652
-0.291567
-2.31819
-2.6265
-0.665966
-0.198252
-0.375658
1.75594
8.03655
3.55138
0.898092
-1.63454
1.78825
-5.69334
-0.371728
0.184484
-39.2301
-0.471266
-0.913884
-0.582274
1.12048
-0.988396
0.997403
0.147643
0.690823
-1.93871
3.48943
-0.707184
0.97229
0.17662
5.31969
-0.488835
1.97004
-0.572816
0.198466
0.291149
-0.242377
1.60944
0.18969
0.820605
-0.253697
0.464677
-1.21967
-0.756033
0.444891
-2.31628
1.07123
-4.52887
0.992049
-0.41693
-0.32489
3.14462
2.39163
23.0035
3.22288
3.94568
-0.515861
-18.9208
-2.45877
-0.47412
-6.30212
0.176717
7.10695
1.45842
-0.0492211
0.165199
-1.39455
-2.98517
-3.71591
-1.27057
1.23751
0.517947
2.12628
-2.17548
-0.652012
14.6009
0.0202444
0.205118
9.19691
0.579223
-3.24584
-0.849962
0.218477
-1.09645
0.000271217
1.78664
0.322084
-0.00426308
1.09493
2.63287
2.01121
-6.69249
-0.199085
8.58124
54.2414
-0.197272
8.40085
0.673058
-1.24481
-1.24622
1.21926
1.30109
-10.4968
1.56238
20.2559
-5.4522
-0.470768
1.36784
-0.336332
0.245889
0.343808
-0.275277
-0.832557
3.8153
-0.808182
0.878203
1.8235
-0.959063
-0.0111512
1.57985
-20.1514
1.54366
-1.23202
-2.72593
0.6202
0.803281
0.0349924
0.189747
-0.280201
1.1011
0.330031
-0.343934
-0.505935
-5.38761
1.96354
-0.494446
0.264548
4.34743
1.47854
-0.772399
0.802761
1.06549
-1.01997
-1.83761
0.495867
1.66017
-0.255893
-0.117353
-2.11199
0.472094
-0.372222
0.206563
-1.1726
1.2566
0.255399
1.84484
2.27999
2.48691
-1.19555
-0.633735
1.97611
-0.00695082
-36.0003
-0.473825
-7.66145
-1.29281
-1.81276
-0.476571
5.64108
-0.927938
0.488592
-1.29615
0.727509
-4.62443
1.17673
-4.5504
-0.658621
0.409116
-4.59643
61.1733
-0.0241511
-1.1452
-11.4489
-2.17021
-1.48652
0.0584993
0.0482471
0.223682
3.34449
4.48835
8.34126
25.1446
3.09662
0.307647
-5.89517
16.1211
0.60118
1.0162
-1.17396
0.0160367
-1.71397
0.370265
6.81632
-1.08665
-1.42122
-0.110568
-0.408943
-47.4592
-0.672739
-1.0296
0.862758
-0.0315959
-1.26796
0.480269
1.53033
-2.80441
-14.1634
-0.461151
-1.86786
-1.44105
2.84785
-1.57348
-0.412394
-0.532841
0.321006
-2.34994
0.346622
-1.44766
1.89179
-0.157639
-0.595883
0.862187
10.4781
4.49924
-0.170949
-0.114399
1.635
-0.251413
2.42968
0.767635
4.049
-0.037893
2.54922
0.463881
-1.3492
0.580933
-0.197627
-1.3287
8.34022
1.26918
-0.316537
-0.661639
-0.301004
0.984444
2.07689
-2.38555
1.73327
4.51477
-0.989443
1.88749
0.465675
0.0126265
-1.0295
-0.0725713
2.59513
-1.20861
-4.13663
0.114987
-0.750876
1.18979
0.694143
-1.42592
0.623287
0.379058
156.964
0.613546
3.62314
-0.951177
-0.764502
-0.449469
-13.4536
-0.44595
-13.5665
-123.183
15.9946
0.345049
-0.301574
2.82633
1.23851
0.580239
1.06859
-0.889039
-3.32607
0.302427
-0.408875
-1.06691
-0.773406
-0.292871
2.07729
0.0468966
1.58243
-0.501307
-0.167371
0.941555
0.124706
-1.21054
-0.88613
-1.65018
91.1154
-0.673456
1.30454
2.1754
0.429477
5.60013
1.99956
-0.0723139
1.32369
2.07784
-0.712139
-2.37758
0.267792
-0.201721
0.286558
-1.79205
-0.677942
20.5109
0.763585
0.145388
1.43709
-0.260829
-1.21121
-24.7874
-1.48544
1.04877
-0.833013
0.348305
-3.42973
0.739675
29.2586
-1.27827
0.781471
-4.66678
0.861841
4.4327
0.0280519
0.614188
0.919263
-2.99068
-6.68874
-4.6851
0.940624
-2.45266
1.20851
0.356149
-0.29776
-2.74016
1.5329
1.37933
-0.571998
-2.57221
0.234607
-0.0278371
0.257566
0.620056
-0.391293
-1.21896
-0.725986
-2.24307
-0.310949
0.461819
1.63891
-1.49121
-2.94076
1.59053
-0.400962
-0.754549
0.670137
-0.0389533
0.603344
-0.404739
-0.154037
-9.86782
0.243765
2.04727
0.0313412
15.5056
1.30094
1.09539
-0.604598
-0.376697
3.05206
-0.324049
-0.170753
-2.9704
17.2639
0.140955
-20.8743
-1.22621
0.184099
-0.472785
-0.85025
0.394717
0.0206771
-0.132835
1.06559
-0.598717
0.29888
2.94112
-0.378877
1.46132
430.846
-0.885785
-0.483814
-0.897901
0.337737
0.127064
0.712009
0.479136
0.84101
0.177676
2.00792
-0.0769868
6.2666
0.40664
-1.27736
0.08603
-0.246881
52.9496
-1.0189
1.94495
1.2074
-1.44458
0.203772
-1.39909
-1.82842
0.528325
0.724327
1.54909
1.0266
1.56331
-1.33005
-2.70811
-4.49293
-2.29774
1.03446
-23.8278
0.828586
1.92744
-1.03944
6.97603
2.1702
1.30032
-0.0767712
0.518755
0.324141
1.2166
6.83064
-76.8758
0.694715
-0.480939
0.202399
-0.771142
0.668358
0.386806
-1.31628
0.53385
-0.804903
0.230051
-0.28149
1.57108
2.41692
-0.173175
0.501469
0.0815403
12.8474
0.332426
1.77567
1.66983
0.661598
8.77291
22.2928
-0.129956
-1.39195
-0.122265
0.984073
4.48732
0.246723
-0.759803
0.407742
0.224554
-0.928103
-1.48232
-0.647409
0.184526
0.277636
0.77389
-8.35659
1.70289
-0.0647783
-5.19174
-11.3693
-0.0687313
-0.340494
870.368
-9.94353
-2.4136
0.234901
-0.0884429
-0.106279
-3.36384
1.51295
0.339101
-0.721704
0.00237508
-0.134873
1.02297
-0.389422
5.4535
-4.99532
-0.14914
5.68662
-0.323392
0.44115
0.717677
14.402
0.758679
0.1513
4.57728
-0.47779
2.11922
-0.218663
-0.0396216
-0.637317
-2.59956
59.6435
-4.02642
-0.526547
4.81617
-0.673503
2.0059
0.65828
-0.460338
-1.71324
3.2211
0.148193
-0.23038
2.71603
-4.35944
0.693113
-1.2188
-0.125787
1.36142
2.77889
-2.06682
-0.170042
1.18319
1.37095
-3.31564
1.61539
0.264928
-0.355456
0.38062
-11.7692
-0.913093
1.13464
3.22234
-0.434565
0.454217
1.84189
0.665627
-5.23405
2.18061
0.351824
0.961598
0.155842
0.261362
-21.1945
0.111842
2.03698
-0.0694811
-0.138326
4.73749
-1.09956
-0.0987197
-0.18652
3.20637
-0.128616
1.15708
1.33084
4.42665
-0.525373
0.521821
-16.4841
1.33588
4.2296
1.42858
-2.7514
4.81898
-0.0204844
0.507281
0.0162507
0.026178
-3.21184
0.854579
-0.936453
-1.57684
-0.235562
1.62312
1.05555
3.52332
0.18999
-0.433804
-0.900161
1.00795
0.281894
0.370922
-0.647554
-3.86437
-1.35768
-3.0551
0.632384
-2.81561
1.63351
0.239505
5.23162
0.0258141
-5.08337
-0.599433
0.980285
-31.0657
0.954217
-0.455019
-0.254913
9.46919
1.38322
0.742192
-2.3769
-8.55062
-0.912599
-0.658852
3.77666
-0.678182
2.85342
-0.188042
-0.349762
2.61652
-1.47309
-0.376157
4.97129
0.797706
-1.10288
-0.202952
31.2801
-0.300941
-1.86105
-13.3779
-0.239719
0.468539
0.100355
1.14586
-2.84661
-0.351267
-1.54071
38.943
-1.39172
1.41707
-2.08518
2.63479
-0.640507
-1.09206
0.0901462
0.49678
1.38737
-1.45629
-1.09228
-0.115111
0.143511
-2.7551
-3.22899
-0.0631486
-0.468521
0.00264916
-0.660418
-0.0613604
-0.109523
-16.2147
-1.27013
-0.932086
-0.389823
0.961591
0.756166
-0.334605
3.80936
-1.50809
-0.851791
2.81326
3.40059
0.46171
1.04296
0.89726
4.05935
-0.209695
0.95971
-1.16151
0.94524
1.79261
-0.609536
-2.39724
-0.716093
0.24772
13.0431
0.784869
2.71774
5.24829
0.246717
-0.937276
0.684386
9.04175
0.296447
-1.47127
1.5216
0.0648595
0.900006
1.14809
2.7382
1.45479
0.284333
-0.252302
0.762041
0.0214361
2.00988
1.32563
-1.53515
-2.48255
1.83129
6.2143
0.298986
-1.0708
0.130101
2.63256
10.5162
-0.0237998
-4.43779
-1.116
0.90161
0.559561
8.6631
1.34782
0.107394
0.0423639
0.470177
2.5226
-1.60415
2.7406
-1.11123
-1.20981
5.39521
-8.78238
-0.449108
-3.22584
0.378653
0.359068
-1.99888
0.887021
-1.40724
0.424926
-1.12882
-0.405222
-1.74054
4.82047
6.22309
-8.91084
1.21666
-3.00891
0.81541
0.232111
-13.7355
11.4293
1.47712
0.456001
0.372549
-0.147078
-0.827617
-1.43343
-4.01736
0.307078
1.69172
-0.382537
4.15714
-1.37605
-6.90414
0.904295
0.758117
2.22933
-4.00198
-1.48382
13.2002
-0.374936
-2.61398
-1.23033
2.46916
-0.765145
-0.383815
1.84875
0.4492
1.13678
-1.19766
1.82802
31.7061
-3.66864
0.679393
3.60464
0.322005
-0.176118
-0.973631
-1.37997
0.662977
-0.719616
-22.6627
-0.0764676
5.31536
-1.84642
-0.618352
-9.23885
1.05059
2.31828
-5.10033
3.72548
15.7787
-0.656922
-0.178247
3.24204
0.477438
-0.176129
-2.77258
-1.46336
0.855518
-0.952634
1.88376
0.193079
-0.00508692
-0.185907
-8.02724
-1.23297
1.0732
3.4754
-1.10279
0.438825
-0.412488
0.152895
1.12453
0.708493
2.75225
-38.3587
0.203993
0.82957
2.57171
-0.055669
1.47505
10.7205
-0.176537
-0.502136
0.163405
2.04329
1.6464
-0.0738624
-1.30682
-6.54905
-0.70062
-1.20635
-2.47461
1.72124
-0.107155
0.80555
7.63932
-5.83196
-0.297941
-1.87038
-0.259043
1.47447
4.66762
2.23936
1.69813
-4.50572
-1.01496
0.473027
0.125215
-1.36392
-8.06426
0.150045
0.367795
-0.075628
-0.319143
2.65449
-0.252137
0.388254
0.736944
51.008
-3.99224
-1.98837
0.91726
1.4519
-0.13035
0.714895
-0.953209
1.15783
-1.84046
-1.4232
-3.88225
0.629285
3.54486
0.254767
-2.06036
-0.174592
-0.878732
0.400589
-0.42925
-0.252886
-31.0243
-0.153921
0.842722
-0.255808
1.82877
0.488399
2.1132
0.0185529
-0.0837426
-0.80226
-0.503801
-4.59686
0.713374
-0.126243
4.8153
0.297735
6.18202
0.463074
0.406768
0.0233286
0.355398
-0.100297
-0.957113
0.899458
-1.12082
0.631234
-0.768992
-1.33739
-5.98292
-1.84232
0.162558
0.339937
-0.211002
-1.09223
-0.21466
-1.31105
1.07504
-0.413494
0.903297
-0.577178
-0.086536
-0.0742391
-15.4138
1.48553
2.13173
-0.820745
-0.321494
0.126164
0.970709
2.11157
0.0655318
-2.08639
0.865836
1.99805
0.117576
0.441293
0.476426
-6.38143
-2.52543
-1.03905
-4.31463
-0.203988
1.68373
-0.0251714
-2.21285
-1.49851
10.2716
5.22662
3.57086
1.78006
3.11418
0.822518
-4.37709
-0.151937
-0.22472
27.3015
6.5348
0.0191922
-0.125281
2.31562
-3.27743
5.96085
1.39229
2.2618
5.42085
-0.734997
-0.0838289
-0.249978
2.37543
-0.0980424
0.871539
-1.54933
-0.363908
-5.18909
1.42485
-0.599064
-0.415857
-12.548
-2.22598
0.0513154
-0.57037
-5.97789
-4.0842
1.13
0.403469
3.56106
1.18185
-0.399023
-0.542993
0.340904
-1.01425
-0.662352
0.27961
7.80352
0.219586
-0.129467
1.26337
1.36594
2.90662
2.16915
-9.40237
1.14892
0.383454
-0.505493
-4.78176
1.53808
-2.7514
-1.24679
0.186298
0.115717
0.33627
2.8885
-0.254708
11.3069
-0.696427
2.23364
-0.167293
0.649899
2.40624
2.0703
37.8599
1.37405
-0.597416
0.171029
-0.963316
3.58914
17.4711
-2.99662
0.742219
2.55809
1.37561
1.23766
-0.922015
14.9082
-0.683961
-1.21616
-2.23017
4.3904
0.31829
0.0111671
-0.483223
-2.9302
-9.9043
1.16523
-1.56815
1.18846
-0.186382
-0.806779
0.37862
0.0956109
2.53982
-1.14003
0.575558
1.16411
2.38993
5.4283
0.290539
12.1303
-9.34213
-2.76024
-0.0629377
0.846115
-0.989937
0.53227
0.618775
-0.687313
-1.57756
0.244714
0.635873
31.1641
0.735289
-1.57014
0.820671
0.261717
2.33327
-18.981
1.81735
2.44583
1.78546
4.82819
-1.31978
-0.704055
-2.52651
1.40976
4.2256
0.773221
0.360437
-0.438831
1.27319
1.25657
-25.2275
4.87214
0.243828
-6.26503
0.95421
-0.531511
0.524025
-1.86622
0.320279
1.59225
-2.25925
-0.489373
-0.482405
0.638149
1.21012
0.11003
0.375862
0.628747
0.514717
37.2005
-0.293576
-1.66591
0.816892
1.55359
-5.61917
-1.05554
-0.723563
0.961359
3.24547
-0.124059
0.558231
0.762869
18.8923
-3.67227
0.316144
0.486925
-3.56659
-2.83896
-1.24986
15.1898
0.00580179
-0.165659
0.497458
-2.94745
12.2524
1.7606
0.0723408
-0.571116
-0.0655507
1.38511
-3.47393
2.15884
-6.16914
0.409691
1.81345
-1.26307
-0.81487
-1.65035
-3.23693
-7.20491
0.0464717
-1.47799
-0.153587
0.742095
-0.0596861
-0.878806
-4.52932
85.2911
0.200833
-2.9831
1.80473
1.66211
3.1509
0.20972
4.76629
0.721743
0.296983
-0.367592
0.314439
2.47292
1.9039
3.26276
-0.306925
-0.730325
-6.28293
2.40288
9.08623
-0.223407
2.03972
18.6012
4.0233
1.91504
2.3889
-3.25531
-0.309782
3.26189
-0.439226
0.559277
-0.833436
-2.31476
1.12049
-1.30076
0.30759
0.650539
-1.1136
0.920375
371.279
0.703155
-0.113729
-0.358581
-0.247083
-2.2124
-3.13669
-1.40953
-5.96704
6.25161
0.0857391
0.418932
0.662064
3.46234
0.387383
1.011
-0.338667
-0.381149
-0.516196
-0.375709
-0.670354
-0.200929
1.40474
152.104
-1.52258
-290.372
-1.48284
1.05536
11.1082
-0.16054
-2.52115
0.759557
-3.93212
-1.00136
4.2963
-0.491745
-2.77199
-0.517438
3.3379
-0.388811
3.19462
-0.385595
0.474176
23.6159
0.413099
1.11381
2.26277
0.272036
-0.874915
0.760165
2.13031
0.495653
-1.59786
-0.799399
-0.322091
-0.895458
-1.37549
-0.481331
-0.217554
-0.769125
-11.1451
1.13403
-210.486
0.00996726
-2.80564
-3.31457
-0.247923
-1.05301
1.55522
0.986938
-0.761156
3.63751
0.884974
0.0894331
0.240366
-0.808574
0.743496
1.20737
-0.835651
13.753
0.445287
-0.238419
-28.1564
0.0812492
-0.0258293
-1.27201
-2.23956
0.611656
-0.73266
-4.05613
1.66784
0.472925
-0.5332
2.09923
0.531861
0.963709
-1.47358
-6.71179
-0.385982
-0.951467
-0.341742
-8.9931
-2.13957
-0.397348
-0.788388
1.52429
736.711
-0.330936
7.59549
1.52033
0.162682
4.99649
2.36085
2.46836
-1.50552
-2.3114
-25.848
-0.851058
0.0837377
2.93378
0.376573
0.162236
2.46048
-26.5146
0.0845327
-0.145939
12.9176
11.6252
-2.11105
-1.67973
2.65946
5.03828
0.415685
-0.0963945
0.424172
2.41459
0.0537441
5.84528
0.0754783
5.07612
-0.344735
-1.18176
-0.16662
-1.25294
14.6974
-0.363244
-2.0837
0.753291
-2.42001
-0.275261
0.363872
0.914528
0.118813
-3.34521
1.13154
-1.41961
0.729573
1.01578
0.50586
-137.815
0.682106
-1.00193
0.0300133
-1.4458
-1.14924
0.147738
-0.104938
0.7725
0.460742
0.167039
-2.29009
-10.7264
1.17834
0.865327
37.7652
-1.11919
-1.39034
0.883335
9.482
4.30603
-2.20688
-0.0414171
0.195389
-0.48454
-0.847015
-0.168023
-53.8673
-1.19157
-0.831946
-0.734011
22.327
-0.45173
-2.06956
0.36896
-0.720066
-0.493215
-0.0913288
0.649609
0.896513
3.09659
12.6503
-1.48517
1.00844
-26.177
0.140042
0.837564
-0.0785235
-0.34282
0.394594
-2.23395
-0.0214836
-3.81922
-0.246175
0.773937
-1.13686
3.11273
-0.656807
1.92843
-0.634944
0.907319
-21.9762
-1.11
0.954032
1.49558
0.719655
-0.31924
-0.0405033
-0.28429
0.840017
-0.105493
0.728943
9.81654
-1.51712
-0.799126
0.254428
0.0270777
1.1651
1.58064
-4.57471
-2.88992
0.0592727
-0.212759
0.421484
-1.5541
0.377706
-0.135552
-12.2779
0.48408
-0.830354
0.79268
-1.14819
0.293928
0.663738
0.991114
7.03627
1.5307
1.92972
13.0055
-1.60622
0.0141054
-4.20438
-1.69757
0.220823
10.2218
-0.709073
3.6673
2.5794
-1.61778
0.596002
-1.55034
-3.71227
74.2771
1.53627
-1.38081
-0.66951
-2.69271
-1.70576
0.110906
0.545971
2.13935
-2.72738
-0.279359
1.7915
4.77929
0.526905
-14.905
-0.259219
-0.769934
1.11266
0.793402
0.541679
2.17661
1.96199
0.675632
-1.61322
-0.784257
-3.32657
2.10786
-0.386008
0.908941
-0.239839
96.3975
-0.855745
-1.46772
5.97969
1.96638
-1.7321
0.285583
0.0149207
0.0596785
-5.439
-0.195471
-0.720711
1.10972
2.34066
2.27517
-2.80883
5.86261
0.51406
-1.12438
2.54347
0.600098
6.44609
0.0682638
3.79337
0.16538
-0.344897
1.54572
-2.95035
-1.32306
2.05901
-0.842814
-3.52613
-2.95628
-0.046489
-1.47243
-0.707827
-1.32694
-0.617306
-1.03806
1.38893
-0.424175
-5.92481
5.63119
0.544111
-0.529823
-0.00723284
-1.87068
-1.58788
-1.82153
2.37864
-1.52054
0.314704
10.5532
-8.04598
-1.95354
0.352748
0.621157
-0.0921676
-0.560504
0.161318
-0.0182707
-7.32053
0.821396
0.467426
0.825817
-3.72395
-0.287732
-3.73797
0.613284
-0.315111
0.0391257
65.2175
-0.0210413
0.680893
0.437968
-0.21733
0.354812
0.426225
11.8416
0.606418
-8.81817
0.225794
2.12087
-0.219756
0.995037
-0.247194
1.9297
0.199346
1.0833
-0.0828876
-5.78029
0.478549
0.578982
3.11885
2.53654
0.182532
2.41532
-7.76809
-5.67809
0.988721
-2.49109
1.64064
4.38161
1.2835
0.352511
2.31403
1.76196
-0.138751
0.201547
-0.353326
0.066046
-2.6542
-0.156536
0.669881
-4.60188
-0.204868
0.0184374
0.591352
-3.7614
1.51702
24.1631
2.38138
-1.36576
0.514757
0.501959
2.82168
0.864267
-2.9874
-0.595297
0.156133
12.0216
-1.01151
7.46698
-0.484229
-0.307262
3.90223
2.78674
0.961494
2.91825
21.2842
0.152665
0.416335
0.822223
-0.57104
0.10884
-0.834249
7.53731
-1.72752
0.574575
0.715122
4.03861
-8.12767
0.537973
2.50301
-0.508907
0.815243
0.211427
1.34386
-0.841825
-0.343552
1.10982
-2.08616
-0.561889
23.6832
132.379
-0.0549399
0.161882
-0.394043
1.20917
-4.84323
0.168658
-0.38977
2.18116
-19.3272
1.366
35.6876
-1.4641
0.0291303
1.78478
1.04585
0.302887
0.339431
-0.125114
9.47012
-0.40264
-0.647939
-1.43387
-11.6112
0.829006
0.0926143
0.262509
4.3609
0.708009
0.303303
1.78325
1.90422
4.40264
-0.788245
-0.25508
0.847719
-18.9362
0.98613
-1.49054
8.2344
0.0163051
0.0872454
-0.734736
-0.794398
0.572408
-0.370756
3.68668
1.02093
-0.729315
0.668057
-0.725659
-0.355344
0.371937
0.457012
-0.359716
-0.567228
0.100144
-1.83244
-0.275061
0.160834
-2.10471
-1.40064
1.13664
0.00583661
4.93241
-4.93003
-39.6331
0.52879
-8.38969
1.66426
0.877868
-1.58304
1.6076
0.116936
7.66742
-0.439755
28.1863
-0.48807
1.20644
-0.402163
-0.599686
0.630733
0.534931
37.5796
-0.321139
-0.669689
0.715789
0.0666748
0.106263
-0.759668
-3.47706
-0.156648
-0.629703
-0.157458
-0.384168
-1.84994
0.849802
-0.449672
0.416324
-10.2446
-0.598605
3.17544
-0.643275
0.0116611
-0.551763
-0.184374
-0.00735762
-73.3053
-0.126093
1.46982
-1.95021
-1.83865
-1.03867
-0.279375
2.59329
-0.353981
15.0889
-1.62701
0.0556393
0.626509
-0.957418
-0.0620508
1.02229
2.49838
6.54368
1.77277
-4.82205
-0.00279405
1.88083
-14.8617
-0.410873
-1.63164
-0.626718
-5.77732
1.33898
-3.34062
-1.06006
-1.72016
5.65586
-0.257747
4.95329
-6.55066
5.40006
1.73851
1.49918
-2.0973
-1.54349
0.694977
-0.533171
0.455569
0.562145
0.801907
17.9042
0.449972
1.30395
-0.403875
-22.5868
0.673129
0.318121
1.41274
0.00703088
-0.83135
0.0301371
0.588612
1.80195
1.50001
-2.19551
0.524016
1.06632
-1.16754
-0.605776
2.94369
-2.11906
-1.52351
-0.812131
-0.657868
-1.38395
0.755923
-0.776307
-1.19343
0.526434
-2.98888
-1.19555
-2.30821
-0.0326145
-0.130125
0.272041
-2.19771
8.92394
0.321094
1.96033
-0.33038
0.282411
0.200531
3.7412
14.3496
-8.52757
3.06537
2.0242
0.776057
-13.3385
0.419195
-1.06334
-0.324848
2.74474
-0.70777
0.374036
11.5964
0.56799
5.33573
-0.577809
0.0262569
16.8167
0.169263
6.13679
-0.706935
-1.42645
0.804994
-1.62821
1.61414
-0.428758
-0.591999
2.07248
-0.0446562
1.92204
0.0251059
-0.427799
-1.25176
-1.15834
1.01507
-0.454723
-0.488623
-0.899907
-0.650286
-0.778034
-0.0282525
3.14724
-0.784934
727.505
-1.22489
-0.223314
4.52718
1.09631
0.316071
-6.45892
-0.119581
-10.6098
-10.2447
1.23257
3.37423
5.14108
-145.425
-0.769284
3.52078
0.640769
0.0716021
-3.9424
-5.96561
0.760598
2.66195
4.2437
1.06807
4.36396
-1.87181
-1.0581
1.57822
-1.8317
-0.873413
-5.23013
11.9217
-14.1958
2.00238
0.40276
1.95569
-4.78258
-5.94956
2.10689
3.02418
-0.303787
-2.93438
-6.3834
2.27735
1.10134
-0.365679
0.185109
0.892138
1.90025
0.200538
0.873512
-2.10898
0.172508
0.460389
0.884625
0.0981412
-2.24712
2.11713
1.88398
0.723252
-0.250046
-1.26153
-0.60592
-0.599539
1.73119
1.94884
11.8687
-2.99287
-0.424691
12.9311
1.01162
8.4176
-2.03314
1.2996
0.775203
0.691172
-227.393
2.39609
0.984691
0.700436
-0.55747
-0.00535888
-5.07841
0.784828
-1.49728
0.393781
-3.87939
3.35424
-0.438308
-0.421745
1.11169
-1.03028
0.443382
-0.286384
0.220768
-2.07412
0.593351
0.920609
1.31094
-5.16614
0.352835
0.272758
1.20175
-4.57888
0.920452
-0.20972
-3.10959
-0.88017
3.25338
2.59332
0.4103
-0.377474
6.56826
-12.0331
-2.53046
-3.22197
-0.702857
-0.653707
-8.28159
-0.455541
0.201719
-0.347605
0.113487
-0.608785
-0.179541
0.319343
0.861344
-4.23606
0.561639
0.618693
5.68018
0.527616
2.57856
-0.770002
-17.5019
0.298104
-1.29028
0.119218
-0.479887
4.22562
-2.31819
1.3033
-0.607607
0.32897
0.036261
12.7047
1.79637
0.240847
0.286556
-0.106861
-5.64674
1.76347
0.656968
2.28157
-1.25272
-0.00333436
276.568
0.515193
2.09161
0.650352
-1.24574
-0.39376
-0.762894
2.85358
-0.226032
5.3946
-0.951643
-0.214588
-0.309091
4.65663
0.118195
-1.02884
-22.3822
3.5391
-3.59899
-1.53766
0.397124
81.2481
0.295168
-0.312176
-1.58351
1.03495
1.17189
0.688363
3.2019
0.0103319
-0.258022
0.372237
0.239872
-0.349141
0.682088
2.71852
-1.5985
0.00927646
0.156449
-1.36584
4.52585
-0.343893
-0.58676
0.446466
-0.316211
0.963024
1.14777
1.31957
0.262229
11.4482
0.706825
2.12434
-1.58732
-3.65299
1.20378
3.02849
-2.56725
2.36547
-1.26211
-0.206896
1.44723
-0.376033
-0.323645
-0.995582
-0.181483
-0.28376
-1.6655
0.863178
-16.5719
-0.741788
-0.483379
1.05558
8.51815
1.78228
7.72527
1.27528
-3.16204
-0.101404
-7.09976
2.45495
1.48765
-1.02881
-1.47706
-0.223503
0.0567712
-0.418021
1.05443
-0.191022
0.334221
0.0484808
-0.845761
0.281078
0.4704
6.8193
60.8911
-0.412377
2.55632
-1.21044
0.0571701
-0.0833941
1.30774
-1.19537
2.38638
0.531115
1.48571
-1.088
1.62119
0.520252
-6.74611
0.742967
0.0607033
1.56366
-0.0334251
-2.92536
1.32713
-4.32163
-0.114188
-2.01535
-0.207031
0.907008
-2.3049
1.42976
0.672969
0.917609
84.4221
-0.475778
-1.94241
0.0607573
-0.0486554
0.354668
2.84295
-0.190638
-3.71118
0.193783
0.798896
-6.67313
1.47774
0.198767
0.200077
-0.437619
-2.12242
-0.586066
-1.64876
-14.7935
2.40517
10.2517
-0.391565
-4.62108
-2.85379
-1.05019
0.213057
-4.46886
3.56415
1.18597
4.03215
-0.0928525
0.486294
0.0766895
-2.55951
0.439436
1.62363
0.0048454
4.86607
-1.24958
-0.979753
0.334266
0.206226
-0.641316
6.54204
-0.352874
-0.357521
-0.377645
0.413355
-0.0703827
-51.3242
0.109835
0.786081
132.344
11.3239
-0.7345
-0.191499
1.0613
1.17256
0.138478
-0.314129
-1.10763
8.70836
2.30612
-0.0788554
0.0293246
-1.42288
2.41842
1.2333
0.528414
-0.614392
-0.162243
-0.809701
-2.51559
0.0231897
2.76769
-0.195319
0.0623968
0.385869
-0.146553
4.5253
1.13495
30.3842
1.72859
-0.624256
-0.0370837
0.193265
0.454118
-0.315188
-0.0660292
0.594195
5.29002
-0.00102108
-0.935297
-0.0610282
-0.0260648
0.1942
0.25844
-0.847913
2.31541
-0.776958
0.957677
0.0852181
1.68572
0.422685
0.0666919
81.0361
2.04331
-1.04597
1.37559
4.11275
-3.22397
-0.162807
0.34051
-0.254384
-1.7
0.813121
4.09204
2.6808
-3.98058
-1.87633
-10.8047
34.7746
-7.56327
-0.286976
1.66235
0.0153178
0.225401
0.253742
-9.30928
-1.34389
-0.916651
0.632273
0.729984
0.155537
0.255117
-25.5045
6.91951
-0.948736
-0.423492
-52.61
-0.699773
1.51001
10.6109
-3.04388
-2.35896
-44.3601
-1.45955
0.862566
0.573514
-0.0420769
-0.390901
1.70547
0.665654
-0.696954
-1.23435
7.85055
1.8217
-2.01839
1.01911
1.32811
0.35685
1.17764
1.88019
-0.229223
0.249673
0.939258
-0.011203
-0.525998
4.11912
3.21116
0.739431
3.57259
0.269536
0.0303858
2.90153
-0.819681
-2.4594
0.587019
-20.8955
13.9164
0.908246
-0.405752
-0.929749
-0.0140787
-6.88114
-15.7196
-1.64695
-1.79155
0.558634
0.111918
1.90075
-6.4118
-1.58329
-0.357821
-5.14139
-0.9147
1.30643
-2.91376
-6.88464
0.297045
100.813
-0.0940087
0.00690631
-38.696
1.06009
0.258736
2.30113
-0.520507
7.00395
0.982271
5.43771
0.341013
-0.878552
-20.9177
2.24397
-4.16007
0.816054
-0.566193
0.937425
-4.20414
2.2561
13.9388
0.495631
1.41299
-0.698827
-2.18116
0.755889
-34.3112
-0.872268
1.54249
-0.707889
7.59177
-0.890531
-0.308933
5.79696
-1.53507
-0.266812
0.347316
-1.00809
0.943176
0.414663
-4.90495
-0.17664
1.14337
2.17947
1.28508
0.0441018
-6.93573
2.26306
-0.51908
-0.901366
2.30296
3.66477
1.27175
3.83892
-0.246856
-0.967048
-0.546551
-25.775
-0.678614
-0.752666
1.33625
0.269567
0.47229
-2.27431
-1.29978
-1.30197
-0.480562
58.9844
-1.25246
-2.56193
1.35844
0.724937
1.08305
5.24551
2.89439
6.68781
0.384799
1.08323
-0.0386882
-2.19444
0.039352
-0.209131
-1.7352
-1.97472
-1.26007
0.757491
-0.977272
0.865654
0.358907
1.58623
0.663613
0.851832
0.790187
-1.14679
-2.4908
0.555447
-69.0161
0.269519
-0.0461764
-1.04461
-1.675
-1.53366
-2.92096
-2.05403
0.18834
-16.4683
3.1985
0.754172
7.54604
-0.0923929
-2.2574
0.663916
0.334219
-11.6642
0.859103
-2.8766
-0.479138
0.101056
-0.976977
6.41587
0.977289
-3.40477
-2.10809
2.24677
-0.274208
-2.2329
0.239235
-1.15284
0.270863
1.11661
-1.01048
7.8262
-3.62907
16.5847
0.820046
-0.58184
-0.896017
0.215048
1.16633
-2.94776
-0.681942
0.100827
0.17411
0.520238
0.177609
7.08456
0.290125
1.5573
-0.95151
-1.04037
-11.9634
1.95899
-0.18701
-0.19385
-0.457184
-5.30634
4.94586
98.105
-1.24721
-1.34818
-1.68819
-18.4546
-0.771549
-6.97787
-9.35624
4.02161
0.177544
-3.33092
0.840758
-2.37873
0.0558867
-1.75765
-1.64382
-0.287474
-1.12676
-0.459794
2.97794
9.62573
0.484734
0.439078
-0.872914
-2.82818
-0.454919
-11.7094
0.169411
2.46084
0.401797
-2.24858
0.598371
0.529229
-2.02025
-0.86207
-0.368577
1.26494
0.309853
-1.15862
-1.81597
0.352423
0.618201
-6.85647
-4.02512
-4.87832
-1.20993
-0.755772
0.723827
-3.09241
0.0301042
-0.883795
75.3873
0.622785
-1.87677
0.18676
1.06412
2.34884
-10.4178
12.2317
-1.14066
0.436667
1.66099
6.36966
-0.519693
-0.257261
0.167123
1.4015
0.161053
0.5647
-1.09491
2.61745
0.596114
0.680453
0.39787
-27.0529
1.93108
8.06052
-0.241195
-7.15055
0.15384
0.77739
-0.521138
-0.630182
0.118196
-0.0688673
0.494022
0.108878
-1.94703
1.77044
-0.954736
0.383164
0.242852
5.22459
-0.822099
1.19495
-0.494185
1.21013
-1.459
-1.53443
0.947033
0.856941
-0.156779
6.21575
-0.915995
0.162145
2.88587
1.3517
-1.61036
9.76543
3.2179
-1.42766
-1.76899
-1.1057
-1.17275
-2.97204
0.382348
1.76804
0.325825
0.633563
-0.141424
1.67815
0.533836
426.666
2.85682
0.626419
-0.0231891
0.411564
-0.391956
-1.96853
-1.27716
0.239157
0.862524
0.491238
0.805451
4.4198
1.90598
-0.0639564
2.03764
-0.5598
0.181156
0.460119
-1.00268
20.2576
-7.88119
-7.78198
10.637
0.857695
2.21952
-2.09591
-0.413852
0.112946
0.20809
1.32174
0.762982
-3.89536
-1.29562
2.90259
-5.90785
-0.638235
0.329
0.196096
-0.817286
-3.68457
-0.712314
-0.666751
0.963659
0.287284
1.15043
1.66731
0.580985
4.34792
-5.35396
4.65578
-5.08181
1.21541
0.1079
1.3505
2.57826
0.330999
-0.429908
-6.80235
-2.13369
1.06627
1.27317
-4.62344
-0.554009
0.0834964
0.090993
0.618842
1.52782
-12.4919
-0.960775
-0.905741
5.79967
-2.85815
-1.37761
-7.02186
1.32784
-0.215595
0.702929
-0.0635896
2.687
2.91325
-0.441028
1.01408
-0.425645
-14.7414
2.0063
0.487708
1.38826
-1.39531
1.41944
0.143537
0.154858
-0.875923
-0.502999
1.71146
1.45734
7.56917
1.40132
-0.132072
0.590218
-0.210206
-2.00215
-1.75549
-1.4761
2.0156
-0.0930946
0.528891
-0.682676
-1.75569
-0.56464
-0.65929
1.44471
0.179789
-1.83929
3.82218
3.32063
-0.500796
4.46261
8.16098
3.09021
1.47373
-1.86065
-12.5892
0.421011
3.88595
-1.67696
-0.0293365
11.9389
-1.8799
-0.333625
16.7334
-0.733536
1.77455
0.068421
1.3864
4.31756
0.789303
35.8875
0.00219198
-2.3749
0.424823
-0.435443
-0.0364167
-4.3259
-7.79055
5.06406
-15.0641
1.04664
1.40568
-0.825592
-0.115367
2.4358
-0.550178
0.645098
8.73299
0.0607407
-8.84857
0.407264
-0.897435
-1.52761
-1.5053
-1.76853
0.414335
0.342653
0.33056
0.394297
-3.58404
0.353761
13.3272
0.517369
0.367519
-0.220391
2.32068
0.0458493
-1.70414
-1.23138
1.43886
-3.47992
1.33089
0.700905
0.0671677
1.42761
-0.829955
0.378792
0.96932
0.505739
8.11789
0.439778
1.87055
1.57135
-1.83858
1.88976
0.195685
1.34483
0.178586
-0.318546
14.8499
0.871939
3.13721
-1.08542
-6.41431
-0.580052
-8.21882
-0.462753
2.3021
-0.593031
-0.579789
-2.37751
-0.473539
15.9558
0.0582464
-1.01389
0.882489
-19.4057
-0.11405
0.0370515
0.687774
4.88149
0.2721
-3.47739
-18.085
0.529553
-0.586525
0.82711
-0.0660756
50.2296
-0.390602
-0.866434
0.25082
-0.315572
0.177744
-3.73659
-0.877925
4.75507
1.17377
-11.1192
0.313825
1.39627
0.229884
2.62458
-41.2207
9.55988
0.684829
-0.559137
3.16995
-1.53238
3.14059
0.048037
0.0286544
-2.18434
0.226171
-80.4064
0.407788
-0.56597
-1.33863
-3.51205
-0.542803
1.03593
-1.44973
1.67569
0.66695
-16.265
-0.744459
-0.494225
-0.123936
0.214035
1.2483
-0.166134
-23.2146
8.72967
6.71193
-3.80158
-1.95219
-3.0851
-1.08018
1.02339
-0.125013
-1.35855
1.16159
-0.399978
-1.2997
4.60083
-1.33548
-0.99914
-0.539071
-4.8321
9.58276
-1.75576
0.433411
-2.19678
0.0423734
-4.93982
6.95633
3.93555
-0.731009
-1.81258
2.49191
2.29658
-19.8261
0.351669
16.0093
-10.2104
-2.05045
-1.04749
-12.38
-2.54784
-0.937523
-7.14114
0.766277
-0.0227316
-4.22647
-0.862057
0.14671
-0.0406144
-0.562899
-1.2858
0.199531
1.11601
-1.27827
1.09086
0.650805
0.52217
-1.43786
-1.08535
4.42686
-2.19557
1.10638
-0.624363
-0.614129
0.522993
10.5207
-2.21723
1.73768
0.373374
2.20383
-11.1147
-0.224691
-0.889642
1.55024
0.417263
-10.8264
1.50819
0.838327
11.8848
-1.33938
-1.09679
-1.29318
-0.341646
1.39222
-1.11676
0.613624
0.694428
6.5641
-3.90456
-0.274808
0.71593
1.425
4.72093
-1.48381
1.6297
-174.243
1.28341
0.468038
0.675953
0.779957
-1.14044
0.677414
0.414322
0.133725
-0.03858
-1.05021
0.428883
0.630622
-0.973668
2.39407
1.38947
0.777436
1.04461
9.28472
-17.298
0.191701
-0.0635575
-1.58579
-0.10057
-2.18259
1.19604
2.27844
-3.42221
-0.73955
21.6914
-1.52545
-6.31229
0.558792
4.63848
1.75698
-0.218931
-1.12019
6.17636
1.33
0.123155
-0.462882
0.200217
-1.73264
5.86228
-0.570723
-0.113003
0.216816
6.87214
2.04785
0.995217
1.00247
-0.216356
0.744355
-10.5192
-82.0897
-0.227489
1.44944
1.30451
-0.656473
-1.97889
0.307439
27.1367
0.0552644
1.16651
1.23185
-1.69585
-0.0484378
0.400214
0.107342
0.95255
-0.317011
1.03225
-4.08767
2.5856
1.83818
0.0548717
-0.194595
1.35943
-2.02877
-0.662438
-0.272136
-0.0244373
0.38955
1.51281
-0.753336
0.140714
0.363825
1.1408
-12.6888
-2.70355
-0.876365
-2.71957
-0.446667
-1.48127
1.53338
-0.325387
5.19925
18.483
-0.914907
0.314776
0.611457
5.78445
-0.17309
-3.58118
57.5779
0.515923
1.35619
0.537027
0.20268
0.231858
-0.189852
-1.14702
-0.106944
0.0606114
1.79134
0.246967
0.990387
-0.725555
4.83374
0.407328
-0.403554
-0.13294
-1.93805
-0.0427143
0.669497
1.25908
0.389989
1.26414
-0.0153291
-1.88736
-3.85568
0.668072
0.174599
-0.0510988
1.04101
-0.483375
-5.61565
-0.00608286
0.409962
-9.66815
2.6469
-1.09682
-0.911982
-1.87941
-0.127202
-0.369136
-1.7688
0.396372
2.67805
0.247368
-0.34467
2.11448
-13.5547
-14.9136
-0.429663
3.73134
-0.111029
3.99221
0.2741
-1.19848
3.1683
-17.7425
-0.993085
-1.06495
0.869826
0.697123
0.170057
0.974917
29.5116
15.656
-2.0851
-0.447492
0.282271
-0.437428
-0.236934
-0.0376449
-2.04902
0.27991
-0.788487
-0.920904
0.0467292
-3.17852
-2.27376
0.0567498
2.49997
-1.15306
15.1515
-0.529583
-1.97634
-6.07089
2.03715
-0.0230478
0.543946
-0.191558
0.203247
-1.6601
0.882401
0.399792
-0.850509
0.364077
-3.3832
6.6897
-0.871309
-12.1666
-3.21854
-0.545852
1.16223
0.159429
11.542
0.115493
-0.207716
0.172699
1.45909
0.805014
-0.0885718
-0.728993
0.436611
0.663998
-0.538606
-0.252873
1.55528
-22.6153
-2.79458
0.191232
-38.3233
0.398156
4.71103
-0.709702
1.34475
-3.72015
-0.152088
-13.6546
-5.01854
4.29621
-0.438287
0.808712
-1.8692
-0.08138
0.460434
-1.46226
-1.13143
-0.172441
0.368562
-0.0876276
-0.471399
-1.23207
0.420655
0.136607
4.20125
-0.411705
0.497059
-1.0218
1.19393
4.33078
3.45919
1.9585
13.0107
0.0233616
-6.23066
-9.06882
-0.630807
-0.16523
5.89124
0.0355342
0.504924
0.272454
-0.080811
0.144989
6.92417
-1.26854
0.356597
1.97517
0.75401
1.01991
-1.11312
0.283601
-0.534136
-4.34398
1.57931
-3.50045
-1.20302
-0.109307
0.292377
0.393081
-0.704014
-0.598677
1.04157
-1.57038
3.66692
-1.75888
-7.39747
-8.63968
-4.72078
-9.47506
1.57777
-0.977524
-1.02657
-0.617664
-0.395524
-0.791708
-4.4809
5.12878
-0.374892
-0.58916
0.0953788
0.272545
-0.285644
1.91637
0.480366
1.90971
1.70531
-1.17692
-0.36048
0.302722
-0.0162547
2.48131
-0.100559
0.849954
1.27304
0.782626
-1.41401
-1.13015
0.194205
-2.69337
2.51033
51.594
1.58961
0.00819538
-0.0766784
-1.25605
-0.380483
-0.212397
-5.07815
0.260179
2.26891
0.154952
0.560121
0.0410626
-0.0939498
-1.42965
-2.55848
0.429773
-0.417493
0.611661
-1.01072
-1.51494
-0.604993
-1.39727
0.464962
-0.805242
-0.556609
0.450478
-3.38548
-0.333706
-2.86943
-0.272273
-1.96053
53.0273
-1.18426
0.479347
0.875889
0.719203
-0.678975
-28.0553
-0.537036
-1.47993
-0.292699
-0.695005
0.720605
0.623942
-0.137614
1.02037
-0.704797
1.25957
-0.924758
3.88605
-0.125068
-2.20392
-4.13459
0.562941
13.7194
-1.99006
1.66971
49.8849
-1.57065
-0.347702
15.8185
-0.365757
-2.01219
0.577839
-6.35279
-204.251
1.20311
0.46411
0.626141
-4.03085
-14.5344
0.650449
-0.336665
1.87203
2.8363
1.00575
-1.72558
-2.19951
-1.69079
-0.0702041
0.409704
0.88506
0.26328
-2.69656
-0.00774665
15.0563
0.411549
1.05062
0.497211
0.126384
2.23927
1.16811
1.26209
-1.31215
24.8667
-0.514812
-1.05407
-0.798911
0.942963
2.67506
-0.224109
-2.92995
0.688475
0.962263
10.2735
-7.87108
-0.300325
-0.240094
0.947723
21.8718
0.301652
0.424534
0.577016
0.465905
-1.1301
2.36355
-0.640741
0.34656
0.156959
-0.435802
1.17962
1.81939
-1.48616
-4.97695
-19.4222
-0.21956
-2.5689
1.55542
0.0339877
0.517299
-0.688682
-0.127307
-4.46132
-1.39403
0.912401
-0.60133
-0.979941
-3.41015
5.56683
-2.15379
-0.710352
0.815561
0.053618
21.25
0.4583
-1.80902
-1.02798
1.1264
0.512935
1.24753
0.210531
-10.9631
0.129002
8.7013
2.23068
-4.98744
2.74922
-4.35341
16.085
0.493716
-0.190747
-4.7468
-0.0927694
-2.44637
2.55971
-0.507701
-0.86909
3.29727
3.91523
0.87058
-0.21122
0.290392
0.696348
-3.07712
0.0419889
-0.852362
0.262312
0.0869025
-0.225219
-4.39608
-2.30932
-0.535082
0.180602
2.30442
-3.88902
-3.29385
0.278101
15.3615
-1.3325
-1.03992
-4.1287
-0.328508
3.85718
0.233478
0.223215
0.518208
0.864678
-1.01449
-1.274
1.49718
-0.284318
12.6488
0.0506406
0.787154
-0.0665114
4.59816
0.607987
1.20807
-2.28313
1.05769
-1.76001
1.53412
-0.0705734
-0.614874
1.63559
0.133068
-7.17332
0.0289921
0.231069
-0.641033
-0.105203
-1.72634
-0.292245
0.0979773
63.7293
0.760701
-0.660605
2.83936
-0.510364
0.508011
-2.65337
-2.1648
2.34324
-0.310359
-0.78757
1.83353
0.0708013
-0.763134
-2.48981
-0.140267
-0.480858
-0.0960619
-0.191675
-1.18282
-0.138145
0.659977
-32.024
1.10461
-0.0431792
-0.0714309
0.792972
-1.34768
0.111964
-0.32037
-0.771612
-284.798
0.911249
1.02209
-1.12393
-0.811527
-0.439432
-3.39038
-0.0569612
-2.9695
-7.56292
-1.97106
-5.13845
-2.87095
0.291592
-1.38695
-3.02087
-0.271052
2.47297
0.170163
-0.238924
1.4257
1.16188
0.343344
-0.812651
-0.0406009
-1.15631
-1.85563
0.444231
2.2826
-1.78743
-0.869357
-0.973847
0.975846
-0.400038
-1.13187
-3.76662
4.07583
0.218741
7.09874
-0.0582228
-0.717328
0.972684
1.86121
1.20547
1.16747
2.49282
-0.206238
3.90489
-2.21034
1.4317
-0.545057
-0.485888
-8.1861
2.72603
0.724059
-0.0903858
6.91281
0.483662
-1.10348
-0.620604
0.711569
1.53833
1.36326
-1.24622
-0.702442
-2.77579
-3.93382
-4.60437
-0.804313
17.3551
-0.562969
-0.0779872
1.06447
-0.120555
-0.381655
-0.426622
-1.66946
0.636157
-39.0167
4.28128
-24.9794
2.58789
-1.09951
-175.806
-0.0498534
-1.71404
-1.39036
0.454505
1.08259
0.128817
-4.75065
1.2551
-11.5092
0.0395003
-1.21488
2.79828
0.713049
-0.768559
-3.717
-0.333281
0.423623
-7.27523
2.40349
0.564859
-0.124162
-0.756671
0.766703
0.74512
18.8115
0.0586916
10.1982
4.93379
-2.69655
22.5803
-31.3327
0.36651
-0.419085
-5.21827
0.125648
-0.888624
-10.1941
1.79892
-1.99202
14.2603
0.546163
1.08444
1.15505
0.333212
-0.957111
-0.428533
0.294247
0.209589
1.29938
-21.3623
-0.764867
0.617872
-0.611872
0.127564
0.910453
-1.58052
-0.218743
-0.723684
-0.692014
-1.52997
-0.25577
0.474731
-5.08241
-1.27722
0.181333
-2.4896
0.905053
-0.188236
-0.757484
-1.35683
0.211643
1.16846
5.91455
0.489373
0.673813
1.08666
-0.103516
-1.46777
2.52543
-3.01644
-0.0795573
2.1102
0.563641
-0.909786
-0.0400331
-0.180322
0.164163
-0.84129
-9.08808
-1.16469
-0.257498
2.7788
-3.19026
-27.4278
0.0775447
-2.5278
-0.703804
-0.29272
9.2627
0.811337
-1.23915
-5.08617
-1.16603
-0.808244
-13.6202
-0.281305
-0.0132137
0.215859
0.0784788
0.713186
-2.10357
-0.959277
9.84474
0.416997
-2.16971
-0.618259
0.0504329
-3.9577
-1.12895
0.821748
-2.37617
-1.16582
-1.60397
-0.490039
-0.305755
3.13061
-0.273267
-3.191
0.23814
0.888363
1.17614
0.450245
1.07775
0.156769
-1.79492
0.249608
6.70602
-0.296384
-0.15987
1.36176
0.993362
2.05897
-5.75802
0.0940279
-0.208493
0.0804946
-14.345
1.74894
-0.860785
-0.178235
-0.721343
0.312332
-0.0616453
-4.3872
2.75346
10.4286
0.0876177
1.26094
-2.61323
0.240669
-6.49482
-7.92378
1.86155
6.333
0.237829
-0.101064
3.02297
2.66751
-3.73917
1.02289
3.45723
1.93366
0.164974
0.935907
-1.57673
3.09431
0.852487
0.0707248
-0.546802
0.792827
-0.151834
-0.111541
1.76819
-0.855091
1.90721
-0.219102
-0.67811
-1.82513
0.470293
4.28444
-0.276148
-0.736797
-3.16957
-1.41081
6.53699
0.288621
-35.7535
1.34229
0.76841
-15.7033
0.495991
0.883735
-9.08332
-0.332743
-0.606594
2.8156
-0.68226
-2.3663
-0.0845495
-1.63381
-0.349127
-0.849851
-3.32804
16.7937
-0.244429
-0.0524968
4.33837
0.243275
5.45768
1.52127
0.250781
-7.45608
0.550919
-6.30405
-0.608338
-1.44098
3.13698
10.3033
-0.332121
-0.573927
-0.274687
-0.0570909
-0.69458
0.175184
-0.0568026
-233.08
-2.04736
0.947061
-2.38799
-0.487799
-28.0233
0.298726
0.785259
1.23236
-0.0950748
-0.742893
1.62444
-3.05151
1.45705
0.802192
-0.589368
-7.38032
-0.707111
1.80597
0.511428
-1.63868
-6.08409
0.827283
-1.55338
4.47126
2.22984
5.10883
-0.691531
0.207479
0.683634
-67.0497
-2.29535
-1.65628
-0.292189
0.0370534
-0.104888
-15.3538
0.0978854
-124.93
2.30512
-1.02979
-0.356266
1.2288
-0.00357015
-6.39782
-4.76563
0.385488
1.59885
0.654938
0.346778
-0.960883
0.802949
1.69083
2.12567
-0.0395497
1.2302
-1.19815
-56.7764
0.370196
0.458104
-7.0993
1.10594
1.60352
-14.1387
92.8475
1.77691
5.24192
-0.313974
0.0244147
0.358015
1.87689
-0.386739
0.699171
-0.742665
0.739534
0.735333
-1.93405
1.50108
7.63445
1.0559
8.78578
1.89495
-0.321682
0.313717
2.26324
-1.18709
3.49437
0.236837
-0.722952
-0.236115
1.1172
0.553752
-3.93321
-0.117344
0.149319
-0.478105
-0.543093
-2.10467
-1.02361
-2.32395
-0.851611
-0.311472
-1.09341
-76.0795
0.459267
-16.9575
1.41363
-0.781402
0.976022
-0.376014
-0.371281
-1.61691
-0.286672
-2.29541
1.36029
-1.26587
1.04656
-0.554001
-2.0194
1.24857
786.659
1.21712
-3.31988
-0.548065
-0.942853
-0.922841
0.187596
-4.63745
1.4162
0.298544
-1.37279
-0.806387
-1.48642
0.558845
-0.505407
1.76728
0.49409
0.594788
-0.774328
3.03575
0.496338
0.905808
26.7911
0.520927
0.686308
0.162678
0.99782
4.50526
2.5367
-0.76563
-0.588906
-4.20205
3.28246
-3.19131
0.224158
-0.422413
0.826504
0.730605
0.108165
-1.41932
5.6071
2.96504
0.281685
-0.95393
0.872106
0.0490547
0.456432
-0.506408
-1.63441
-0.0612656
0.779018
-3.19956
4.02108
1.88748
0.39401
-1.26783
1.96172
-0.497236
14.1315
0.757404
0.238745
-0.260987
-1.24905
1.23706
1.93848
3.32797
0.132337
-0.0375463
-0.211186
1.9574
-0.725915
0.949804
-1.64184
1.79367
0.640356
3.15576
-1.52935
-7.24566
0.488934
-1.63724
0.996116
25.755
0.299606
-1.00716
-113.427
-0.183217
6.79659
1.6159
-2.71745
-2.04588
0.637144
2.8063
-0.469482
-0.771828
5.25545
1.7621
-0.337238
1.36257
-0.168456
-0.901907
4.76926
-1.60846
0.0578819
-0.370082
-3.1119
0.681802
-0.32997
-0.368087
0.344981
0.381382
0.395016
-5.61181
0.814455
-0.191043
1.12503
0.0127468
0.689128
1.64595
0.585311
-0.0940574
1.24559
0.974706
0.246349
-0.420897
1.20611
0.445506
-2.09136
0.000973654
-0.475163
-2.87282
0.520379
3.04662
0.00661443
0.106282
0.798959
4.08951
-3.63441
0.383535
-0.568193
-0.513266
-2.42878
0.812981
0.310867
-0.93503
0.142357
-0.470517
-3.5847
-1.26944
-7.07709
-3.48092
-1.30135
2.28838
-0.989248
0.337647
2.48402
-0.620747
0.845436
-12.4635
1.02239
1.15686
-1.28673
0.267038
23.3697
-0.622675
6.25195
0.706025
1.29914
1.77468
0.277411
0.317557
2.17172
-5.74621
3.76295
4.84501
-0.676722
-0.222342
-1.05691
-2.67931
16.5763
-2.19572
0.225454
-2.92286
0.51984
1.27792
-70.4056
1.67889
0.0582194
0.499754
-0.385561
2.95215
16.6303
-0.149146
-16.7091
-0.771241
-3.50339
2.26712
-2.23027
0.0476496
14.9834
0.385494
3.77288
5.50063
-0.432869
0.454675
-3.00328
-0.40921
1.70251
0.516277
1.76109
0.257929
1.66145
0.312996
68.6294
1.60326
0.986092
1.70815
0.737147
-0.532297
-0.402811
-0.1836
-0.0773125
2.23565
-0.509773
0.210038
-3.34296
0.354846
0.223981
-6.22705
7.64542
-2.37821
-0.571913
2.02527
-8.09152
0.964881
0.457492
-0.847275
-0.528503
1.28209
-0.663444
0.00970656
0.704805
-0.165554
-0.890895
0.348981
0.79972
-0.495761
0.296706
1.29204
0.349592
-11.2946
0.760534
-0.499692
-2.87313
0.502652
0.0179405
2.04645
-1.56189
-2.539
-1.52474
-3.10666
0.602238
6.2803
0.272952
0.130218
-6.7556
2.22119
1.36605
2.25211
1.35866
0.103048
-0.898731
-1.6052
-1.03043
-97.7129
-7.11077
0.516208
-1.19343
-0.339619
0.058981
-2.24586
0.132152
1.08862
-1.88309
-0.309175
1.46569
-0.381526
2.41895
0.276084
-15.0679
1.85323
47.8739
10.167
0.377877
-2.97502
-0.16243
0.477829
-0.128648
-1.9696
-0.662631
2.62125
1.27268
-0.043334
-1.16548
-0.597022
-0.911661
-0.631095
-0.0352486
-1.00322
0.424753
-4.68638
0.483806
-14.3422
0.111603
-0.689058
0.0725568
-0.111244
1.38572
-0.61647
0.407589
-2.68905
-1.5774
1.05579
-7.86929
1.18876
1.01905
-0.00149351
-5.41688
-3.53098
0.0608004
0.209946
0.48415
-0.78049
1.21254
-1.40942
4.23072
-0.156296
-0.116883
7.67995
-6.01288
2.76613
1.98074
-1.84318
-31.6126
-2.20396
-0.282586
-0.625689
-0.397639
0.518993
0.500627
1.12474
4.34768
0.950877
0.237311
0.074382
0.262966
4.09859
0.562892
0.853271
-1.37165
0.0733261
-5.30535
0.112095
3.14993
0.121454
-1.19755
-0.431207
-12.8498
-2.25795
2.94672
2.92107
-0.576532
0.140827
2.04391
-3.65749
8.66301
2.04731
-0.636268
1.04276
6.16021
0.125381
0.574275
2.16415
1.06028
0.741294
-0.962208
-0.0806171
-1.36124
0.444809
-10.0138
-0.61951
-3.12684
1.01447
-0.343326
-70.0467
1.23993
-0.010367
-1.13938
11.7509
0.901774
2.30297
0.0930597
0.0107572
0.773419
0.619092
1.36426
-2.81521
2.5294
-1.0774
-0.714199
1.88401
-0.153225
-15.3794
-1.97128
0.240923
3.61038
-1.49474
0.406599
-6.85576
-0.0618272
1.52984
-0.000266741
1.26433
-0.0509853
-10.2691
11.9128
-0.564077
2.5889
1.75155
1.2474
0.290683
0.696689
-0.225267
0.501522
11.1082
-0.186167
0.372311
0.208648
7.05295
1.83512
4.99641
0.25889
0.294459
1.3035
1.49459
12.0877
-31.5622
0.885435
-12.342
-0.343139
-7.67978
0.0192322
11.6101
-0.193213
-1.37016
0.277936
0.381839
1.551
-0.403122
-1.19974
1.2922
-0.74776
-3.74983
0.742155
-0.825577
-1.92156
-0.320084
0.409327
-0.615938
-0.92545
0.0479579
1.94893
-0.523174
-0.367613
0.624892
-0.379963
0.132709
-0.692098
-1.16755
0.350789
-0.215168
0.969232
-0.0682666
1.48347
-2.26947
0.582893
-3.15588
41.0839
1.51897
0.532857
-0.0744154
-6.6564
-2.6406
-0.0305551
-6.83681
-2.19902
30.9205
-1.44507
0.264766
-9.1426
-1098.27
0.780988
-2.10933
1.44289
0.524704
-0.643792
0.843539
-2.86642
-0.0716736
0.575106
4.1674
3.87662
0.0361216
1.89866
0.851746
15.2252
-0.30591
0.102573
0.0625066
1.83705
0.073853
-1.12529
0.892006
-2.20872
2.99703
0.103158
0.0724913
0.703897
-1.775
-1.65407
0.960563
0.85344
0.0352495
2.1923
-0.933583
0.819175
4.61622
-1.4995
6.71711
-0.290063
-0.151739
3.05108
0.237761
0.247063
0.962649
0.168973
-14.3429
14.5443
2.00375
2.33034
0.230361
6.75125
-1.30159
-2.07632
-0.442369
0.504708
-2.87108
-2.90102
-2.16949
0.722448
-4.62768
-1.21594
0.230173
0.55473
0.100249
0.525707
-14.9411
-0.866313
0.00817762
-0.235615
5.99923
1.78628
1.61956
-11.7705
-0.928435
-3.32107
0.44447
-1.0264
0.24029
2.96414
-0.76749
-1.27586
2.61028
-2.82054
-3.05425
-0.290243
0.428799
2.18516
-0.826589
0.616137
-1.14946
0.0724817
0.446498
1.02026
1.45026
0.329604
0.632592
-0.534731
4.36626
-1.20263
-0.460446
-0.154383
0.244924
0.914073
-0.916801
14.9597
-1.63063
1.94966
2.64825
2.70244
14.0678
1.0655
-5.0188
-0.90475
-0.305049
2.94079
1.9731
4.04362
-0.121919
1.74107
1.11589
0.00290214
-0.537965
2.0174
-6.97468
-0.743383
-0.386726
1.62411
1.0272
0.703255
-0.12088
0.201641
0.748541
2.62572
1.86571
0.300601
1.34968
-1.13486
1.05461
0.760838
0.323466
9.43945
-1.94747
-0.0815533
0.699871
1.17061
11.8567
0.402682
0.707719
0.973975
0.550845
0.967608
0.769244
-1.51522
-0.619982
-1.00754
-0.137378
-0.0562693
1.03534
-7.34016
5.31215
-26.4988
-0.792522
-0.381721
-0.496166
-0.162906
26.393
1.55055
-0.810272
-0.363097
-0.0149499
0.481883
0.615703
-0.0902081
0.193497
-22.3754
-0.225411
1.17544
0.325032
4.15386
-0.0343617
-0.871636
-0.644821
5.39853
-0.199949
1.00002
-0.55945
-2.62635
0.227148
-1.05043
8.77595
0.90423
0.858137
1.77771
0.391714
0.00280967
-1.34675
-0.356055
3.17805
-1.82684
-0.312323
5.47193
-2.25395
-1.47478
1.17377
4.00464
-0.47913
-6.5303
-1.11543
-1.01601
0.00477499
1.10172
0.124469
-3.37354
-0.0147096
-0.169115
2.86434
-10.1723
-2.23119
-1.14649
-0.619305
0.380921
0.639883
2.36819
-0.694033
-0.360123
0.971751
0.0638074
0.226949
-1.65776
-0.292458
0.158679
-8.7825
-0.753077
5.29796
0.731109
39.2601
1.17832
2.55317
-0.210305
-0.357329
-0.490984
-0.623119
130.345
-0.339048
1.06269
11.0132
0.729606
31.3171
-0.331885
1.1218
1.97811
9.55615
2.92215
2.44124
-0.552125
-1.45448
0.9387
-0.250771
-0.879966
2.37657
0.863718
-21.3287
-1.04233
3.23041
-3.543
-0.0700358
2.86423
0.00553926
0.0689282
2.38736
0.25656
-0.134901
-0.0813144
-0.119869
-0.428179
-1.80722
-4.32148
17.0813
0.720527
0.389499
-0.96364
-0.251736
-0.739731
0.957309
-5.03421
-0.94539
-4.79015
-11.6262
-2.81565
2.23878
0.535814
-1.771
5.30012
0.085455
0.764424
3.64883
-1.39223
-1.8142
0.351154
-3.56716
0.319456
-1.71127
-4.03299
-1.68268
-2.71751
1.29984
-0.176592
-0.930734
-1.79357
0.216009
0.526198
-3.00355
0.30566
-1.59547
2.24441
0.116071
-0.339791
0.64231
3.85194
1.3326
0.0595374
21.0455
-1.06488
0.00143441
-0.44186
-0.927927
-0.0521775
0.135709
0.404126
-3.0292
0.404081
1.38998
0.447345
-1.84304
3.0165
19.1874
-2.85197
-1.8115
0.0779746
-0.927369
3.29647
0.570711
-0.183835
-0.152997
24.3864
-0.426039
-0.155928
1.22151
1.9976
-11.9095
0.861955
-3.34942
0.687928
1.06436
1.57421
0.187366
-0.436236
-1.33139
-16.3141
-0.118591
3.17065
-1.2329
-0.670195
-9.95767
0.318018
0.774273
-3.40824
-2.57819
-0.129482
-33.2697
-0.00555809
0.438419
0.235983
-1.96876
0.309244
-3.00089
1.12721
0.166982
0.962358
0.391798
1.58303
3.3135
-21.9403
0.626177
1.77029
0.688639
-0.389586
0.591987
0.629226
2.20608
-0.030571
1.37684
0.910028
0.34066
-0.288617
-0.817205
0.0455847
-0.530794
1.48031
1.2267
11.7623
-1.7312
-30.9735
-2.30547
1.27292
0.278161
-6.45503
-0.873091
-1.10378
-0.560557
-4.36489
-0.736256
-0.189108
0.352401
-0.251645
-2.7392
1.14918
-8.23175
-0.540266
6.4987
0.883358
3.1266
-5.42315
-1.51109
5.56162
2.19989
-0.355822
0.898653
-6.39293
2.75327
-2.03393
9.99728
1.2861
-0.807599
-0.128992
0.732427
0.93105
-4.68209
-0.9924
-1.00302
-4.69824
-0.95957
-0.116448
-1.57618
192.213
-0.208316
-2.02872
1.2602
-9.38299
0.495663
-0.236097
-6.86819
-6.4566
-2.34658
3.0357
-4.72755
-0.00862055
1.30618
-1.35988
3.14769
1.45391
0.410573
-1.41487
11.948
-2.82736
0.987263
2.5426
-0.76171
5.41302
4.98524
-1.58729
-6.34793
2.43199
0.133514
0.217119
0.410299
-0.213527
-0.691699
0.708284
-0.834817
-0.718545
4.70248
-0.0745612
0.519615
-0.611248
0.0280475
0.264596
-1.64701
-41.5678
-1.76612
0.324142
0.809914
1.65985
-0.152831
-0.0469212
-4.30494
2.62158
-2.50047
-3.23415
-0.342381
-0.587511
-0.0173943
-0.840835
0.0862307
-0.268378
1.56738
-2.27868
0.0738364
0.816694
-2.22193
0.355147
-2.67678
0.881625
3.03766
2.872
0.0167812
106.263
0.870454
0.128784
-0.349975
0.686482
0.843985
-0.41354
-0.867778
0.237631
0.401617
4.03732
-0.174975
-1.85832
-0.0265574
3.83428
0.203404
0.321263
-20.6782
0.415463
1.0699
-2.92929
1.44285
0.70367
-2.11787
-2.19901
4.09226
-51.7414
2.99389
-2.23046
-0.203838
2.19345
-3.8275
2.27001
-0.830985
-1.59058
4.76293
-0.285212
-1.49132
0.958057
-0.408222
1.75926
-2.00687
0.255973
-0.943017
1.99286
0.763816
-1.1844
0.0694346
-0.753545
0.800267
2.63235
0.243312
-0.0608649
4.76548
0.000816889
3.27995
2.70377
0.252579
15.3512
-1.05243
0.619605
21.2673
-0.322082
-1.87757
-5.29879
1.59425
1.18905
0.229714
-0.713773
-0.404423
0.0968202
-0.0792316
0.463313
-0.224507
1.054
5.35543
-0.797368
-0.120721
-1.61746
-1.17919
-0.552133
-10.4813
2.84155
1.45621
0.703521
0.581084
-4.52861
-0.713469
-28.5664
0.188406
-0.742736
0.266858
0.778063
-2.94203
8.16717
-0.149288
2.97273
5.19193
0.376464
2.90635
-0.359008
-7.58061
0.962863
4.02875
0.869582
3.55622
43.6437
0.434563
1.09597
0.242377
0.111289
1.2734
-0.192403
-110.773
0.567362
0.760916
-4.86527
-0.0775151
1.79423
0.296822
0.619819
-10.0155
-1.74312
0.467085
1.06574
-1.50512
-0.296829
0.850676
-6.81909
-0.0427401
0.202793
-0.253526
0.927505
2.58551
-2.32952
0.85373
0.36579
-0.0829334
0.614016
-0.100483
10.9814
-0.44867
1.67925
-0.835139
0.870591
1.30376
2.6918
0.753338
1.18755
-0.422202
-0.834256
0.0817035
3.47832
1.48784
4.53557
0.906778
0.550259
-1.07018
0.743013
-6.61751
1.38072
1.4875
0.637002
-6.92617
-2.25616
-9.53237
0.0160485
-1.77333
-1.89829
0.203858
-24.0215
-1.03663
-0.60533
2.22258
-1.08653
-4.61808
-0.75601
-2.08782
-1.00482
0.971967
-1.01554
14.2007
-0.962273
0.0525151
-2.25749
-0.0905942
-2.585
1.18849
-1.06561
-0.0518992
1.84987
0.0955221
-0.155832
0.032492
0.759532
-1.24667
-1.62593
2.20484
-22.8679
-3.26055
-1.39737
-7.71569
5.70237
2.86436
-1.25003
0.156078
0.628999
0.509977
0.234835
0.489823
-3.12216
1.38402
0.0379712
0.309314
-2.20805
-0.143613
0.643347
-1.72027
1.81462
8.59596
2.49378
1.37187
0.548685
-2.28225
-0.829729
3.21758
-0.519257
1.46678
-0.0280586
0.484631
1.28869
-26.2848
-1.53597
0.572554
6.94031
-23.737
8.65437
-0.394631
0.349091
0.391969
-208.72
-0.929988
-0.204177
-2.23544
0.853449
1.76255
-3.5026
-1.20519
-2.30608
1.02196
0.991858
-0.563765
-0.265004
-1.06746
-1.38912
0.660068
-2.37475
6.00169
3.37971
0.484235
-0.219739
-3.87881
0.228642
0.362695
3.73574
-3.24156
6.24679
4.30122
0.891481
-2.482
1.60247
1.53711
-0.858505
13.6029
-2.22706
-0.406651
1.09517
-0.59138
-0.225932
0.740599
-4.66404
-0.402355
0.681366
0.194619
-3.43051
-1.95773
-2.15093
-0.277337
-2.95554
2.73938
9.49094
-0.0322382
-0.384956
-0.946564
0.342092
-0.850634
-2.83971
-0.485506
1.71753
0.348806
0.46099
0.575396
0.456313
32.5175
-1.19369
-0.584412
-0.101735
1.13069
-1.97563
-4.10971
0.6172
-0.69151
1.75356
-0.318499
2.55244
0.691162
-0.350795
-1.57885
-1.56357
0.45389
-8.19849
-0.313413
-0.897273
0.5301
4619.64
-1.12486
2.78272
13.706
-1.00494
-2.05277
0.794679
-1.26738
0.0796109
0.795695
0.971475
0.831319
-0.0291954
0.272396
-0.596716
1.60192
0.139514
1.6174
-0.674548
-7.77456
-0.788985
0.832654
-6.31495
2.79388
0.41959
1.14812
0.755216
5.05653
0.445607
-0.205449
0.73897
4.4278
-0.297646
-1.00249
0.0435638
-4.48091
-0.0678833
0.0318095
-0.773199
14.0404
-0.549065
0.293763
4.41678
2.04985
0.736111
0.76785
-1.41697
0.0526976
44.921
-0.587307
0.810366
2.66582
1.5719
-3.25391
20.9263
-4.99705
0.417079
0.371158
0.555102
3.16205
0.14191
0.253127
-2.47593
-1.62568
87.5203
0.191469
0.0180873
-0.964641
0.385678
-3.70859
1.4291
-2.99563
-1.39662
4.41122
-0.978034
-1.18463
0.99865
0.909457
0.0209042
2.03257
-0.777335
-0.474072
3.44774
7.04821
-1.48163
1.28411
-1.09882
1.02624
-5.8258
-8.35561
-0.717695
1608.86
0.204216
-0.325663
-0.00199942
1.07588
-0.139632
-0.917654
4.17716
2.71134
0.174103
-0.544072
5.10092
6.73342
0.49696
74.1645
-0.394409
0.522421
-0.0511618
0.331522
1.88235
-1.59168
-0.380052
-0.5564
0.152234
15.9707
-0.2516
1.20059
0.317619
-39.5525
0.682774
-1.33194
-2.03021
0.550909
-4.41813
0.35694
-0.9677
-4.33661
0.476457
1.067
9.95775
-7.37969
-3.87654
-1.55975
-3.20635
1.04438
-1.17452
-0.126726
-2.21337
0.833826
-1.11532
1.79272
0.673867
1.04699
4.48154
-0.149647
-1.48787
-0.624866
-3.06116
-0.704261
-0.915202
0.62334
-0.818349
-15.3394
-0.0519641
-3.07565
-3.4705
-0.81064
-2.51426
0.12541
4.31347
-0.130085
-0.101591
-5.11232
0.289009
-0.208743
-0.948323
-0.482497
2.74593
0.555753
0.0707337
-1.65877
-4.42682
-0.361476
0.778519
0.153748
96.0044
-1.14261
-0.684655
0.622658
-0.356777
-3.01245
-3.50875
7.44865
-0.998997
0.855432
4.49882
0.154798
0.0713451
1.77841
1.91745
-0.0845331
-1.98655
1.68792
-0.102174
-3.75779
2.58137
-0.546476
-0.530533
0.93197
-3.8451
-2.03239
-2.0378
2.24951
21.4825
-0.121449
-0.336649
2.00561
-1.53168
0.565908
0.366397
0.0526426
0.520194
-2.8358
0.224167
-3.63356
-3.49393
-0.729395
2.00298
-2.19539
-1.00194
-0.17458
0.661127
-0.0020843
3.08199
0.127573
-13.6601
-0.701527
1.26857
1.29814
2.16185
0.746326
1.51156
-37.9942
-0.313724
-0.0163947
-0.206986
0.930948
0.296855
0.18227
3.10487
-208.958
-14.989
-2.10222
-1.60231
-0.626596
-3.53622
1.15737
-13.5703
-1.09363
1.65954
-6.14784
0.256187
6.5429
-0.808015
-0.98054
-0.560897
-0.503368
-0.433108
-6.77994
-0.43773
3.23656
3.02873
-0.968595
-0.18392
-0.205048
-0.651178
0.269789
-346.451
0.684322
-0.289695
0.0150115
0.32198
0.235641
3.41805
-5.33084
4.93306
-0.956939
-0.21467
-0.0445568
0.621607
-2.04261
-1.2217
-0.114383
-0.628168
-1.72488
-39.4774
-0.508625
-4.46935
3.90291
4.60977
1.92612
-3.36756
0.885742
0.645624
-0.680032
-0.559994
-0.70503
-0.788203
-3.1188
0.982048
-0.986718
0.271473
-0.141567
2.4694
2.12677
-2.61
2.66251
-0.398833
3.57812
-8.97504
0.83553
2.4215
-9.22501
0.338143
-0.896358
-0.151952
-0.394438
0.261491
0.326502
8.17995
-35.6781
1.40279
0.0213644
0.777563
-1.16727
0.160646
-8.0305
-4.59138
-0.253881
0.47449
0.386679
0.641768
0.791312
241.015
-0.178711
-0.647206
0.739477
0.0556459
3.27961
6.50408
