1.36446
5.91109
0.396203
-0.250816
1.57663
-0.0875592
-13.7117
-3.28095
-1.17104
1.8289
0.405208
-29.1753
-0.452037
3.60158
-0.723646
-0.245929
-15.8593
-0.133488
3.22586
112.582
3.95243
-0.207956
-1.72219
0.320031
0.965076
3.45818
1.46883
0.471878
1.52224
1.89326
-0.305693
0.000526309
-0.234193
0.155819
0.102661
2.57863
-0.622603
0.254657
11.01
-0.932826
-13.0289
0.146345
-0.117851
9.07272
-2.48773
-0.234702
-1.73821
3.35995
0.452105
-22.4566
-0.762069
4.22354
6.55534
-0.526548
-2.82807
-0.20133
-1.00387
-1.04371
0.389853
-1.71902
1.2773
34.3467
0.0562293
-0.381759
-1.69568
1.46382
5.83916
-14.3336
1.68361
-3.43256
0.256505
-0.448145
-0.200801
0.409741
0.666641
2.0608
7.83315
1.08455
-6.83746
17.9492
1.59012
3.53952
0.259616
-1.19541
-0.627801
1.6474
-0.873731
-0.0423419
-0.0641898
5.46782
-2.08595
-2.23903
-0.327536
1.58613
-0.754954
1.43714
1.86251
0.728977
-1.80196
-3.89471
1.01107
-0.725953
-0.929611
-1.02165
0.402792
-0.740636
-0.442171
-0.0116147
1.82478
15.0412
-0.192794
-1.94777
48.6747
1.11381
-0.710398
0.477467
0.733587
0.319474
-17.6816
0.110521
1.39998
0.135111
-3.7638
-0.340617
-1.60188
-1.40966
-0.40643
-0.95006
-0.132831
0.334236
-1.3006
2.28022
-0.501108
0.0192587
4.20773
-1.92663
-1.35382
0.813531
-0.206192
-2.00526
-0.96202
0.165579
-5.99712
-1.24774
-0.501186
5.12166
0.688625
1.07983
-0.810728
-15.9729
0.323467
-0.494942
-0.101838
-8.09115
-0.0753874
0.0647639
1.34256
-3.31993
-0.515829
1.49779
-1.08417
63.0952
-0.857488
1.05236
-0.647348
3.68862
3.98279
-0.107816
0.170059
0.613625
0.0968708
-0.138738
0.378194
-0.631205
-0.689069
-48.3079
-1.33828
-0.133294
0.448648
-0.220687
31.53
1.81341
3.74962
-1.02923
-1.40345
-0.898864
2.03372
0.733212
0.661431
8.32083
0.262378
-0.81334
-0.642894
-0.0582703
-0.700312
3.26552
-2.96752
-0.132498
0.293166
0.912737
1.29669
0.0144689
2.12251
-0.252516
0.251241
-0.941594
-6.36187
-0.421194
-10.9917
0.966933
-0.118085
0.00457436
-5.47859
0.433138
-5.73966
0.207406
15.9493
0.420065
-1.09069
-0.418453
0.511491
3.63736
0.171757
4.00549
39.385
-15.8912
-3.18942
0.628823
1.04262
0.0413327
1.5563
-0.195364
0.606132
-0.259921
1.20368
0.302116
108.083
1.27902
-0.336722
0.2933
0.457671
0.362998
-2.07767
-2.44854
0.527762
-12.5963
-2.43468
1.15604
-0.457598
-1.71047
0.367817
3.96118
1.06363
0.637079
-0.692628
1.9569
2.36204
-2.06916
1.3534
-2.48885
2.56403
-0.89796
-0.157771
-0.146285
-0.0390003
-1.61225
10.5646
1.7449
-2.10061
-0.819359
-3.75241
0.140967
-1.22713
4.66359
0.270405
-22.7353
-0.342754
1.02731
1.04482
-1.70611
0.842386
-4.02084
-25.7322
0.614782
0.457702
-18.0985
0.353315
-0.443679
-0.0330353
0.723299
0.443799
1.44096
-5.46648
-8.79297
-3.93324
-0.137634
1.05774
-0.969229
-2.87315
0.703211
0.245861
0.414927
3.29396
0.551542
-1.99893
1.39285
0.47439
-3.50946
0.59069
-0.0624108
1.11239
-1.4707
-3.18298
3.94961
0.523026
-0.723994
-5.53266
-1.32371
-0.36923
-6.11197
0.0335788
-0.18393
2.5735
-6.74669
-169.548
-0.835396
-1.01626
-0.207623
-0.446334
0.27008
4.00191
0.496661
0.208455
-38.3511
-1.47912
3.65686
-0.631477
0.697446
-1.67639
0.020602
1.14383
-0.254521
-0.554605
4.24779
-1.28016
2.64366
0.55786
0.23089
6.17454
0.286581
-5.40991
-4.26599
1.96373
-0.299862
0.602189
-46.4556
1.28422
0.684125
0.403294
1.35495
1.33809
-0.244273
2.05724
-1.71314
-1.40397
-2.09384
-0.897393
-1.35036
-0.641237
-0.755048
0.528973
1.45309
-0.564416
0.31317
-0.836525
-14.7031
0.900911
-1.86911
-1.8831
-4.02244
-0.542687
1.92781
3.38394
-1.55309
-0.336286
-0.366877
0.803663
-0.474418
0.852316
0.132739
-2.1757
-0.214394
-3.09616
-1.46233
-1.49678
-0.267219
-0.0751945
1.35064
-0.140788
-0.480296
0.353995
0.276949
-0.507591
-3.98048
0.362261
1.1093
2.74963
-2.31423
-1.11636
-0.449997
0.328387
-0.74653
-2.35689
-0.87284
-1.49085
-1.5984
2.67492
1.38496
0.305865
-3.07931
1.38375
-9.04794
1.0642
-0.904822
-1.09512
-0.288648
-22.2768
0.256954
-3.44635
0.640358
-0.607975
-1.33128
0.461633
118.556
-7.8473
-0.874737
8.43839
-0.790539
0.129996
0.540211
-0.529546
0.0471156
-0.804777
11.1398
4.63878
-0.0823357
-0.225905
-0.139455
-0.316882
-0.134066
0.111607
-0.893674
-0.617944
1.58297
3.89342
-0.671362
-0.507275
-0.528723
4.10986
-0.626982
1.08034
0.177282
1.09303
0.184863
0.883954
-0.325876
-0.852401
1.92697
1.82235
1.1004
-1.181
-0.235261
9.75941
-1.54611
-0.155646
-3.32288
0.237002
0.91816
-2.73206
-0.162285
-0.0804589
4.30404
-2.74329
-1.0059
-0.0632666
0.326699
2.00282
-43.0746
-1.12943
2.36153
-4.29495
-2.8785
-5.13571
-4.96036
-1.14254
-13.2987
2.17904
74.2615
-1.76486
6.48062
-1.22917
-2.32417
-0.777069
-6.17586
-0.19046
-0.0721848
-0.928078
2.8454
-8.25786
-0.785819
-35.0204
-66.5361
0.923016
9.44699
-0.00151025
-3.31532
-1.77027
10.0967
-1.55977
0.64549
-0.413095
-0.0461355
-0.808201
-0.460673
-0.47888
-0.238346
-0.324816
-0.88175
-3.42609
0.258264
0.685615
0.616974
0.858649
65.1399
1.71854
-0.0121118
-8.36767
-2.94795
4.43484
-0.987211
-0.771122
0.760937
-0.970852
-0.3156
-3.58899
42.7752
-0.178566
-0.997268
-0.512074
-0.343175
0.119165
-45.9562
-0.0222195
-1.65245
5.16948
0.607141
0.705491
0.692647
-1.00035
1.4289
-0.142759
6.32876
-13.1955
1.2738
-1.18617
10.8729
-2.69154
0.509283
2.81524
-2.17539
1.104
1.27272
-0.959131
0.172677
0.0878305
0.401964
-0.798004
7.07401
0.408138
0.895884
-1.07589
-6.08232
-5.00744
-0.088856
-1.64314
2.37708
-4.37956
1.22733
3.02676
-1.02732
274.756
5.82317
0.439411
-0.350982
-1.59351
1.24859
5.54797
0.294214
-0.525674
0.378943
-0.92531
-2.45545
3.17599
-0.280426
-3.09219
-0.0240038
-0.344488
0.642485
1.05724
1.18241
-0.122813
-3.38303
-1.82475
-1.62408
0.0617397
1.03854
0.246967
0.392804
70.2219
-0.501263
-0.973577
0.121241
0.124802
-2.11438
-0.159933
0.844193
0.356424
0.0683992
0.262843
-1.97103
-0.654484
0.0894136
0.308283
1.69203
1.57465
-0.45058
38.4027
0.355187
-0.173745
-0.228679
0.317185
-1.59464
0.783161
-0.512138
9.13909
0.620739
3.63211
1.3039
6.50704
-0.177878
0.850196
0.477776
-0.29544
-0.416481
-0.522303
-2.08607
-0.684018
12.8058
0.516723
-0.410195
-1.04797
0.865261
-1.15457
-0.469769
1.01347
-0.360849
0.0270437
0.374673
0.0248362
-0.693159
2.27969
0.935347
0.663551
1.26495
-0.0240623
-0.388621
0.467747
1.33292
-0.183812
0.989006
1.29585
1.8597
-0.556803
-7.56486
-1.61475
0.899966
1.57208
-0.192177
5.9949
8.50916
-5.15647
-2.8761
-0.457417
-1.27955
62.4673
-0.295115
0.324851
-1.30494
-11.8208
-0.614087
0.19436
0.118405
-1.1041
-1.70896
-0.57146
-0.723339
6.80224
4.15179
0.169497
0.849601
5.98073
0.459685
0.680426
8.57259
0.839761
-0.199389
1.09199
0.389637
0.04253
-1.2053
-0.00324266
19.0739
-2.49349
1.84602
1.22913
-0.275503
-2.91719
-2.60174
-2.92027
-0.58422
-1.6752
4.20676
0.344882
0.848549
-0.151216
-0.439554
-1.08146
0.0464431
2.32293
-0.757114
2.03224
0.0460704
-1.08122
-1.21566
0.158999
0.309416
-1.66865
-1.38571
1.02404
-0.302437
3.97867
-1.69889
0.3003
0.537837
0.47015
1.03855
-0.310588
-1.0805
0.630304
-0.863528
1.82124
2.51764
1.04494
-3.42882
-6.23776
2.58379
-0.969019
-0.16707
-0.808045
0.964584
-0.144558
-0.227821
0.0084455
-2.99141
-0.213029
-0.47004
-3.41674
65.1562
-6.40185
-2.25675
-2.72683
-5.64361
1.33201
-0.512789
4.66248
0.300092
3.88298
-0.233534
-0.176328
-0.947701
8.58515
-1.43063
0.832423
3.4154
-0.288994
-5.02289
-7.83722
-0.00819485
3.79848
-1.87973
5.94866
0.360119
-0.488637
-0.400399
-0.299156
-0.362084
-6.52023
-3.15608
0.177473
0.37417
-0.510615
0.804538
-2.51785
4.76644
-0.402055
0.40608
0.709814
-11.4045
2.5215
0.788615
-5.98691
-0.0591296
1.43772
3.8149
-3.19551
2.19518
13.4169
-15.9425
1.47917
5.73608
13.2698
-0.319835
0.66465
-19.1314
-1.93792
-0.388092
0.309555
1.81971
-0.305301
-2.47059
5.81805
-1.94569
2.87935
-0.0775112
0.121927
-0.497621
1.48434
0.591753
0.192041
0.183537
-8.21253
6.34375
0.260198
1.60786
-0.526187
0.878299
0.745111
-0.554499
-1.38599
-0.0731638
-3.78617
0.819991
5.56328
-4.4311
0.0672222
0.668359
-1.84368
0.00396511
2.60683
-0.838083
0.0108917
-0.204978
2.09321
-27.4347
-0.0364866
-0.530392
10.4905
1.55095
-2.86538
0.0605053
5.91773
-0.0639679
0.719544
0.263536
-0.77879
0.668056
-0.403951
0.759417
0.128266
-0.940437
-0.173774
0.709826
1.51405
-1.18204
-0.219043
-1.98065
0.231364
-0.785792
0.405457
-0.617771
0.639948
-0.00388135
-0.795604
6.36531
6.2038
1.00699
-61.1018
-31.3679
-0.178095
-1.06743
12.7914
4.11401
6.87918
0.0662901
-1.0727
-0.77395
1.63918
0.880031
1.01117
2.87833
14.657
-3.50209
0.900264
0.345077
0.237966
-0.792289
-1.37185
-0.0847786
2.00097
3.44761
-81.1559
1.07454
-1.00233
-1.20292
-7.65288
2.10946
-1.38765
-4.18334
4.00359
-8.58914
-0.0524468
-0.317324
-0.692537
11.1469
-1.31311
-0.320563
-0.175329
45.5271
0.205234
-0.271175
-16.5148
6.1049
0.455239
3.44075
-90.3974
-0.45146
1.38904
-85.9698
1.30162
-64.3337
0.0182189
-0.909331
-0.754491
0.568484
-2.51931
-1.05479
0.496613
-0.208993
0.921469
0.551232
0.615863
-0.94456
-56.4863
-2.44923
0.161621
-0.175177
-2.19605
-1.41256
-0.981471
1.96159
-0.133966
-0.856061
-0.24423
2.02504
-2.10004
1.36702
2.69922
-0.362057
2.65305
1.0017
0.185696
7.47127
-0.632777
2.49123
-0.611402
-0.332976
-2.39102
28.9363
4.18807
3.50768
0.357175
1.21397
-0.235624
-1.1408
6.86121
0.0226688
3.08865
-1.47229
-0.289407
0.74125
0.344289
1.69631
3.69422
-1.04109
2.3649
-0.546612
0.40038
-0.214333
-0.70786
-0.460814
0.396896
-1.51495
0.00291739
-0.0132669
0.569164
-1.03826
-0.41256
1.15671
0.468515
-1.83673
-0.396955
-0.196288
0.421643
0.690042
0.956026
0.696991
-1.85706
0.114673
0.675224
-0.816365
-3.63762
-14.2112
-6.46133
0.101365
-2.56872
-10.6649
-2.29802
1.28696
-4.26723
5.04441
-1.59026
-0.317285
1.30849
-0.385903
0.260505
0.689867
-1.84662
1.23977
-0.148488
0.517761
0.0730721
1.68529
-2.00413
-1.11394
-4.47447
0.497271
-18.7452
-0.959157
-2.5196
0.322041
-0.735538
0.69269
0.404777
0.380469
-3.25943
1.38972
3.06225
-2.92012
-1.02733
-0.492451
0.544409
-1.61469
-0.438624
-0.311973
2.14261
0.176386
0.00977835
-14.0126
-2.0916
-0.533652
0.234833
0.320762
-0.0243823
-2.14914
0.0408046
1.65717
-2.235
-0.572528
0.806599
-0.880469
0.218832
0.442624
0.0948957
-4.13322
-2.71049
-0.84643
-0.299507
2.96941
-87.2758
-3.44258
0.354832
3.46074
-0.0174139
-1.23489
1.10305
-3.22837
0.0560662
-1.47997
-0.481999
6.34386
6.82456
-0.822304
2.76129
-3.66437
2.35493
0.880241
0.609998
-0.438693
0.126925
-1.49573
-0.057535
-7.81919
-1.50197
0.388298
8.45869
0.762477
-0.240683
0.0686398
-0.651206
2.2518
-0.634514
0.770865
3.19798
0.36365
-0.545429
-0.0870144
11.818
0.916792
1.4774
3.42765
-2.62247
-0.895269
0.00673973
-2.56172
-0.504571
4.27743
4.59458
1.28561
0.892234
-0.244903
0.496182
-1.35926
-1.76753
0.0494588
-0.353365
-7.37875
0.533915
-0.423621
-1.06394
-0.722471
-1.89854
-0.700396
1.53728
-1.43133
-3.25878
-1.75992
-0.792633
-0.511176
-4.3041
-0.838575
100.076
0.728981
-0.325027
-2.25276
-0.486684
-0.19785
0.629756
1.09203
0.191485
0.420582
0.247142
-0.753576
0.680983
-0.186336
-9.15575
2.95382
0.617849
-1.02275
-2.17249
1.21086
-2.45106
-0.645014
-0.652255
-7.21551
-0.822814
-1.42076
-0.684789
2.21953
-0.19774
-0.377971
-1.62032
0.372287
0.0678159
-3.02656
3.46934
1.26887
4.70659
1.82111
2.32324
-1.24041
6.03318
0.777169
-0.491955
0.385423
0.295453
0.182888
1.62954
2.2353
-0.113152
2.37538
22.1303
-8.67056
-7.14138
-1.85216
-0.992391
1.81676
-1.75311
-1.76444
-0.534681
-1.00983
1.22674
29.8553
2.18297
-2.14366
-1.25483
-0.387291
-1.17472
-0.220723
1.12114
1.77628
-3.92797
0.107118
1.92561
-0.20044
1.20682
0.260971
0.176916
0.653703
-0.607916
-0.168699
0.189658
-20.9333
-1.59439
0.249235
0.609697
-7.86878
-18.0101
3.54442
-4.01253
-0.0991412
-0.106524
467.905
-0.510468
-0.146182
2.94405
2.59346
0.766576
-0.108207
1.61094
-0.247542
0.0112192
2.40093
-0.0132415
-25.5424
-1.79361
0.413066
-0.151147
-5.98271
0.421454
-0.0514841
-1.19104
0.172155
0.254508
1.69253
-0.707955
1.93631
-0.500348
0.562763
0.507273
7.63578
-1.54479
-2.03904
2.51829
-1.40531
0.683318
0.606566
-1.25946
-0.20223
-0.245446
2.26887
2.57919
0.234944
-1.27066
0.202271
0.322272
-0.380951
0.0953201
0.867891
-0.893308
-4.46634
110.741
1.58662
0.536674
14.2748
0.786411
0.812898
1.03322
3.38292
-0.474802
2.00549
1.19381
-0.445097
0.362009
-3.60067
1.02657
-15.7208
0.896087
-1.34223
-0.243594
-0.408332
-1.28856
0.935762
0.949261
0.182648
0.935122
1.13888
1.3746
0.261523
-1.2741
-1.25143
2.38362
2.87942
0.714736
-1.54507
1.18816
-2.12597
-2.8418
-0.306788
0.30499
2.25182
0.624326
0.0643553
5.58233
0.7454
5.7623
-3.66336
0.66364
4.43216
-0.234797
59.4197
-1.28897
1.62443
-2.82294
-0.0172421
1.05935
-0.0651596
-1.40568
6.28676
3.19379
-0.53341
-2.82284
-1.21891
1.10504
0.788508
12.1019
0.187624
3.09786
0.236419
-0.353087
-1.76198
6.32741
-6.56862
1.38082
-0.526792
-28.7051
-0.919669
0.107766
-0.399944
-1.2647
0.38764
0.25582
-0.531276
-0.824669
-1.25573
0.25562
4.64352
3.15932
-0.0111809
2.79766
-0.0950307
-1.47367
1.18828
0.514811
51.8035
0.225551
-0.475592
0.230209
-0.125017
-0.612875
2.58267
2.91121
-1.64249
-0.587612
-1.06685
-15.0316
-0.315799
-0.10807
0.615388
-3.12696
0.30733
1.16904
-0.368604
-7.61989
-3.08282
0.695304
2.21131
-0.715578
-2.01671
0.0374924
1.89584
-155.629
0.226323
-0.128946
-0.320058
1.17328
5.27816
-118.413
1.12948
0.000204688
-0.222201
-0.137874
-0.462847
0.635303
-0.221909
-6.41405
1.16599
0.0144642
-0.81573
-12.4585
0.509006
-0.0835085
1.07356
-0.584522
-0.419453
-0.794674
2.59519
-1.55844
2.99847
-0.393066
-0.224125
-1.04748
-0.0891519
3.66428
-0.258949
0.615292
0.738421
-4.93531
0.847149
0.313723
0.991589
0.436196
5.09864
0.646153
0.54482
1.19726
-0.145656
-0.326132
0.345538
-0.41636
-0.0302151
3.21612
-1.74796
0.225661
0.141188
3.08383
-0.126856
1.97261
0.0954779
2.76021
4.73857
0.564542
23.8085
1.47344
0.562818
-5.24006
0.11839
-0.183504
6.42366
0.865175
0.615388
0.554557
-2.65218
0.520134
2.92017
0.975283
19.9222
1.43382
-0.085294
6.26025
2.19352
-2.04761
0.868857
-0.782037
-0.0984953
-0.453262
-1.25682
0.329173
-1.6607
-3.26519
0.517589
1.15985
5.25984
3.19795
-0.25643
0.055907
-230.204
-3.90051
0.0038304
0.858172
-0.952024
-1.05072
-1.27769
0.298322
1.35956
-0.794901
0.459203
-0.789856
-6.44379
-0.406004
-0.101344
2.31726
-0.146505
-0.591446
-0.0908035
-0.516438
0.308429
-0.362779
-1.09436
-2.52678
-1.45107
-2.03317
-3.42594
-0.194411
-0.186481
0.0322302
24.0431
-0.38482
1.31952
-1.14797
-0.97971
0.125404
0.0547077
2.54129
0.271102
3.83635
0.314527
-6.13531
-1.05088
-0.500713
4.20715
-0.38277
11.2695
-1.16051
2.35111
0.278572
1.56496
-0.824748
-3.73761
9.4226
-0.633249
1.32418
-2.08167
-0.369875
-0.405273
1.10443
1.6154
0.22678
0.273686
-0.624102
1.50117
0.0234214
0.141215
1.01654
0.204095
0.153984
-1.03473
3.49837
0.837788
0.169049
0.800236
0.596339
-0.38566
0.00948627
-0.347774
-0.406467
1.03345
-0.749462
0.261775
0.215243
-0.783351
-2.11681
-1.16285
1.25046
-0.00971347
-0.378306
-3.24971
2.24046
-1.17167
4.17385
0.935423
1.81225
-0.35796
-5.93978
-0.8502
0.290798
-0.504039
-32.2751
-0.410627
0.999704
-0.332518
-2.95417
-1.12106
-1.08968
-0.176381
-33.9006
-7.86574
0.765997
0.740943
0.317175
0.849294
3.64989
0.43259
-1.99904
-4.85842
-1.00643
-0.596027
-0.221479
-1.11824
-0.145996
-1.52068
-2.29623
0.328101
-2.02884
0.110982
3.24913
4.62092
-3.1041
0.138109
-3.01484
-0.125234
0.738848
2.51189
-1.03405
0.231967
6.82385
0.131019
0.532218
0.26298
1.07611
-7.02644
0.974861
2.78575
-1.04462
15.7017
-1.32798
-0.978466
0.416408
-0.731833
0.179162
2.54546
-2.13958
-0.647955
1.04752
0.880364
-4.52526
-1.3104
1.05462
-54.54
0.230203
0.429767
-0.860625
-11.7875
10.6256
0.260633
-0.602968
2.8529
0.462696
-0.149842
-0.692968
2.17464
2.76909
1.15992
1.82251
-0.109739
-1.3523
0.512967
0.0701669
2.69097
-0.131127
-2.00904
-2.46994
-91.0178
0.0465138
3.11566
16.7578
-0.642208
-2.725
-1.82899
1.09025
-1.35686
-1.4042
0.526768
-0.258451
-15.6207
-3.1926
2.08208
-0.246761
2.15129
-2.24582
-3.00558
-0.947587
1.63047
-0.237364
-0.855469
3.6193
1.06491
1.13045
-1.30563
-7.2348
-27.9725
-2.75298
-2.12094
0.0999516
-35.0759
0.678457
0.553193
1.05359
-0.224353
-1.87114
8.18115
1.25353
0.354102
-3.22504
0.860919
-0.932941
0.49583
-1.3012
2.12294
0.46956
-1.71093
-1.39766
1.4834
0.362117
0.409485
-0.508416
0.22424
3.23148
-2.48769
-0.495959
33.0035
-0.229694
1.13362
-0.508876
2.17212
0.119465
-2.36898
-0.953272
0.0211903
39.4224
1.11527
-8.79294
-0.0761808
-1.30762
1.1945
1.94507
-8.99294
-0.0597805
-0.90686
1.78308
6.53506
150.918
3.07507
-0.0720535
-0.823904
-16.609
1.79107
-2.42694
3.19335
0.459479
0.395398
2.5209
-3.84919
0.152775
0.650955
1.62834
-0.246464
-1.4324
-0.320529
0.478003
2.16363
-0.384264
-0.589287
10.7384
-0.365023
263.683
0.201745
-1.13158
-0.644137
-677.765
-0.0176999
2.54736
-1.081
-1.35309
5.36393
-0.0378048
1.16633
1.02281
-1.03713
-0.0476076
-33.7032
-0.513538
-3.07732
-0.461294
0.942827
0.932824
0.332796
7.51853
-11.7086
0.301286
0.472292
-29.3615
-3.32415
0.337559
-0.897597
0.434159
2.10639
0.898741
-0.821345
-0.473388
-5.12657
16.0142
0.528672
-2.85457
2.15754
66.7422
-1.27593
8.10064
0.989825
-0.0984179
6.52392
3.66216
18.3528
-0.6837
8.45317
-0.970915
0.0680367
-1.62976
-1.16343
2.09585
-33.4764
-0.0158972
-0.394552
-18.8536
-0.779535
-0.930957
-0.431734
0.394541
1.01349
-2.57205
0.21242
2.73106
-18.9556
1.33596
-6.5149
-7.07377
1.22049
-5.92902
-2.09
1.11596
7.4902
1.90922
-49.4866
-0.481093
-36.4495
-0.24626
0.481647
-0.358981
-0.686928
0.829269
-0.538002
0.793692
-5.45509
0.802965
-0.622157
-0.236423
-5.40848
-3.32582
3.95596
0.564938
-0.0966124
-0.587706
-0.103109
-4.23239
0.129189
1.7232
-2.56912
0.775627
3.20417
-9.25363
0.845081
-0.327357
0.232061
-0.320529
3.05399
-2.70761
3.66741
-0.117834
0.656691
1.01079
76.9442
-1.99718
-4.37293
-0.0109406
0.780319
-0.203252
0.928996
-0.79819
18.921
5.7513
-0.156468
-2.87235
-0.335057
-2.28077
-0.416974
2.06887
0.88264
-0.675607
-0.390704
0.353954
1.02632
-0.281013
0.0459937
0.470452
-0.571198
1.21008
-1.03547
1.90313
0.945269
-1.59876
0.0229721
-6.77744
-1.08411
0.601074
1.14514
0.4822
-1.69346
-4.21224
-1.3834
330.532
5.17437
-0.794657
1.26161
18.5094
-0.522221
-0.374034
-1.33971
-0.344497
0.208343
-7.41358
-0.500922
1.62743
-3.32994
0.410895
0.984317
-8.22792
1.38359
1.25032
-1.06567
-4.90584
-1.10171
1.86289
0.344321
-1.50981
1.03032
-10.1422
-0.136539
5.75944
10.8385
-0.69188
-1.52326
-0.079435
-4.45899
-0.777616
0.328401
0.662855
-1.16102
-0.0904154
-0.399156
-3.01914
-0.144961
-0.66495
3.21473
-0.418302
6.95078
-1.74288
-2.21891
-0.688162
2.79205
522.585
-3.6078
1.32325
-9.48133
3.81963
2.43895
0.103371
0.374664
-1.01926
-0.637178
-11.0204
-1.67196
-0.0412117
-0.517314
3.97786
-0.0574042
0.479227
-1.16109
-2.18803
5.35477
-0.91141
0.145502
2.90078
2.07787
2.11875
0.677027
-2.19504
13.2479
3.95073
0.10861
-0.293759
-16.0603
0.807637
1.24235
0.452602
1.42287
-1.06054
7.48755
1.30079
-17.7561
-0.409145
4.9034
0.558453
-27.2736
1.17717
0.731626
-0.503518
1.80148
2.10095
-2.26134
-6.16234
0.0278499
-2.84053
-3.17664
-3.89821
0.127289
-1.18933
0.693308
1.93936
-0.226913
-2.87278
109.238
-0.323783
0.859571
0.029598
-0.984794
0.583379
-11.0217
0.648229
0.983304
0.540079
-0.541497
6.37244
0.596744
-4.88699
4.89643
53.2352
4.54564
-1.72451
-0.946092
-1.85294
-0.10976
0.00459248
3.81485
0.281601
-0.325565
0.704567
-0.465861
-1.10855
0.210519
-0.443675
-0.467968
-35.7869
0.471463
-0.880232
-0.904967
0.0173963
0.753324
2.4523
-1.89534
-2.04217
1.1
-0.312049
-4.85924
-0.43848
-1.078
-1.0703
-0.741753
-1.28539
5.74423
-218.791
-1.29148
0.789264
3.78854
-0.959197
0.250893
0.456653
-1.86712
-1.68925
0.403877
-0.0547327
-8.48349
0.542493
7.5173
-0.363127
1.47555
2.09836
1.24749
-0.582881
-0.16436
24.7336
2.30354
-0.964301
-2.31962
-1.31301
1.78773
0.374891
-1.3994
1.20052
0.64281
-1.55212
0.650989
-3.36946
-0.133536
0.201472
-4.67577
-0.890714
0.300093
-0.651866
0.0965991
-2.17611
-1.03968
1.91796
-0.427131
-0.468446
0.0827749
1.57322
1.16169
0.520788
-0.197549
0.318172
0.152692
-0.166362
0.00391181
4.18022
-1.16529
-8.10886
-4.30284
6.96569
-0.690874
0.739065
-0.00518546
1.67846
0.448609
1.29872
0.207073
0.494166
-0.10026
-12.7905
0.776174
-0.178559
-1.64989
-0.855573
-1.13136
-0.751123
0.0839489
-1.26471
-1.98584
-0.412398
-37.2206
-6.2426
-0.135973
0.0640427
0.280546
0.419801
-0.5245
-0.745183
2.91576
1.10907
-5.08795
0.3263
-380.567
-0.768713
-1.80774
-0.00753809
-0.651951
0.967841
1.13336
0.344446
1.09351
-2.8667
-1.387
1.59298
1.9078
-0.730335
-1.73232
1.28357
80.749
0.791887
-0.0116349
1.03513
0.473155
-0.171974
1.14931
0.541507
4.44253
1.25947
2.17938
-2.65361
-0.493093
0.503331
-1.80222
1.04708
-1.55322
-0.600979
-0.729576
0.00219924
-0.227054
1.26309
2.21175
0.133245
1.99339
1.41163
0.689547
1.19186
0.950684
1.92713
-0.0761671
5.14484
-0.0737138
-0.54871
0.14377
-0.732403
0.0504699
-149.319
-3.46673
0.493179
-0.10478
-1.60066
0.64029
1.15885
-0.0187763
-0.111963
-0.950361
1.73584
7.16908
0.368697
0.0280853
-0.0385368
2.88779
0.214277
0.25552
7.89637
1.26808
-0.522967
4.91827
-0.74633
1.39064
0.61595
2.25646
1.01688
-0.104367
2.04259
-30.4343
-0.0464419
-0.797662
-0.425569
-0.0217319
-0.658828
-0.216735
-0.150552
1.34362
0.181101
0.612
-0.119081
-0.343136
2.14242
1.55081
0.679319
1.88648
34.4674
2.0002
0.528847
-0.26333
-0.656566
-2.34625
-0.247272
0.4443
-0.338468
-0.68107
1.63008
-0.116175
-0.0841317
-1.21179
-1.68604
2.77324
0.557165
-0.250272
24.0863
-2.62648
0.687915
5.85898
-15.5698
1.59282
-3.85875
4.81525
-1.9225
0.69978
-2.40325
0.629743
-0.0235986
-0.231474
-5.25703
0.732607
4.16824
-0.97363
-10.7602
-0.773077
0.370101
-0.2457
-1.93423
-1.76939
0.548284
0.479511
-24.4325
-1.17405
0.110177
-98.8025
-13.4205
0.860327
-0.124646
3.87242
-0.675286
0.111603
-0.105364
0.753726
12.5437
-0.176698
0.273979
0.469882
6.82713
1.33822
-3.58648
4.08331
0.0154298
-2.56843
1.15964
0.00426248
1.5109
-0.520815
-0.66716
6.42821
-2.01432
-0.39538
-0.834937
2.74821
1.51554
-0.523922
-0.922445
-0.876642
-0.109984
2.68543
-0.164549
0.145198
0.685234
1.59563
-5.06686
-0.57021
-1.97544
0.199542
-0.329679
-0.567465
-14.3618
0.148622
9.6745
0.343516
-0.885435
2.18685
1.75115
11.5566
0.993502
0.657782
-1.89276
-0.486152
-0.0651096
-1.06527
-0.661081
-0.0964483
-8.9218
-0.57908
0.250808
-2.20504
0.163097
0.921787
1.1933
-0.99627
0.711266
1.81661
2.85063
-0.125782
-1.30327
-0.67691
-13.7958
25.0672
-0.986151
-1.19371
-0.0153606
12.3808
0.149464
1.22034
-4.96565
0.312274
0.39363
-1.6713
1.24175
-6.68762
-0.0262095
-6.55183
-1.93841
-0.418224
-0.843463
-0.698482
-23.7952
-0.470171
0.0612267
1.08127
-0.56417
0.136102
-7.81258
-0.295879
3.34875
2.73865
0.291339
0.732038
-1.09039
-1.91744
-1.21818
-0.476544
0.00304978
1.05892
-2.294
-0.826872
-0.501947
0.823392
-0.761798
4.46967
1.05228
1.38182
-3.79851
1.02885
-0.304572
-2.12584
1.61091
0.0280849
-6.86723
-5.14417
7.36488
7.40059
-2.0041
-2.17194
-3.10892
-2.57063
1.6461
0.196926
-0.722323
4.92199
5.24444
3.42526
5.00152
0.852448
2.57583
2.10682
1.30092
-0.434438
3.18559
0.425341
-2.0577
-2.77195
-0.516714
-1.39064
-2.75429
0.0384874
-0.514172
-0.145317
-0.665462
0.236633
0.518336
-3.8131
-6.48047
0.756236
-6.6751
-1.93972
-0.13659
-0.60363
-0.867381
-2.83339
0.372345
1.15125
0.271773
-0.315354
-2.72709
-0.832449
0.532634
0.886441
6.7763
-0.0780373
0.246275
-3.53414e-05
0.351261
-1.98811
0.112278
-0.951405
2.32651
12.7309
0.817947
-0.939076
0.774397
0.198046
17.7704
-0.811232
-1.3094
-1.1213
0.594326
-0.58811
1.47655
0.205799
-0.120439
-0.249682
-0.402662
-1.13957
2.26232
0.701357
-0.313557
-1.02442
-1.78563
-6.42775
1.28729
-0.644087
-0.365421
0.606924
0.95542
8.21745
-1.62949
-2.84987
-0.963577
-0.0163734
-2.49892
-0.845848
2.11089
2.94813
1.16264
-41.9918
-0.28964
-0.615332
-0.0624387
0.845678
1.24649
-3.16487
0.539419
-0.680703
0.160972
4.01329
-0.147331
0.812308
-0.0481868
-2.79959
0.932644
-0.463931
2.11197
0.206992
-36.8112
0.335662
-2.52539
295.787
-2.92805
0.660583
10.1524
0.325876
-0.365208
0.78023
0.540322
6.91292
-1.08632
0.536366
2.89479
149.412
0.851677
0.148925
-3.13557
0.0164454
5.6791
-65.8811
-4.66709
0.997786
-3.47785
-2.57887
-0.00806935
-0.0255657
0.850362
-1.90361
-0.108385
-0.666172
-2.23222
-1.0101
9.00324
-1.41479
-0.000215278
0.443291
1.0603
0.358663
0.157762
-221.728
-1.72851
1289.5
-0.185159
-0.350797
-0.269527
0.485194
-0.471752
-12.2605
1.79675
-0.757976
0.0952366
4.02962
-0.123165
1.17692
0.200147
-1.25865
0.546019
2.54082
-7.43676
-2.38716
-1.39967
11.1002
-1.4791
-0.158913
15.7585
3.72136
2.6022
-0.326404
-0.0541917
0.172493
0.112596
-1.06238
-3.04334
0.701205
-1.48163
20.0276
-1.16433
0.0696448
1.09697
-0.0174019
0.430286
-0.0713888
-1.41291
0.181773
0.137168
1.11488
0.0687025
8.87785
4.8226
-0.843115
1.16819
-0.270038
2.58872
1.54873
2.56782
0.275624
2.5374
4.65732
-0.0658225
-0.0839325
0.0338509
-1.25406
4.93453
-1.94266
0.765199
-5.80391
1.15457
23.0541
-0.77399
-1.51223
3.50345
-0.322476
-2.38789
0.307544
1.08677
-0.0115581
-11.6265
-1.65411
-0.357479
-0.841053
-0.907198
-1.00383
-0.53265
-3.01451
0.474905
-0.29634
-0.478339
-10.4011
-1.64774
-1.05808
-5.29956
0.784605
-0.0382706
-2.46775
-0.48943
0.0902634
3.4081
-0.836123
1.28749
-0.128883
0.53486
-0.716683
-0.247774
0.0546337
-1.56502
1.22718
-0.388378
0.0264227
-1.36475
-3.1918
0.997285
22.9949
0.492498
4.0582
-35.9136
1.281
3.8879
-1.17862
-0.00143323
-1.2959
4.22953
1.38255
-1.42159
-39.3397
-4.99821
-1.23176
1.10884
1.48949
0.542382
-3.6088
0.711348
-3.32623
-0.254959
-0.0891525
17.7624
-0.0413087
4.6269
7.26208
1.9981
-27.0141
-0.208094
0.194067
-4.96773
-0.977266
1.35089
-1.96239
-0.0932537
1.00863
-0.542394
0.135152
1.18545
0.739439
0.1733
0.951989
1.25417
-0.126298
-24.0947
0.538359
1.99242
-0.430949
0.241269
0.562813
-1.25905
10.3097
0.467506
1.62097
-1.1164
-1.65902
0.444816
1.05688
0.679151
-0.162629
0.408239
-2.75523
-0.327164
1.28859
1.9372
5.96046
3.52429
0.950248
-3.94811
-3.15787
-22.2679
-2.87424
0.416471
-13.9638
2.49301
-0.219686
3.58996
0.407376
-40.1551
8.82435
-1.37901
0.328807
0.926681
1.95464
-0.840492
-1.08837
-1.74794
1.87003
0.680772
0.363334
-1.92511
-1.777
0.261113
0.159487
-0.72931
1.22824
1.09326
2.84273
0.569313
-2.85712
1.95358
-3.26408
-0.861814
-2.27495
-3.90352
2.64422
1.20657
-0.0713439
1.92351
0.00793179
-5.8696
-0.180632
10.7471
0.247629
-0.546588
-5.25611
-0.0899874
0.504208
52.5385
5.18518
-0.0596232
-2.11783
0.603828
-0.385931
-1.03571
-26.9087
-0.0796019
0.0693269
-3.39167
12.3297
-0.459001
-1.54596
1.08039
1.95699
0.636879
-2.27863
9.96336
-0.374983
0.399903
0.685847
0.291171
2.39217
0.0716484
-1.1808
-0.0969146
-1.05565
-2.46866
-0.0453051
-4.52041
-2.16134
0.966485
-0.775948
-0.759926
-0.773622
-0.150672
-9.06786
0.889198
-0.913911
-0.430909
-3.04506
1.07499
-9.22817
-1.73344
1.79613
1.99397
-0.820523
2.06593
0.522772
4.78339
-2.51989
-0.699907
2.23491
-3.16037
-1.12097
-0.00212597
-3.18937
-0.293379
-0.945738
10.9946
-2.5505
-84.5548
-1.92614
-5.23695
0.331761
-2.91666
-3.9508
-23.6617
0.168981
0.105274
1.39506
-1.59966
0.0441364
-5.59701
-8.39623
-0.666745
2.00145
47.8893
-1.36718
1.2187
-0.440918
-0.441526
0.475466
-0.370413
1.10281
1.07744
12.4426
-2.8958
-0.745299
-0.470271
5.28148
-0.100812
0.96716
5.85371
8.19482
4.3951
1.5645
-1.9087
0.551393
1.37095
2.76361
4.24105
-2.58684
-0.880672
-0.298485
-1.21422
0.448322
0.329892
-1.47469
-0.373382
-2.07845
10.488
-3.4064
0.440308
-1.00055
0.127536
0.441777
-3.55586
-8.29439
-60.7632
1.17644
6.71868
-2.6092
-1.32746
-2.07748
-0.806967
5.35231
1.99793
0.235799
-0.681017
0.395779
-2.2008
-79.8641
-0.656571
-1.08804
-0.888156
-0.00263098
-0.229083
-4.89498
0.334874
1.79087
66.3586
0.191475
-0.516963
-3.11338
0.910148
3.20388
3.82737
0.289248
0.685571
0.16433
-0.256559
4.04075
-0.465815
-0.15689
-2.24406
-1.2722
0.372821
4.75557
2.91668
-0.145794
-0.137357
0.946535
-0.234825
-0.639455
0.676121
-0.220457
-0.468199
-1.20026
-1.7666
6.97392
0.975201
-0.986297
-1.17704
-0.0642236
0.362325
0.346796
1.22865
-2.45925
0.432932
0.476214
2.251
-0.388483
1.54802
6.35069
-0.884749
0.275471
0.491104
2.28225
-0.374107
-1.52492
3.2715
-0.267294
10.4327
3.02991
1.03338
-2.21376
-1.25494
26.4116
0.39904
0.107553
-1.76028
0.553923
-0.682257
0.321855
-1.40692
3.81098
-1.31344
-0.42585
-0.356077
-8.58603
-0.275411
1.09838
20.0924
2.12791
-0.7602
0.994574
0.962823
16.177
4.04959
2.58076
-0.811443
73.5448
0.169747
2.00816
-0.927645
-4.92646
0.459882
-129.945
0.853743
-0.973764
0.246512
0.144509
0.842824
1.2985
0.245878
-4.69514
-0.455964
-0.12231
0.815472
3.07063
1.41124
0.227564
-0.843026
-2.02352
1.19242
0.883121
-0.167524
1.51273
1.08522
-1.36405
0.490787
-3.13049
0.438643
-0.135556
-0.242351
2.06595
-3.55951
0.143687
-0.00907512
1.23138
1.47266
0.706703
-3.66487
2.06565
0.400569
3.77812
-0.540944
0.247576
-0.821765
-2.62525
1.45294
0.856843
0.0984765
-2.19439
-0.216168
0.557145
-0.23835
-2.86283
0.0910128
-0.167714
-0.525482
-0.779862
-3.06541
-13.9721
-0.950856
0.611584
-0.136424
1.1421
-1.19826
-16.9318
-1.07745
-0.537952
-0.311259
0.469875
-0.0190197
1.78587
-6.11322
2.19616
0.0920463
-1.28836
2.90546
-2.89917
2.69826
0.331596
1.51973
-39.4494
-0.918658
1.79023
-0.0037603
-9.58025
-23.7833
-0.416867
-0.108463
-1.5308
1.39826
-10.5046
-0.347942
-0.558653
1.09513
-0.508183
0.0153558
1.22673
-0.567047
-1.11611
-1.2018
-0.20643
3.28415
0.692724
0.849516
-0.26164
1.52679
-6.19389
4.55267
-0.439144
-0.323184
-0.630539
-6.11782
0.0135216
5.62605
-2.30068
0.151067
-0.347245
0.811938
-1.21312
-1.09412
-0.449395
-0.579488
-4.34773
5.95186
-13.6214
-3.70819
18.6246
-0.503475
-1.91623
-0.718196
-1.22666
1.32289
-2.15043
-2.23845
-2.37855
0.276057
-1.68948
-24.4026
-1.23832
-1.8641
0.171435
1.17997
0.673166
-7.43326
-1.71173
0.819149
-0.00683869
78.8348
0.0893111
10.4175
-1.41991
-0.134239
3.27421
-0.875647
-1.46383
10.8108
-0.0184389
0.0710422
-1.05296
-0.670886
-2.44558
-1.48839
0.68686
-0.201615
-1.79834
-1.48286
-0.0717381
-3.43541
-0.458923
-2.26655
1.25406
0.927842
1.46601
2.99789
-88.8433
-1.23501
0.193445
-1.06381
21.1632
-1.91655
-0.195006
-0.951822
-2.9402
-0.448099
-0.172163
0.181045
1.21717
-0.775351
0.133989
0.418537
0.604695
0.0797134
-5.5554
0.0694307
-0.136667
0.843056
7.15578
0.164178
0.418783
1.74546
1.67961
2.62725
0.213944
-1.3612
-0.55836
-1.40711
2.62093
-11.3553
-0.115743
1.06649
-4.22945
-1.49295
-0.626379
0.459553
1.12063
-64.7179
1.87046
-12.0454
27.0841
-0.782509
-5.41334
5.46797
-0.660678
0.0202115
1.40131
12.0342
-0.441122
-4.09382
-3.43137
-1.50473
15.781
-4.74421
-1.93242
0.167445
2.40416
6.49941
0.306195
-7.27474
0.481151
0.335424
-0.605169
0.225723
1.3266
-0.843977
-13.1363
-0.20197
-4.46088
1.65021
-0.876075
-0.497995
7.4467
-0.224857
2.07301
-0.0534196
-0.0123108
-0.721479
-0.17234
-1.30569
-1.14314
-1.86994
-1.36948
-0.608631
-1.00016
-0.391109
-0.790434
2.10582
-1.76057
-0.0953053
4.57389
1.34587
0.772575
4.85624
-0.0243681
1.43474
-0.738279
0.183982
0.423741
1.93032
-1.10159
11.0241
-21.3189
0.106554
-0.352135
0.832022
17.2072
-5.54002
-0.804175
-0.607441
0.0945601
0.342249
0.515828
-0.391911
0.0619655
-2.07519
2.49071
-1.2407
3.52367
-3.15811
-11.4467
0.213971
2.317
0.090285
3.55261
-21.4985
-0.305054
-1.82994
-0.792436
-0.228894
-1.94971
-10.6783
-0.187845
0.0476335
-0.102002
1.98796
-0.207682
-1.19304
0.56118
2.18988
7.49107
-0.0418976
-0.453493
-7.85083
-28.3797
22.2515
-0.138523
-0.547268
-0.224168
1.0131
0.400276
-0.0919721
-2.42943
-0.510791
1.28325
-0.375445
0.577965
-1.10258
1.01351
0.553563
1.72448
-0.296958
0.255647
0.721875
-0.283075
1.30462
0.250025
2.43956
-1.16849
0.910714
1.39651
1.5956
3.13318
-8.32743
-3.51122
0.078266
-0.408947
-0.871303
-1.83642
-0.367711
1.23656
2.09901
-0.671373
0.451472
-0.255867
2.60022
-0.387721
-0.048816
-2.83923
-0.834835
-0.611387
3.21887
-1.03107
-2.25439
1.93091
-0.539188
-4.18575
0.837979
1.07579
0.802424
0.326821
-0.111983
-0.182263
-0.85419
1.03748
-0.997003
-1.02805
-2.16081
3.09956
-5.86015
1.05471
0.253413
0.531528
0.46459
-0.744392
5.0494
1.52805
-0.712486
1.05346
-1.53826
12.0478
0.413958
0.0617657
0.360397
-3.93526
2.27745
-4.45113
0.294858
0.294755
0.267966
1.96436
4.98236
0.550579
0.889044
1.27291
0.490603
3.62035
-0.407534
1.55673
-0.47244
-2.24313
-0.149065
-1.09891
-1.00242
-0.0527485
-1.47035
-0.835408
1.84694
-0.109048
-2.08761
0.576597
-2.07926
3.31915
-3.8708
4.9569
0.549212
0.960684
0.118095
0.576251
0.449316
-1.12374
0.288759
120.446
-6.13857
-23.8507
0.294005
-1.38715
-0.449475
2.32715
0.956932
1.44896
0.393573
0.721589
-0.401129
1.06364
-2.1097
-9.90604
-1.26237
1.41286
-1.53539
-148.1
-2.97278
-0.191531
1.4968
-0.460825
-0.671217
22.1836
-1.77054
7.49465
-0.286853
-2.84102
-23.3953
-0.435105
1.81349
-0.187812
18.4687
-2.45958
0.765795
0.434205
1.60748
1.08837
-0.932329
0.363054
-0.000201727
-0.959748
-21.8959
-1.69909
-0.681519
0.547989
-0.370228
0.465638
-0.472974
0.0577363
-0.658527
0.386856
-0.637776
0.612629
-1.79692
-0.483688
0.822812
1.67487
1.29627
-2.19764
-0.212655
0.440051
-1.82965
2.57798
-4.20314
1.74948
-1.70721
1.70066
1.79673
1.70862
0.0717805
-2.20635
-1.30093
-1.00965
6.00354
0.927549
1.82609
-4.27669
-5.21923
1.0118
-0.415852
0.0933355
1.10613
0.694032
1.61604
-5.78037
35.5651
0.379793
3.05296
-4.61519
-1.54334
-3.41018
-0.372916
-0.501312
0.649793
3.29821
-0.215556
3.07143
1.46452
-0.0454516
0.461727
-0.961347
-3.08861
2.44967
0.0620036
0.520504
0.844007
-0.969309
1.62675
-0.719651
0.396859
-0.476639
-36.5906
-0.194944
3.23904
0.0562061
0.145548
-6.53598
4.8623
-0.836658
1.25004
0.324286
-2.04562
-11.6324
-0.816706
0.384
-1.63784
-44.8169
-5.95576
0.230916
-0.401028
0.425773
0.389306
-3.96408
9.17235
1.37105
0.0080932
-1.43895
-0.564164
-0.0563594
1.84384
0.167697
-0.403899
-2.25447
5.17137
-0.668076
2.30734
-2.79597
-0.217633
-0.697578
-0.300567
1.41475
0.685669
-1.07608
-85.894
0.690263
5.19139
-0.059546
-0.520976
-5.24555
3.19839
-18.3936
1.1984
1.80061
-2.37342
-0.569647
-0.49156
1.54924
2.85175
3.5573
-3.70899
-0.0296261
-0.426165
-1.12916
0.416084
13.1161
-1.63222
-1.82292
-3.81671
-1.50438
-0.166411
0.116205
0.917236
10.6139
-2.51574
-1.15815
0.562245
0.536461
-2.56953
-0.233714
0.241934
-0.123777
-6.45188
-4.1065
-2.88614
-0.416213
-1.02762
1.58571
0.465121
-4.89571
0.263172
1.25946
-8.35166
-2.01712
-0.150413
1.78214
-0.960796
-0.352593
-0.0611008
-0.011569
0.746098
-1.47793
-2.35952
-0.979207
0.102131
-0.199076
2.46412
-0.154961
-2.76464
-2.02462
0.0277862
1.01673
-3.4708
-0.340547
5.46962
-1.03583
0.540098
-0.494854
0.247007
-5.27378
-0.925515
-0.845098
9.8772
-0.279927
0.738001
0.765131
6.89229
-1.8422
-1.0365
0.788371
1.02898
0.606283
0.311325
-0.555701
-4.90656
1.45388
0.164105
3.76959
5.10059
0.828287
2.16688
-4.88971
-1.62635
30.4554
0.655722
-0.767872
-3.15954
-55.1422
0.361047
-0.102376
-0.196821
40.3525
-0.0218522
0.531666
9.44097
0.383774
-9.99389
-0.558525
-1.26346
0.157549
-4.72528
-0.340334
11.8844
-2.93583
0.87746
-1.08841
-2.78553
0.918593
-10.3584
-5.72225
-14.0224
-1.99381
-0.287966
18.9704
1.84702
2.17029
-0.532284
15.6091
0.529241
0.82502
0.474157
-0.534209
0.266942
0.178355
0.512746
-1.7807
-0.249013
-2.41818
1.67225
0.622798
-1.0057
-0.598723
-0.0383337
-0.364577
-0.780951
0.656018
3.68291
0.725411
0.3887
-7.58465
0.749562
0.607842
-2.93516
-0.324848
0.362942
-0.0249251
9.62641
-0.0222505
-0.536423
-0.146207
0.84661
-0.572671
-5.80365
-0.0570773
-0.311804
1.94973
-3.50147
0.241641
0.288646
2.40202
0.382489
3.81974
-1.00622
-1.35214
0.00134217
2.106
0.161489
0.443459
6.08258
-0.0495013
0.364105
-7.69876
-10.7795
-4.96933
0.406413
-1.29806
-0.362918
-0.464382
0.945926
-1.06305
-6.53233
1.15864
-0.141926
-1.05467
3.29294
-1.89027
-1.19903
-0.0131758
-4.53057
-2.73687
-0.433721
4.46165
0.566541
-1.91603
-0.701376
-0.000968835
-3.62255
-13.7633
1.66648
-0.485846
-1.97168
1.15528
-5.10509
-18.353
-6.8163
-0.361537
4.80649
-6.75045
-0.361906
-0.766725
-1.4479
20.2103
-9.77076
-0.293642
6.12486
0.6527
-1.46459
-0.426487
0.284395
-1.55444
0.220725
6.7892
114.568
-1.03352
0.120256
3.88597
0.163656
0.920879
0.435282
-1.22933
-2.03227
-0.245527
-5.8298
0.388952
-2.13819
-0.743707
0.661455
0.232422
-0.933539
-1.42456
0.523041
0.0446337
18.302
4.26125
-0.631722
2.32729
1.10475
0.370732
-2.90418
-0.97398
0.268105
0.193964
1.36046
3.00293
-1.05513
2.29633
0.859871
-1.26988
-23.0908
2.51656
-8.41475
-3.47657
-2.41057
2.78376
-4.66965
0.774128
8.75239
-2.82781
0.064172
0.1593
-0.791392
4.53822
-0.110937
-3.62565
15.8649
0.532823
-0.0769671
-1.99327
-5.04841
0.31918
1.18516
-0.131829
-1.52786
-0.554075
-0.43601
-7.16708
0.434525
-1.05456
2.64088
-2.27939
0.276115
1.10896
-0.480403
0.550879
3.62152
2.21109
-0.273914
-0.610862
-1.31264
0.815073
0.568523
-2.70576
0.114872
-1.91202
0.462294
6.90872
-0.899841
-0.655318
-0.39733
-4.37863
-1.00975
1.22144
1.58151
3.56805
0.175049
-0.868445
0.698534
-0.201115
1.71416
1.42641
1.24205
-0.0283486
0.24194
-0.476217
16.507
-2.87607
-0.00474955
-0.602622
2.40276
1.23998
0.625531
-1.32753
-0.161
0.649288
-1.54912
0.674201
3.26377
-2.06585
7.54552
0.138031
-0.0367933
0.679183
-0.295865
1.06437
0.34486
-1.07724
-0.541506
0.614804
1.00854
-0.379752
-0.35548
3.912
-6.33685
-1.65299
15.6036
0.521247
-1.59568
26.6468
3.5918
0.372687
1.35385
-0.203648
-4.32936
-9.59517
0.29522
0.867638
-0.364503
1.41012
-1.46168
-1.19767
0.78913
0.494853
0.226688
2.50163
0.525577
-1.62377
23.5476
0.244907
0.320085
-0.60156
0.326627
-37.6416
-0.735601
0.243262
0.589689
0.0981784
0.0685352
5.2207
-2.50417
0.73404
0.426556
-148.492
-11.6999
0.0328464
-0.452407
-0.94361
-1.04998
-4.01467
-2.19912
0.59171
-4.42333
0.383166
-0.159092
4.33182
0.120835
0.102045
1.26601
4.00442
-1.93237
-1.21143
1.78274
-1.25676
0.17086
0.429131
-1.79366
-0.669859
2.47992
0.452659
-1.34412
0.609678
0.964793
-33.6505
0.888303
0.602138
-0.0694437
0.192276
0.125462
-0.00410864
1.96174
0.248463
8.56751
-0.643222
2.15135
-0.707784
-1.05285
-3.05914
-0.0994756
0.974454
-2.13863
0.999909
-0.746986
0.173465
-1.74981
0.149146
0.846987
0.605263
-0.239897
0.256858
-0.0616078
0.932886
-131.299
0.195351
-1.48582
-1.72036
-3.76775
0.605882
6.97755
-0.161526
-2.47948
0.697602
-0.202192
0.473729
2.94034
-0.842886
-0.51496
-0.626401
-0.174465
-0.140128
1.6003
-117.088
-0.215048
-1.59473
-0.0039068
-0.695759
-0.865892
1.69763
-1.04753
-39.5047
-0.673086
-117.366
-3.68046
-0.0781365
2.39308
1.21359
-0.915371
0.572205
3.21279
-0.476986
0.410932
-19.6018
0.767732
1.12258
2.17616
18.1388
3.20361
-0.159758
-3.29184
-4.23079
0.352911
-0.899248
-0.498639
2.04986
0.73806
1.6906
0.605535
-1.546
0.882431
27.794
-0.00459559
-1.08711
-0.248202
-0.455781
0.255751
0.0383735
5.81244
-0.730927
-0.584015
0.710304
-0.864402
-1.74402
-9.08606
-0.249364
-10.7304
0.030563
1.53678
-0.0956891
-0.453759
-2.56747
4.91117
-0.216882
0.266433
0.65229
0.307571
74.3751
0.00813503
-4.04444
3.06674
0.0715928
4.97146
2.60171
0.135937
0.623189
0.209976
-1.35445
-0.91825
-6.21871
-1.56925
-0.0585386
1.25504
-2.95812
-0.81714
-1.11368
-0.186183
1.42175
-1.25614
1.0047
1.07688
0.0929119
0.578775
0.868574
1.59915
1.06386
-9.30766
-65.8043
-0.450492
-0.234524
-0.435115
1.5881
0.0658625
1.09761
1.7896
-2.0234
-1.23281
1.02405
-1.0715
-0.131421
1.19585
0.568496
3.58936
-1.20773
-0.205531
7.40261
-53.4318
1.9875
3.81748
-1.16072
3.32527
0.626425
1.51427
-0.912483
1.22351
-0.0152456
-0.4473
-5.44454
0.772309
-5.02624
-4.59842
-31.3339
1.39056
-0.577793
-7.75647
0.316111
1.40139
-10.0109
11.548
0.235728
0.443414
-4.36788
-1.69133
0.70322
-0.869691
-0.0505675
-0.236802
0.901679
1.68269
0.384524
-0.607715
0.164376
2703.98
-0.92105
6.18127
0.155254
0.417664
-0.618275
-0.0659351
-0.796619
-1.38559
2.14758
1.60515
0.050375
0.9745
1.98273
-1.18477
-1.45755
0.791708
-0.136305
-2.96405
6.18926
-0.852103
-0.719826
0.445495
-0.290659
-0.28349
0.0932267
0.0250214
-1.67896
0.256344
-8.82198
0.156781
-1.19519
-3.94916
-3.23897
1.50247
-0.416132
-1.49058
1.41019
-2.72831
1.8748
0.310959
0.866953
-3.27415
0.293702
0.985784
3.37346
0.0233941
-1.02541
-0.10472
0.514003
-0.774686
0.0865704
2.31607
-105.324
-1.10722
-1.25365
-1.07004
0.636004
-0.157297
0.805947
-0.0390129
-76.065
2.05891
-1.43881
-1.65663
-0.824042
-1.21448
-0.571527
0.955934
21.5705
3.50736
3.72256
-24.1916
7.11686
5.86863
-4.14448
2.47129
6.37288
-0.13594
-0.883107
-0.542152
2.48463
-27.5501
-1.47594
-0.306951
14.735
-0.0940098
-1.34644
8.85579
0.641651
11.5969
0.523761
-4.93792
-1.31431
0.129969
-1.58333
16.3242
16.7259
-1.42058
2.42969
-1.61217
2.48402
-0.222355
1.10526
-29.7153
0.288898
9.99131
-4.18838
1.10724
-0.71126
4.88071
-0.833999
5.16742
0.873501
0.181282
0.778022
-6.24148
0.863215
-1.46393
0.540999
0.272512
0.532157
0.0459261
0.195692
4.65757
-0.78646
0.612547
0.161121
-0.0303364
0.6826
0.114474
-0.368985
-1.14745
-0.23627
0.424369
-3.07786
0.853105
-0.538146
2.68647
-9.17621
0.422642
-1.69224
5.08114
-0.869203
-1.26746
-8.78885
-0.913638
-6.96438
-1.19153
-1.28259
2.77817
1.13519
3.15122
2.60618
3.16072
-2.1841
-2.20801
0.360215
-0.00461432
-1.097
-3.70941
-0.324195
0.0138853
-11.9083
0.0621733
0.317107
4.91855
0.490461
1.24128
-1.99607
3.87276
0.682939
2.45451
0.0339914
1.0973
1.17201
0.484241
0.47013
-10.5583
1.41885
0.658571
-2.71215
-0.753292
-2.77154
0.782515
-0.0260191
0.90984
-0.938756
0.892346
0.169203
1.80581
-0.961141
-0.607236
-2.61981
-0.53823
2.42786
-0.465579
-11.6612
-0.249764
-3.54543
0.327054
1.58278
-17.4124
1.76834
18.2345
1.39781
-4.95912
1.05938
0.156684
0.344604
6.25483
-1.95342
-2.55682
0.0668973
-1.43118
-0.164542
0.867139
-0.193346
0.289651
-0.437579
0.108837
-3.42357
2.49755
-0.725103
-2.30475
-8.34544
6.1061
8.29959
-0.236782
0.597798
0.0730157
0.591829
6.55302
0.53287
0.137889
0.620697
0.792915
0.043779
-2.04169
4.94397
0.23075
-2.94816
0.354005
-1.73902
1.12023
-70.5031
2.39198
-10.5511
0.256689
3.23695
1.09171
0.865659
0.1441
2.82401
0.756461
-5.75784
1.64181
-47.9378
5.25761
2.90961
1.60108
-0.00913204
10.9528
-0.513958
-2.98405
-0.00902305
16.8327
-0.603837
-7.19904
0.514596
-2.13996
-0.593188
0.885507
-1.44945
1.36085
0.301035
-0.291997
4.34658
0.656709
-1.53535
-0.225842
-3.17997
-1.37139
-1.20092
0.087218
-8.99828
-3.19667
-5.78602
23.0779
0.574821
-0.252121
0.879031
14.9869
1.75146
-2.3343
-0.831109
7.69024
0.22487
1.63426
6.23219
-0.147409
5.51453
0.951726
0.958281
1.00769
0.302771
-2.99347
0.0512246
-0.483332
2.00721
0.957286
1.8861
-0.28115
1.25102
-3.26911
0.151717
-0.447377
-0.605991
5.14084
0.231248
-4.583
-0.558899
-1.02125
-0.192225
2.30999
-0.00465983
-0.0091788
0.123488
0.383552
3.23623
-2.69508
-1.34349
0.684071
13.4071
0.460696
0.282571
1.34156
10.7808
-0.54009
-0.602763
1.268
1.85211
0.831451
0.640004
-0.521691
-0.461635
63.9665
-0.0932151
1.99918
-18.9588
-0.427312
1.65183
0.631348
0.192585
-8.14198
-0.586529
-2.12217
4.1191
0.415211
0.260395
0.402183
-0.915121
1.46717
-0.215353
0.311171
0.525596
-0.239236
-2.34211
-0.802132
0.773679
2.18682
-0.859361
-1.77267
-0.630028
-2.2737
-1.31253
-0.643572
0.328026
-0.574539
-0.468208
0.947043
-12.711
-1.99738
-0.491815
0.571802
-34.7489
3.21855
-22.3737
-7.54114
0.133135
-0.139134
-9.30423
0.805985
-0.450951
3.18699
0.1077
0.972324
1.89188
3.14621
-0.0466107
1.09586
-22.1985
-0.73788
-1.01514
0.0798505
-0.537888
-0.0019998
1.29778
1.86365
-0.0287459
-0.576567
2.63697
-0.691049
17.3197
0.789044
-0.350948
0.0652126
-0.953251
-0.237287
165.787
-2.10072
3.79759
0.872167
-0.333223
6.82499
-2.47087
0.760135
-49.3137
-0.910972
0.537999
-0.215342
277.751
0.939398
0.999045
0.311573
-1.28356
-0.525609
3.72009
2.29758
-0.00146887
56.7426
-0.348579
-2.05881
-2.31404
9.00035
2.02546
6.14146
-0.816791
0.657153
-0.694597
0.15488
1.04564
0.391791
-0.923715
1.68302
0.0525807
1.68562
-2.32808
0.730675
1.59374
0.931003
-0.0809732
5.49646
-2.92909
0.582531
1.05547
-3.26171
-0.571449
6.26095
-19.1586
-2.05593
-0.977707
10.2036
0.454481
0.84323
-5.69974
-0.114973
-0.00911921
-3.91627
-0.700452
-74.4812
-0.381764
0.828198
-24.0188
-0.667842
-10.9438
-0.21288
-0.360548
3.47677
0.135787
-2.81375
-0.367036
0.361092
-0.363006
1.4791
0.723894
11.7335
5.26754
-0.116847
-1.03842
-0.505771
-1.03021
-0.510733
0.657159
-1.76564
1.78927
-43.9928
1.86175
0.287042
3.5492
0.301012
0.0535903
-1.42335
3.51546
1.31823
3.36352
0.544404
1.17636
1.91369
4.55701
0.533395
-6.64687
-13.0085
5.99855
-0.261215
1.29242
4.2626
1.10633
-1.47947
6.15671
-0.436959
-0.936928
-0.623333
-0.534357
-2.21081
-1.79819
-1.59981
-2.2768
-5.19323
-2.68357
0.546978
4.75216
-0.302493
4.55921
-2.83195
-23.6746
-0.15621
-0.588004
0.946913
-2.6924
-0.922634
4.85369
-3.04448
-1.69983
-1.70651
-0.214215
-3.6149
-0.0627682
-14.8272
-0.536023
0.525031
-1.12906
1.96266
7.55506
-2.26638
0.244643
0.0807446
2.02035
1.6207
8.53834
2.17016
-3.45917
0.0457151
0.516049
0.203448
-1.54869
-0.848268
-0.0707191
8.17132
-3.76433
0.158127
0.076449
0.628275
-1.00678
-13.7297
-2.23877
-0.206296
-0.383335
-0.803623
0.321681
13.0485
-0.98145
0.32095
2.1276
-2.77846
0.0497982
0.428079
4.42919
8.30267
-0.911393
9.88751
0.968797
0.386449
0.502109
-32.5094
0.110861
3.52609
0.807324
0.325438
-0.229938
1.57453
14.7601
0.61324
-1.58449
-57.0334
-0.526248
-0.201588
-2.46198
3.92148
-1.63862
-1.11973
-1.05559
-1.19552
29.3697
-2.60979
0.115394
-16.016
1.29161
-6.73213
0.217996
-0.000186214
-0.0850591
0.0515153
-0.679277
-0.0798172
-0.876617
-0.989035
138.118
1.50775
-0.718497
2.34174
-0.626142
-0.808931
-0.109493
-2.32265
0.634926
-1.30874
-0.375338
-0.320828
-7.7501
1.39286
0.986793
-1.4419
1.24703
9.69957
1.78184
-0.156112
-0.376461
-1.44307
0.780976
-1.11146
-0.966168
-0.755138
-0.397188
1.2685
1.79747
-0.950457
-0.0155455
-0.416026
0.0994475
0.376961
2.67275
-0.22397
0.538754
-1.82916
-0.243691
0.234263
-1.26822
-0.280124
0.377875
-2.53891
-2.52199
1.05309
34.6781
-0.397784
0.155981
-0.777484
0.583378
0.936404
-0.497284
-2.24978
0.244771
0.217558
0.861678
-0.547876
-1.63714
0.621711
-0.0497422
1.10246
3.337
1.18137
1.04579
2.38372
-44.3604
1.16894
0.143459
3.22659
1035.3
1.27068
0.683774
0.0570547
-0.0783194
2.74639
-1.31234
0.193411
-0.0572904
-1.35504
4.40019
0.149262
-0.37824
-0.497453
0.727303
-5.92478
1.56017
-5.7739
-0.925835
-0.722598
0.436081
2.00117
-0.320824
0.632896
2.1499
-0.394324
0.296723
1.22194
0.01545
0.57634
1.09336
0.355512
-2.31088
0.00666402
-4.80744
-1.34119
-0.743076
3.42102
-3.73647
1.69318
0.666838
0.359217
-1.05767
-0.696337
-4.52322
-0.933658
-0.699816
0.115591
0.231908
1.23949
27.0312
-0.849061
-7.20123
1.11697
-0.109216
0.344844
2.33113
2.02464
6.31023
-0.304604
-2.23067
-0.471754
-0.811728
0.252215
-0.739605
-0.645843
1.91039
2.21333
0.261421
-0.239411
0.148382
1.18121
1.73468
-1.68412
-6.79581
-0.0414222
-0.119974
5.07715
0.435483
-0.755746
4.67399
2.07094
-3.96156
1.47231
0.592225
0.36358
0.536585
0.25851
0.0947355
-0.389203
0.722123
-1.89665
0.00508825
1.03439
-0.713458
2.12901
0.11354
4.87662
-0.191184
-0.732161
2.51103
2.14775
-0.902361
2.93992
0.844624
1.1365
-0.866457
0.466122
0.181396
2.54223
-0.754683
-0.272565
0.244178
-1.92292
-4.65137
7.37258
45.4213
-1.77789
2.1362
0.374266
-0.256162
-0.31537
3.67039
-0.877897
-1.1507
0.0389608
-0.0763201
-1.30507
0.513154
3.0816
-0.0555622
-4.54489
0.484722
-1.33709
1.26597
-0.598531
-0.733723
-0.550159
0.18352
-0.81701
-2.21291
-0.481483
2.52697
0.992214
0.279264
2.88865
0.641302
0.912749
-0.763896
8.04404
-2.23252
0.879007
0.316029
0.765767
-0.758275
-23.4116
-3.18345
-0.267296
-1.13751
0.107242
-7.03769
0.706438
-0.230893
-2.73947
-2.06268
3.82404
5.93538
5.66608
0.17635
121.588
0.356648
0.425364
2.77699
-2.94579
0.016453
0.313822
0.492629
0.291379
0.513091
-2.10386
-1.40377
0.291662
-0.0211186
-9.23635
-1.01847
226.065
-3.90765
9.55866
1.73579
31.4583
-0.721717
1.83959
1.04082
-0.732712
-300.24
0.791859
-2.6606
-0.573277
3.34085
-0.321353
0.240156
-0.0909102
-1.18887
-12.1963
0.664545
-0.823866
0.421572
-0.867699
2.06684
0.145781
3.815
-1.83291
0.0760629
-6.60281
11.7895
0.81485
0.392984
8.20305
2.51043
-2.64603
1.26585
-0.157346
1.8377
3.49856
2.69954
0.271761
1.2868
-0.168912
0.0762914
4.45868
0.525733
-2.4056
-1.0509
-1.44902
-3.13347
-0.719916
1.21067
-0.347387
4.17387
-3.93915
-0.647494
1.94541
-0.283561
0.1302
-8.43852
0.416943
-3.50775
-0.668461
-2.46044
2.69244
-0.00718946
1.875
0.531251
2.32113
0.481446
-78.8487
1.26405
10.8278
0.117305
-2.51455
0.894874
-1.0664
-6.21835
0.301633
3.47904
-2.28875
-7.03237
-0.276256
19.5291
-1.16531
-0.0700651
-0.66743
-0.00353308
2.59697
1.92985
-0.0674171
1.10008
-34.8098
-1.94514
2.73754
-0.489693
2.34091
4.28185
-0.653798
0.605433
-0.160841
11.1582
1.0181
5.78999
-0.534502
1.49248
0.131687
0.305008
-1.23774
1.21301
4.94795
-0.0183627
2.19854
-0.311983
-0.337064
0.0597314
-0.686059
0.651918
0.79275
1.76747
9.07364
-0.198567
17.2315
0.233296
0.275357
0.310451
0.904859
-0.358297
0.315246
12.3045
0.371724
-0.835144
0.0927263
0.376596
-1.98824
-12.6379
-3.50857
1.6383
-0.353951
-1.08687
-1.93435
15.6746
1.84472
-7.06395
1.02045
-4.46304
-0.847575
1.91604
-2.72374
-0.987786
1.88478
2.73167
-1.58182
4.04892
0.581534
-7.23113
2.84513
0.594661
1.26004
-0.578528
-1.77123
0.199171
2.82903
2.42817
-3.5871
-0.00211004
0.737357
-3.77496
0.332808
2.3454
-3.28255
0.790532
-1.4302
50.2121
1.07475
-1.11184
-0.722169
0.113613
0.401025
-2.66089
-0.524481
0.249443
-0.190773
-0.621729
-1.80535
1.17751
-1.2101
-0.30383
-0.277014
-0.10345
1.77983
0.0869302
-0.300552
-52.3575
-2.07301
3.06883
-0.238919
1.0111
-0.204296
0.871375
4.68576
0.0127509
25.6595
0.102556
1.57065
-0.206415
1.36607
-2.95412
-1.11711
5.07811
-1.89929
0.382051
0.180133
1.41766
0.698477
-12.3883
-0.162151
1.39152
0.592283
-6.75963
1.76017
1.21039
0.09004
-10.6532
-0.485781
-0.0949364
-0.955944
2.00051
0.280624
-0.637382
0.44779
1.63822
-1.62207
175.105
-2.37779
-0.827336
-2.08775
1.51953
0.887586
0.675216
-0.319326
-1.18048
0.11642
-0.262288
0.38133
-1.15537
0.973762
1.33306
-29.1462
-11.1889
0.078397
0.253382
1.06364
-0.343014
2.49363
1.91197
-1.87484
189.792
-1.63742
0.874662
0.161088
-4.22955
0.689275
-4.47401
2.67919
-0.0145381
7.59488
13.7818
1.13978
0.496997
12.2452
0.634181
-0.512525
-1.44162
-0.107821
0.821614
-1.04394
0.301723
-0.122106
7.96382
-0.114162
-0.418686
-0.405652
-0.405091
0.20411
1.36217
0.24916
1.80797
0.915698
0.208091
6.8973
-2.27757
-0.23103
-1.23116
0.428337
-0.558177
0.667798
-8.1534
0.110682
-0.16908
2.6574
0.956728
-10.5177
-1.60357
-2.86069
0.229378
-0.131362
-0.285585
-0.547897
-1.01901
-0.550341
-1.68111
-2.04378
-4.14633
0.422815
0.18087
-1.18918
-0.874212
-0.634173
-0.539242
0.383028
0.983343
-7.40982
0.234045
6.47351
1.52347
5.66595
-0.135986
0.194958
-0.596624
10.4471
-0.331249
2.6461
-0.480258
-0.244993
-2.39987
1.94281
-1.89035
-31.0864
-1.47624
2.75105
1.21438
0.0556986
-0.410284
-0.447122
-0.16086
-1.85181
0.605757
-0.657507
0.248576
-0.25473
0.155003
73.8458
0.386777
-5.41617
-3.04036
-0.896524
0.555719
0.96021
-0.092491
5.9577
-0.651819
-0.236243
-1.12578
2.15417
-0.0199557
-0.532794
-0.604029
0.0847462
2.72274
1.21451
-6.02358
-1.66895
0.10577
0.09425
0.315629
17.0214
-0.333698
0.362504
161.186
9.5659
-1.12682
0.552757
-4.0952
0.512023
1.46433
-2.64735
0.333675
-4.93279
2.52664
0.881958
0.303773
-1.39499
3.63462
3.52963
-3.44949
-0.144385
-3.72861
0.306612
0.443143
1.86248
-2.07393
0.506104
2.41043
-85.5894
-0.159268
-1.55031
-0.324161
-4.7036
-2.17127
-1.20375
0.483796
12.4399
1.24447
11.3373
-1.92479
0.482581
-1.3334
0.767696
1.85703
7.26784
2.01859
22.6449
-5.0861
4.49053
5.84923
0.68832
1.4479
0.795709
-0.0739364
0.703049
-0.55226
1.65597
-1.04566
0.58078
0.770328
-1.02832
-1.36967
-10.1826
-2.33452
-132.118
-0.312781
-0.20782
-0.752313
4.02489
1.03194
-0.15552
0.94811
-0.0662691
-0.0955511
-0.712568
1.46366
1.22324
0.895403
-0.904489
0.211609
-0.0758904
1.29723
0.858986
-0.355546
-1.46764
0.318907
-4.07757
1.32321
-1.4786
0.459982
-4.93946
-1.83301
-1293.1
-1.45423
0.55541
0.926319
-0.68001
3.96143
-1.78358
3.24619
-0.267399
-0.529185
1.79034
-1.11538
-1.07891
-0.34013
0.33109
2.09145
0.67863
-100.837
1.64322
1.90917
-4.55186
245.658
14.2024
-0.585359
5.85206
-2.59496
0.623804
0.844253
4.74274
4.03455
-0.628405
0.782
0.0462157
0.432909
0.218697
-0.169804
0.216535
1.06537
0.911317
1.34225
0.442028
-1.22222
-1.45224
0.426141
-6.73195
0.797784
10.1502
0.250807
0.515992
0.900257
0.174083
12.8509
43.9616
-5.27378
-1.62802
-0.400925
-0.0672496
-1.17023
-1.44923
1.95563
0.510001
-0.340294
-4.62327
1.71476
-0.0186665
4.82736
1.98525
0.0299828
0.382685
0.360154
2.479
0.231932
-6.07364
-0.504177
-1.47457
-0.889409
0.710401
-0.0620321
-3.90359
1.58457
1.189
0.713142
-0.264425
9.09731
7.15131
-0.825705
-3.60789
-0.924923
-4.06229
1.36441
1.76916
-0.218354
-0.627487
0.642456
44.3155
-0.184791
5.0064
1.03497
-0.329416
-0.45436
2.23794
0.564847
-8.36427
4.05134
-1.23169
16.0412
0.50197
1.68199
-3.72798
0.298174
1.86179
-2.82565
-0.608842
-1.82502
-1.45479
-1.32887
-13.5322
-0.198939
2.6107
-19.9776
-1.45638
0.0263828
-0.165804
-0.334631
2.45601
-0.501817
-6.05453
-0.21119
0.606153
-3.27725
-0.544623
5.79813
-1.1836
-0.71702
-0.904313
0.192207
0.85476
-0.941927
-2.34282
-1.40842
-0.443092
3.62075
-1.12185
-0.386628
-1.02595
-1.18305
0.739636
-1.2858
-1.22869
-1.54117
0.488708
3.66829
-1.68463
1.88686
0.49211
1.23045
-26.5267
0.0674291
-1.13722
-0.231607
-1.1246
2.54882
-8.78192
-2.6575
-0.0315631
-1.44115
-3.07984
2.31631
-0.123845
-1.10777
2.1609
0.32273
-0.774993
-0.102496
-0.876019
1.06085
-1.27088
5.83559
2.14434
-3.54949
2.03825
0.516287
0.14434
-0.182627
-7.42922
0.0386755
-2.16128
0.0350822
1.20524
-2.43611
4.37901
-1.60101
-2.05127
1.73361
0.541376
-1.03699
-32.9358
0.016028
0.246778
0.625486
19.9725
-0.301036
-0.690163
-0.0957986
-5.02291
-0.90524
-4.50728
-4.0071
-8.50967
3.14152
0.95709
0.044301
1.61119
0.970229
-2.59521
1.439
0.386797
0.944465
3.18073
-1.16698
-38.2414
-2.43216
173.519
2.20153
-27.7459
-3.2011
-0.0782133
-0.237303
0.10252
0.590226
-1.09261
-0.258959
0.993334
-3.24909
4.0044
-0.289686
-0.813717
-6.40339
0.634365
0.0371341
-0.259633
-2.09471
22.6816
0.620651
5.81486
-1.7562
-6.37915
-22.5394
1.53277
0.260705
-1.68732
0.179789
-3.02404
-0.787851
-1.72957
-2.8217
-1.54905
-0.305969
-0.431998
-0.88795
2.25453
0.0728882
-5.12783
7.14214
-11.4332
0.362649
0.165613
-0.532466
-0.358731
0.378756
0.0014281
-0.0986585
-0.402888
0.856627
0.744489
-2.10954
0.65375
-0.974336
-0.251069
-2.74595
-32.0995
-54.333
-0.305668
-0.52409
0.092061
-0.807057
0.866427
0.485097
0.362661
6.45424
-0.724251
-0.366399
-0.514996
-0.250879
-2.39215
0.418262
-0.609177
166.297
0.400517
1.47298
0.750324
-11.4405
-0.782684
-6.61771
-1.18455
0.703553
4.45069
1.91373
-0.558375
0.117401
0.435607
9.11922
13.8866
-0.855853
-0.605374
-3.24133
-0.140346
-0.24735
-1.17377
1.10257
-0.00736197
0.273873
0.53833
0.75484
-2.49691
-0.833071
-1.09984
0.156889
-1.83003
-2.52514
0.782893
0.0972592
-0.408747
-0.127777
0.690274
-2.4546
-0.12519
-0.269148
-3.78073
0.0151222
-0.215112
97.2641
1.13517
0.95459
-7.98794
-1.07489
0.695906
1.4629
2.8907
0.113056
-1.43823
0.756197
1.55712
-0.321741
-0.384459
7.84911
-0.94984
0.287465
-0.747308
-7.34735
1.16965
1.33258
-0.170766
-0.266037
-4.02848
7.53947
-0.0829424
-1.71943
0.302283
0.463489
0.767431
-0.65341
-0.0296629
-0.333862
-6.90888
0.718905
-22.0886
1.01641
0.216298
-2.0515
4.35396
1.4537
-0.354709
0.190313
-3.09501
-0.00647732
-3.76778
3.45024
-0.615058
-6.81398
0.418303
11.8158
-1.09068
-2.24464
-0.408261
14.7632
-4.10814
0.154325
-0.851636
-0.393982
0.0621271
-0.744717
1.28442
-0.404541
5.40699
0.850764
-0.899167
0.438284
0.365405
-1.65422
1.78916
-0.508619
0.634068
-0.633604
-0.170904
-1.23941
-0.145534
0.611267
0.757806
0.308381
-0.554835
-0.779608
-3.24824
-0.21124
-0.766833
-0.424663
-0.714785
0.330693
-1.47294
-0.531367
-0.627719
-1.23921
0.0558548
-0.876162
-0.557872
2.67994
1.1904
0.40831
0.877
5.56354
0.986421
2.17694
-1.0801
0.983972
-3.18178
-1.46219
-0.300134
-0.612924
-1.12048
4.55701
0.517589
17.5374
0.777548
0.505878
0.184
0.678181
-0.0769111
-2.83307
-0.443932
-4.89431
10.1036
-2.29147
0.0268499
-1.3477
1.14379
0.11344
-9.4488
-2.33988
32.7999
-1.06352
-1.55646
-5.17775
-1.21676
-6.00482
7.09928
2.7339
0.137407
-0.674833
-0.0881904
0.521486
-0.873871
-0.216124
2.62995
-0.369543
-5.08467
0.387018
0.715259
0.387477
0.958292
6.31268
-1.16146
0.648246
-8.33397
-53.1379
-0.245197
0.707685
-0.852234
-136.242
0.522097
0.116637
-2.10468
0.144265
0.795413
-8.25158
1.86894
-1.2675
-0.445772
0.343192
0.46542
-8.0349
-0.299141
0.571123
0.704021
-0.380325
1.02296
0.201512
2.35243
-0.366949
-3.02515
-0.733159
-0.40406
-1.52631
-3.80411
6.97983
0.601308
0.76725
-0.338082
0.500676
-0.263356
-2.11825
-2.41564
-0.413161
0.748096
-5.14838
-0.173231
-1.27275
0.688664
0.661127
0.44641
-9.94125
-1.1336
1.23572
-0.481849
-3.68064
-0.0423824
-0.4982
-0.266293
1.16501
0.347955
-0.443522
-1.01337
-0.9437
1.09049
-0.416252
8.51183
-0.640786
4.63133
-1.14558
3.4296
-2.80449
1.13281
-0.864048
-0.293235
0.979499
0.767726
-0.185676
-0.511909
23.4885
0.518037
-0.658585
-1.50708
1.38911
-2.75585
6.26387
-0.0172397
1.38306
-0.0270864
0.425081
-2.64267
4.46947
-0.923164
10.204
-4.12619
0.239053
-2.03566
-1.35176
-0.299225
5.34278
0.354854
-0.23179
-0.022893
0.517717
-3.53493
-1.33324
-1.62295
0.356437
3.9681
-25.5904
-0.150504
-0.38399
-1.69998
1.25436
-0.0112155
-1.62618
-0.293503
7.90674
-0.615082
0.277827
0.482112
0.454346
-1.54338
1.13352
0.0302241
0.836481
2.96404
-0.0878886
0.181701
5.67402
1.0683
-7.17885
-3.62204
1.45064
0.328342
53.2983
-0.253977
-0.00975658
-4.96538
-24.9698
0.552494
2.79626
4.25112
1.62471
-1.24007
-0.0760336
0.413505
0.682684
0.110904
0.798858
-2.66981
1.40398
-0.447016
-0.735569
1.28166
1.97899
-7.27737
-0.0717039
1.19887
0.0959448
-2.78759
0.330532
-1.24762
-0.596985
-0.233124
1.56913
-4.12241
0.721917
2.2831
-1.4772
1.36487
-2.04165
-0.0253777
0.325198
-0.4708
-12.0172
0.30215
0.782286
7.3754
-1.17326
-1.40012
3.09235
0.0458342
1.32991
-21.7885
23.495
-0.535178
6.76776
-1.11131
1.34897
-5.82159
-0.669195
2.5738
3.88787
-2.39181
-2.25462
0.806985
1.38475
1.92203
-0.272342
0.81156
3.63308
1.23804
1.99696
7.773
-0.226345
0.360386
-0.110461
0.76226
-3.74921
0.11089
0.149118
-35.8754
-0.165504
1.2707
4.3193
-3.45098
-1.18813
-0.500629
1.3834
-0.398229
-1.98464
0.115959
-1.54296
1.28238
6.11503
-1.90449
9.1214
-0.476825
1.64339
1.62069
-1.19326
19.2241
-1.05066
16.5531
-2.3289
0.25743
1.53339
-0.187059
1.24502
1.16442
0.106663
-0.85038
-1.01472
1.86616
4.32305
-0.932501
-0.303495
2.82957
1.26898
-0.880485
-0.877886
1.4845
0.337662
-6.784
-0.828309
0.661966
-2.01408
2.24555
1.40514
-0.856866
1.3709
3.99631
0.649288
0.0134105
-25.2384
2.52579
2.98956
-16.6851
-1.20471
1.0424
-0.568846
37.6047
0.971326
76.1721
0.172511
-2.97485
-1.19021
-0.0773852
-4.69047
1.96603
0.345652
0.360163
0.533629
0.9492
0.340573
-4.78306
0.191439
0.104497
4.69579
-2.07989
-4.61092
3.53866
1.02048
0.0135324
-0.560463
11.4958
-1.14346
-0.98467
-0.0522353
-1.95379
1.90971
-2.24468
0.577786
4.74702
0.0488839
-0.246369
-1.95229
-0.944367
-0.967637
-15.7295
-0.986411
-0.391349
-1.61421
-0.0562123
-0.249366
-1.88693
-0.145247
0.326505
1.06382
0.224681
-0.14368
7.48785
17.8974
0.258269
1.0796
24.2392
0.413782
-0.947575
-0.881587
0.711183
-3.37224
-0.819841
1.07665
-19.5589
1.62162
0.938091
0.155742
-0.48406
-0.699112
-1.12734
0.165262
-0.346422
-3.74588
1.41361
2.87262
11.6757
8.90983
2.38402
-0.0737853
-1.17261
-1.4788
-0.557151
1.87323
5.18037
-0.551582
-0.0360397
-0.364647
0.664898
1.86656
1.39629
0.734057
1.49419
1.23267
-7.96069
0.160151
-0.551208
-1.57747
0.137335
-1.50355
-0.807117
0.765897
-1.45762
-0.170221
-0.516129
-0.539208
-1.44502
3.07863
-0.533187
-3.95614
-79.8229
1.13783
-3.28182
1.3249
-0.509783
0.168023
-4.76937
0.717596
-0.474103
4.18962
0.172006
-0.976697
1.62072
-5.26627
-2.4363
0.104073
5.57138
0.593351
1.16834
-7.419
0.506688
-1.84637
-2.87971
0.0946508
1.76174
0.454702
0.742024
1.49003
-1.36072
4.69892
-0.275344
-1.11514
-0.729024
-2.29955
-0.319792
0.90774
-1.10997
-0.784156
3.13431
-1.19544
-0.16518
0.614861
0.325348
1.11457
-2.54919
0.668544
0.757429
0.0700695
-0.588974
-4.14085
-0.621272
-9.69145
-1.6582
0.372551
1.64013
-2.52263
2.28979
61.0919
-1.4744
-5.73971
3.50647
-2.89966
0.56997
1.13716
0.17804
30.0649
-2.39631
3.52801
0.303464
1.72806
-0.215944
0.69092
-1.07334
-15.9295
5.28561
-0.606835
1.41415
5.21226
1.94774
-1.56135
-0.500089
0.511246
0.774458
0.93072
-1.27094
-0.490405
2.26242
0.181196
0.259139
0.187246
0.231892
-0.618793
0.582897
3.08804
-0.935155
-5.19535
-0.00401369
-3.11593
-3.16287
-0.523672
0.229229
0.553668
1.37997
5.04912
7.8179
-0.497805
1.64435
-34.2839
1.1495
-15.2434
-0.966961
-3.78542
-2.11238
1.49111
-0.51506
-1.06144
10.4278
1.95277
-0.238956
-6.37449
-0.687636
-0.0628867
3.28481
0.347782
1.55892
0.282107
1.83333
-0.120687
-12.4447
0.212071
-1.93397
0.511336
5.53501
-0.396277
-1.41779
-1.23297
-1.72339
-0.179007
0.410729
0.30238
-0.988521
-1.51519
5.07282
0.0535227
-0.920418
7.31627
-0.0692608
1.77335
-0.158805
0.0961485
-0.809897
-0.46961
0.104375
-7.67604
-0.859627
1.59538
0.694142
7.38382
-0.463809
0.537601
5.06243
7.5462
1.46813
3.79593
1.14028
3.12935
-0.908261
0.208568
24.2793
1.07653
-8.31846
14.1646
-1.76664
-0.208224
6.58093
-0.907935
1.88611
-1.43103
-0.247903
-2.20737
-0.388111
2.44918
1.5578
3.84136
0.975731
5.25181
0.695786
-1.48069
7.84637
18.9378
-1.39018
1.50442
0.879171
-0.587592
-0.655724
-0.359027
0.605091
0.0628477
0.626885
1.33109
0.81712
2.63429
0.111956
-0.441739
0.874016
-0.143627
1.74389
-0.776054
-2.03969
1.76054
-18.572
-0.0977354
0.43533
-0.103332
0.9776
2.23815
0.38717
6.48587
0.242974
-0.456846
-6.88271
3.25595
52.0816
-1.52857
3.06162
-1.04204
0.9504
-4.32297
-3.79001
3.07748
-1.44054
-0.0675225
0.110627
-0.770908
0.877074
-0.286349
1.30597
0.753244
3.02422
2.06407
-4.62196
1.78715
0.321364
0.7671
1.45289
6.84795
0.967442
31.272
-1.83598
0.743478
-0.0179483
-25.7158
-0.482655
-3.63971
-0.696996
0.82071
1.016
-5.18588
-0.037433
0.728344
-2.16705
-0.775964
-40.9085
-1.14188
-2.20145
1.43314
0.309725
-1.09628
-0.533721
15.5238
0.825942
0.627817
2.68167
0.75934
-2.90332
-1.77111
-26.5135
0.410841
1.0962
-0.166166
0.860561
-0.173705
-0.957426
1.05204
-0.498669
-6.56183
-0.215262
-0.910201
0.00852559
5.62379
-0.961939
0.135618
0.903112
0.484344
-0.0742349
0.945402
1.82664
12.2459
1.58503
1.54482
0.809474
-1.67917
2.26941
-1.18814
1.40274
2.03184
-0.871736
-0.0751441
-3.01282
8.74395
-2.46769
0.431023
-1.3125
-4.66367
-1.4819
-1.60515
-1.94208
-0.898607
11.4039
1.16604
-0.0134867
-1.81842
-0.722726
-0.0579167
0.886192
0.229958
-2.44406
1.14356
-4.11405
28.9601
-86.6051
2.18454
4.46108
3.12095
15.2555
-3.50285
-0.674062
-1.21297
0.148306
0.277252
1.04394
-0.562967
2.73473
-3.15871
1.95371
-7.52233
0.421087
0.318833
3.95813
0.552094
-0.269184
-1.15889
-1.30691
0.182647
-0.374536
-5.84367
-1.31345
-0.225241
1.1238
-2.46244
-0.431497
-0.244029
1.82411
-0.674344
-1.55644
-0.332642
2.4899
-0.143664
-1.65834
0.0626912
-0.668972
0.319858
-14.3367
-0.620801
1.27682
-18.3953
-0.0966231
-0.0547975
-1.38666
0.68793
-0.109697
0.583708
1.93068
0.644863
1.07385
-0.28653
-1.28916
1.3261
2.2971
3.8778
-1.15314
0.643596
0.220046
-1.3898
-0.185382
-5.07146
-8.24258
0.426184
-0.862785
10.4241
0.710819
-0.704239
0.559767
32.4666
-1.22297
0.346672
2.47627
-1.36412
-1.60009
1.14789
-1.06273
102.917
0.547671
0.705972
-3.123
-0.356387
0.428513
0.221753
-1.50072
0.316064
-0.258058
-0.629913
-5.69995
-1.41682
-0.89532
-0.743453
-5.06018
1.25782
0.937571
0.451695
2.28712
-1.07761
0.621721
-1.31246
-0.972011
-0.471376
-0.344358
-1.17676
2.62664
-0.280268
-2.89174
0.290917
0.213926
-0.597445
-3.76307
-0.773878
42.3443
-26.8909
16.1466
0.509014
-0.983454
-33.5113
1.11385
-17.3377
-2.53086
-7.44421
-0.0955824
0.168292
6.22826
0.512235
0.277878
0.868959
-0.942093
3.41339
0.835078
0.75316
8.67708
-1.6584
0.144294
0.174613
-3.4549
-0.170642
-0.715121
-1936.74
0.344949
2.01622
-2.18026
-0.229422
-0.112284
1.22378
0.170324
0.165623
-0.623153
-2.26029
2.86438
0.103111
-14.9306
-0.201182
-8.28287
-7.72818
-1.38981
-0.385629
1.18609
0.130971
-157.687
-0.249405
6.91856
4.81522
-0.137296
0.687363
0.175523
-0.774891
2.90567
0.598525
1.1527
21.2662
0.156778
1.42871
-0.637938
0.829119
1.29379
57.6758
-8.21647
-0.649053
0.147074
-0.86068
-0.737573
-0.322044
-0.359928
-0.723831
-7.13172
-0.328037
-1.07298
1.246
0.94444
0.232171
1.97575
-2.11682
0.139338
1.05542
-1.97253
-4.34402
0.129038
0.266293
0.0815371
3.50616
-0.650564
-0.505976
-0.320697
-0.101692
17.3598
-2.4572
3.4992
1.42939
0.0928642
1.5025
0.0971321
-4.42404
-0.881475
-1.88861
-0.815023
-0.351814
1.20701
4.50919
-16.8171
0.697391
-0.043952
-0.749312
1.03443
-4.42945
-1.3574
1.5341
-1.76195
-8.41541
-2.27553
-23.3814
-1.20537
-2.24696
-0.388971
-3.56765
0.812326
2.91016
-0.532434
-18.7607
-2.99723
0.918683
-2.50245
0.515335
-1.64766
-0.935606
0.610073
-1.04849
-0.301625
0.390438
-3.09072
0.535105
-1.15661
3.38554
-5.4375
-0.503701
1.11765
1.27309
5.57976
-0.768666
1.4082
-37.2035
-2.15618
1.20533
1.22952
2.34019
1.69473
1.01312
3.60788
4.00844
-0.380517
2.10878
0.554586
-0.155359
-0.895141
-0.0781387
0.994967
7.90336
-1.3639
11.9827
1.06075
0.644494
-1.56736
1.61203
-0.984575
1.83688
-0.338953
0.628664
1.54986
-1.78906
0.297761
0.251689
5.97984
2.58689
0.539676
-1.69919
-2.26531
0.968796
-6.16949
12.1673
7.54712
-0.281358
2.64291
1.78273
3.34098
-25.9644
-1.31495
-0.872368
1.92347
-0.304113
0.775592
-17.7506
8.23294
1.89755
-1.86459
-0.846798
0.734966
358.4
-1.5683
22.198
2.29597
-1.06868
-0.310298
-1.35172
0.799457
2.55713
-2.1064
1.31893
-0.72976
0.721854
-2.03696
-1.58269
9.16178
0.00971308
0.548397
5.76057
-0.891311
-8.62034
-0.424456
0.778243
3.56048
-1.22942
0.549817
-6.58329
1.48444
-3.6382
1.35747
-1.53622
2.41577
0.775851
-0.102642
0.137046
0.241074
0.891463
-1.48755
-0.0534695
-2.18574
11.5747
-1.76891
-0.126423
6.92967
0.074331
1.13171
1.02388
-0.195157
15.6339
-0.829836
-0.268409
0.79859
-0.540383
5.9648
-0.50361
0.476017
-0.939265
-0.428549
-2.27561
-22.4209
-0.854915
5.11126
0.712035
0.301741
0.462876
-1.64045
2.96574
1.48459
-1.53332
1.18455
5.04396
0.593901
-4.67007
-0.698814
1.97201
8.89833
-4.75714
-0.47228
1.45337
-3.31777
-1.28026
-3.27481
-0.548453
1.58089
-0.361351
-2.19892
-1.00813
-1.60476
0.786354
-0.258386
5.6435
0.226469
12.1299
0.805662
-3.13388
0.765277
0.258358
-1.93558
1.83428
1.23812
0.475443
-0.797229
-0.0313811
-1.43034
2.18082
20.8544
-8.51395
0.361082
-12.9248
-0.0704222
1.35299
-1.20291
2.38938
-1.57195
1.11818
-1.7153
0.956296
1.61026
-2.33576
-0.260741
-0.855826
0.304242
1.29509
1.20502
-0.883349
-2.77542
-9.64256
-0.0845828
1.80234
0.292927
-3.65531
0.584864
1.66154
0.229315
11.5406
-0.30803
-8.83764
-0.616436
-0.371309
-1.95775
-2.75852
-1.19905
-0.42488
-1.35019
0.199128
0.415488
1.77597
1.031
6.5171
-7.47932
0.513744
-20.2929
-0.160901
0.44953
-7.76657
1.89137
-1.77987
-1.09483
-4.13109
3.44908
-3.88429
-1.70615
-0.922161
-0.598365
1.21813
-1.06946
-0.766196
1.21141
-25.8795
1.63023
0.0506001
1.07633
0.700851
-0.766684
0.87405
-0.425687
-13.2404
0.176656
-1.68713
0.232937
-0.533445
3.31381
-0.6388
4.22002
-2.1998
-0.599081
0.049984
3.55376
-0.973907
-1.0291
0.0323132
0.628656
-3.69439
-2.55231
1.43224
-0.0760294
-0.522619
0.981927
-1.96363
0.683785
-1.39062
0.464735
-0.691287
-0.156479
-0.511101
-1.46832
0.564412
1.46558
0.15726
0.439972
-0.579591
-0.735109
-0.178246
-0.342647
-7.17541
0.331278
0.156323
0.286311
-0.492475
0.408239
16.964
0.39593
-0.32878
0.834522
0.344155
3.36388
-0.483479
-2.27064
-0.754238
0.263157
1.11867
-0.274729
-0.0174819
-0.70954
-0.113087
-0.94973
-1.43156
0.229838
0.313046
-0.560089
1.79371
-1.66533
0.609458
0.413849
-0.330731
1.42471
10.6285
0.592095
-0.0962179
-0.759935
452.405
-0.34462
0.0161603
-0.949979
-1.38927
-1.27662
0.235324
-1.87776
-0.642344
-0.544711
0.187004
40.8279
0.0118217
0.333368
-0.5982
-0.594029
-0.30354
0.997147
0.444479
1.28768
4.83341
0.35825
-0.988206
0.094109
-0.467719
226.388
-0.375084
-0.959602
0.170772
-0.420889
1.05944
1.03943
0.58668
19.6605
2.68988
-0.126235
0.0394083
-0.956273
-0.622269
2.47629
-0.817576
-3.15547
0.607884
-7.39873
1.31098
-0.137034
-0.431006
-3.64434
0.176161
0.0625744
-1.1162
-2.10234
3.47616
-3.43536
0.480945
-0.0642329
3.95667
-2.58402
0.350592
0.0848593
-0.254562
-2.60214
-1.33558
1.28891
0.588743
-2.87966
-0.128161
3.17395
5.44547
-0.0668546
-0.827028
11.2131
4.4607
0.775582
-18.1689
0.983607
22.9709
0.853242
0.692819
0.981153
-1.40716
0.862051
-0.793404
-0.638864
-0.167546
-1.31761
-20.4091
-0.400175
-1.21375
0.173501
-1.06173
4.04603
-1.59197
1.16642
0.259531
0.893048
-10.4925
1.05364
-0.374288
-0.917604
-147.536
-0.157286
-0.246846
-0.38983
-0.0690092
9.89466
3.67586
-1.39559
0.52609
2.98332
0.196762
-2.49397
0.0669431
9.04018
0.247252
16.5375
3.15128
-0.24428
-6.73133
1.81278
1.51635
1.8258
0.32232
1.31593
-0.156592
-0.00567217
-1.22256
-1.48252
-2.39945
1.11416
-1.54963
0.907375
-1.63618
0.615054
0.5627
-0.0972743
-1.35558
0.301096
-1.18598
-0.352928
-0.713405
-2.01851
1.10489
-0.0467205
2.14054
-0.504492
-0.746886
-0.172827
-5.19691
1.14631
0.469156
0.754594
-1.08818
-1.48835
1.24862
4.05955
0.996871
0.536168
35.4894
1.85736
0.376538
5.35862
-0.361962
-1.19953
-1.16215
-0.0714998
0.494947
-0.892144
0.141006
3.56783
-4.46327
1.2502
-0.866603
-1.0218
0.677858
0.572239
0.908744
-14.6049
6.74271
0.0542714
-0.481019
75.8911
-0.246174
0.0279427
-2.96585
2.63495
-0.529001
-24.1218
0.358507
0.555093
-2.84929
-0.11986
0.693433
0.20653
-0.321243
11.6085
0.341982
-1.48342
-0.789497
0.994895
0.0425183
-0.0339417
-0.293628
0.399302
-0.135134
-0.888926
-0.0103592
-10.7607
0.69399
-0.0646648
-0.378483
-0.789175
-1.07403
0.317259
3.99112
0.683667
2.1653
-0.653243
-1.49508
0.957548
-1.63378
-11.8771
-0.128131
-4.10979
-1.69334
1.44545
2.0386
3.13821
6.70962
-0.153202
-4.51624
0.396437
-0.231857
-0.272781
4.14862
-1.5068
1.76882
-6.24505
-1.4847
1.46781
0.238583
-6.34241
-0.309828
-0.557019
-0.0703367
-2.10192
0.908808
0.897939
-0.320116
3.38479
0.148535
-0.276531
-8.46523
-0.818017
1.96574
-1.15711
0.0465221
-1.50807
7.77729
-8.29229
-0.136739
-0.197853
7.95761
0.190037
0.152547
-1.61341
0.699364
1.44958
-0.783165
-0.531099
1.99582
-1.09296
-1.07633
1.43653
-0.129833
10.518
-7.33318
-0.464542
-0.839613
-0.958437
0.727482
-0.272209
0.707882
-0.576667
5.19014
0.697434
-0.311159
-0.216423
-0.205858
-1.70977
1.36037
-0.264407
-2.7558
1.23549
-1.69135
-4.93128
0.374307
0.103263
-2.05631
0.791821
11.9987
0.387373
0.962378
0.260297
-0.74495
0.326562
-1.06927
1.53247
2.31268
0.528074
-0.400552
-1.67031
-0.363391
-1.7999
0.533872
0.441074
0.83739
0.399652
0.933723
-0.0601737
-0.0734994
-7.67913
-0.628571
0.666179
0.435397
-1.4184
0.122219
4.08022
0.241188
0.218149
-1.24042
0.866738
1.53553
21.9754
0.287872
0.936784
1.27268
-0.765108
-0.956727
-1.82533
-20.463
-0.235479
-0.259198
3.89989
-0.356885
-1.71485
0.13467
-0.0395751
-0.417914
-0.855678
0.40838
-2.54916
-0.282507
0.444473
1.3308
28.0884
-1.96877
1.09417
-1.07601
-0.254863
0.468337
-0.204522
-5.61253
-0.528309
0.107584
0.399511
-0.934545
-7.13456
-2.03454
-0.526952
0.406788
2.14007
-0.869178
0.608821
-0.402447
-0.732387
-0.0753772
59.9837
102.931
7.87863
0.760015
-0.535714
0.971946
-9.06686
0.376618
-1.9443
0.351917
0.93628
-4.18408
6.82299
1.9481
0.402678
0.0629585
-1.27227
0.380969
-1.02366
0.600847
0.401769
-2.45996
1.15201
2.56515
2.75993
-1.60827
3.2978
-0.158805
0.615804
4.67271
-7.88001
-0.131116
-2.78347
-0.32933
-1.18344
0.192155
1.063
2.52445
2.5442
-0.82317
1.31011
0.198657
0.162625
-0.770934
-1.44676
0.386418
0.144425
0.191862
-1.14686
0.96161
-1.57819
-0.256102
-0.401454
2.37834
3.17285
0.281358
-0.170432
1.20776
1.47918
0.537978
-12.5288
12.5139
137.738
0.568219
-3.3618
-3.88385
3.58502
-6.02501
-0.331699
-5.96747
0.247641
-1.29588
1.01373
1.18407
3.74765
0.033751
-0.893909
-1.20144
2.23585
-3.01155
1.97884
-0.175663
0.984332
0.127646
-5.81476
-0.945995
-7.30421
1.58533
-2.06444
-0.0627373
1.15635
-1.50424
7.79913
34.3165
0.597957
-0.448912
-61.7097
-1.52815
-0.288214
-0.0844477
0.236392
1.14659
0.915602
0.853683
-1.26841
0.0478151
0.654006
15.2452
4.09838
7.18785
-0.206384
-3.24403
2.93957
0.0784774
-1.00534
1.32309
0.15415
24.2792
-0.791411
-0.252375
0.0386109
-26.94
2.44718
3.27414
-0.935625
-1.42231
-0.463179
-5.30394
0.598212
19.645
-6.09783
-0.792917
2.59778
-0.750257
0.512782
-0.194588
11.5185
-0.103131
-0.387281
-0.101907
-0.530024
0.826023
-0.56172
-0.982125
0.372173
29.8359
1.95311
0.224826
0.346476
0.782771
0.216711
34.2171
1.7839
-3.40013
1.07199
2.70285
0.423006
-0.968784
-33.0719
-0.327508
0.715969
-1.67408
-0.770028
1.25918
-1.06692
0.97424
-0.0881214
0.730634
1.85315
1.27931
-0.268483
1.38123
1.68713
21.1833
15.9632
-0.436822
-0.531755
0.217592
0.438516
-2.62175
1.32913
-0.239531
0.0320983
0.353076
-1.09133
0.773945
-10.64
-2.59621
1.01003
-0.0281607
-0.208697
-0.0838889
-0.651477
-1.83478
1.95876
-0.508839
-1.9431
-0.362434
0.898481
0.0152552
0.156822
-0.366264
-0.46711
0.840071
-4.83157
-0.668519
-33.4722
1.12503
-0.361481
-0.750287
2.48036
-0.33126
0.141713
0.447285
-0.210573
0.230753
4.91504
-0.124734
0.960661
2.24811
-0.530439
-0.364765
-2.39804
-0.0453165
0.286816
0.115987
0.0109059
1.66075
-1.30104
-1.57409
0.672409
-0.311992
-0.436877
-0.0822361
-3.02068
-0.0506467
-1.29419
0.902766
3.45363
0.17121
0.0243078
15.8138
1.16646
6.70478
0.448234
-0.20454
-0.287125
8.20907
-0.790485
0.7606
-0.651559
-0.0050547
0.306476
-6.80088
0.234258
-0.108274
1.06998
-0.925476
-63.8812
-0.266909
-1.48401
0.267815
-0.589357
0.198679
-0.380608
0.807283
1.86541
-1.14086
4.43492
0.0699153
0.834533
-0.674297
0.11813
-0.896043
-0.387526
-0.493654
-0.838948
-0.0586752
-0.914318
0.511614
0.852642
0.34029
-1.78834
-3.75964
-3.36105
-2.63343
-1.07081
-4.59392
-0.277873
0.0257811
-1.80204
0.0721275
-4.88444
0.556488
-0.238972
-0.21239
-2.90819
0.258273
-1.10936
25.7506
-9.0395
-0.772778
-0.913658
-0.573491
1.06838
0.659772
-0.696864
-1.4802
-0.527981
4.54316
-1.92343
1.16389
0.779347
3.94041
-0.92174
-5.64705
-1.51395
-0.0318133
-0.613801
-0.277199
-9.5711
137.419
-0.503616
-11.3429
7.37066
-1.41129
-0.365064
0.468236
0.864322
1.56422
-0.912317
-0.900522
2.22211
0.913657
0.756682
1.55117
0.417858
-0.79123
-1.32799
1.27558
0.178647
5.55737
-1.39096
-0.00985873
50.3398
0.737744
0.955165
12.8867
-7.63991
0.506259
0.963
-0.949124
1.2577
-12.752
0.866724
-0.557031
-11.1389
32.0369
3.11171
-0.42523
-0.472818
0.310802
-1.80402
0.325205
-0.582622
1.35754
1.64203
-3.75429
1.19629
-0.563292
-0.112069
-0.49356
-0.194251
4.44863
1.56034
0.18477
-0.768766
-1.0729
-1.76908
-0.56557
1.31915
-1.18508
0.603228
2.30211
2.79448
-1.76533
-0.209678
-0.485822
-3.04297
-0.493618
0.370692
-0.168713
0.182725
0.217638
-3.11639
-0.657715
-6.6974
-2.58062
1.76207
0.937764
-5.13562
-0.0879033
-0.930378
14.5238
-0.344236
-0.641189
0.308531
-3.72651
1.00674
-0.512835
-4.00999
0.888288
-0.0147795
0.924847
0.37845
0.660911
-0.547463
-0.157274
-1.98134
5.40931
-0.273143
0.558905
-0.0823648
-1.25268
-1.66317
38.0666
1.3896
0.566556
-0.890879
-4.29398
-0.72931
-0.486368
0.145706
-0.824531
1.6859
256.196
-1.21712
-0.677933
-1.5449
0.5386
9.9555
-0.829568
-5.01394
-2.89385
0.165838
21.2036
-0.0336209
-0.349276
-0.0456519
-2.56393
-1.73507
0.208069
0.00678912
1.47397
-9.41551
-0.152679
-1.64729
2.60544
-0.247928
0.213471
-30.722
-0.740075
-0.326763
-0.441422
-0.427123
-1.47937
0.1698
-0.47644
0.485866
0.0697264
0.645157
-2.6212
0.456313
-0.193773
-0.551957
-57.8536
0.196135
-13.6907
-0.917116
-15.9812
4.26235
1.26867
-1.847
1.65231
1.71893
0.607022
-1.67611
0.624097
-0.12963
-3.37266
1.88155
-0.164427
-0.40055
0.981199
-0.519328
0.133774
-0.637436
2.71993
6.60104
0.165268
-0.427395
0.32384
2.86899
-0.293065
-3.61415
0.933317
-1.97092
0.177777
0.011441
3.19244
0.156821
2.56155
-0.205016
2.68528
-2.24071
-2.135
-0.798015
-0.657063
-1.43936
10.2353
-0.205753
-2.49081
-0.255108
0.309631
-4.04596
-1.40126
-0.0644926
-0.847991
-3.27331
-3.27802
1.33365
2.94193
-35.2941
0.827998
0.47517
-16.8503
1.55696
0.0342164
-0.959033
-1.76654
1.3462
-3.3333
3.37484
-0.7055
2.42161
16.0654
-11.7241
1.3334
-0.00938475
0.313012
-0.305589
-1.62125
9.14974
-1.69818
-0.035514
-2.53563
-1.95879
-1.33455
12.4594
-0.246647
0.190518
0.5836
106.747
-1.73752
0.854156
-0.0695787
0.528368
0.531273
0.515052
0.999739
0.331319
0.787463
1.19022
0.787533
-2.28693
-0.30321
1.04101
-0.852902
-1.30307
4.67442
0.676694
-1.50089
-1.54888
-0.380089
0.904509
-0.508576
-1.36045
1.0013
-5.94242
-1.13097
4.57735
-17.7707
-0.403071
0.0252451
-1.3983
0.418274
-3.1798
-0.412186
0.299531
-4.32567
0.505687
28.5471
4.04467
0.108363
-0.54309
-2.69791
-0.363933
-0.134634
-0.60704
-427.726
1.22848
-5.30092
-2.60141
0.909343
1.19848
0.0696907
-0.944111
7.92495
0.108922
-3.26291
0.781726
1.10132
-0.305048
4.62244
0.560094
12.2148
-1.80233
-5.67934
0.576296
24.1155
-1.0767
-0.46471
4.116
0.396324
0.0503075
-7.32171
-0.223739
-0.0317972
-0.451755
3.05126
0.171955
0.629028
-0.857005
-4.15027
1.03759
-1.29398
0.208899
0.0210301
-1.32213
-0.446476
11.231
-0.741458
-2.12595
0.886429
-5.21668
2.61552
3.20348
0.496571
1.95355
7.54306
0.337628
-3.82513
-0.299413
-0.564652
0.406359
5.50508
2.91854
-1.50059
11.7466
0.25537
1.53336
2.27031
-0.873744
-2.00212
-1.9914
-1.55676
3.85521
0.419903
1.19401
6.26054
-2.71211
2.30485
1.81564
0.640863
-0.682924
-0.532312
0.322819
8.69659
-2.33328
0.0921662
-0.127244
0.875013
-3.39455
0.150729
0.949876
0.0737057
0.519714
-0.0391365
0.223736
1.29169
1.95495
0.0601999
-1.88177
-2.27193
-0.401078
1.06248
11.7865
1.07699
-7.89903
48.1544
-28.8935
0.384674
4.31539
-78.168
-1.78765
5.8075
3.57833
4.6554
4.89969
-1.95408
0.824536
2.63959
1.17917
1.31831
0.966535
0.0570245
-0.581352
16.1668
7.74873
-1.63881
0.641463
-0.568042
2.05559
1.38533
0.29945
1.01842
-0.0500477
-1.90322
-0.625855
-5.21794
-0.47187
16.4607
-0.789311
1.48933
1.42362
1.38251
2.57262
0.577576
-0.49081
0.707325
-0.356937
-1.5316
-8.95795
1.15901
4.26756
-0.50278
0.151896
3.28491
-1.79074
-6.3884
0.00189984
2.67992
-2.51181
0.628902
-0.324554
0.338698
19.0042
-0.062856
-0.0659359
-36.6495
-0.440898
-5.08379
3.68437
-0.0495855
1.07682
-1.99916
-0.456436
-1.40167
1.16679
1.92368
1.42533
-8.24448
-2.11127
-2.82229
2.40975
6.90184
-1.0364
6.7683
-3.74867
7.19686
-0.0557044
2.41578
-0.892164
0.287032
-3.65407
-3.80829
0.361886
1.48142
-4.24261
-132.392
-0.94911
0.42193
-0.747477
0.193901
-0.41491
-0.764823
15.7207
0.333168
-1.20452
-0.768744
-1.31131
12.1303
-0.16115
-5.11454
-0.433723
-0.57843
1.79473
-0.2259
0.584788
-3.17891
-2.30237
-0.971028
240.232
0.854166
786.065
0.720497
-0.818507
-8.20199
0.0901255
-0.415982
0.0587728
-10.143
-4.38665
1.0395
-8.30912
0.99652
-5.56816
-0.697025
-2.43157
0.583367
-1.24397
-0.46738
0.879279
2.66892
-0.41903
-0.0586231
1.31945
-1.18178
13.1272
1.28675
1.68856
0.52434
-0.237745
-2.98263
0.315429
-30.8512
6.72081
0.527884
-0.129019
-0.943475
1.28527
0.0922041
1.14376
-1.28689
3.79577
-2.0203
-0.0653625
0.00140522
-5.9946
-0.0860283
-0.518038
-0.980344
-0.886739
-2.65767
45.6309
1.43818
-0.276044
1.71136
95.0401
-1.18697
0.246144
-48.4845
-1.22297
0.183502
0.22263
0.175653
28.4991
1.54002
3.56768
-0.189044
1.57206
-1.05798
0.98883
-0.485004
0.0716268
-0.342115
-1.39375
-0.243339
-8.35068
2.92055
-4.9692
2.93567
1.27487
-2.64509
0.635143
-0.187459
-1.51535
0.38397
3.40692
0.57303
4.9585
-1.18798
0.937794
-0.161732
0.0416837
-0.756853
-0.417498
-1.72933
-1.63528
-0.599297
-1.95322
-0.505463
-2.30698
2.28745
-0.34344
0.945764
10.1037
-0.223431
-0.209916
-160.089
-1.76178
13.7475
-0.0519216
-0.635613
2.02591
-0.044224
0.818505
-1.19584
0.298078
0.228963
-1.34409
-0.887043
0.309663
-1.2333
-0.293044
-0.143919
-0.53348
0.18199
-1.35369
-0.306214
-16.4705
1.98025
0.751293
-0.256215
-0.192808
1.27287
-0.0875421
-22.4772
2.27065
-1.50728
0.0876738
0.664017
-0.76078
1.03441
-0.569206
0.867939
-3.21376
1.8166
1.53692
-0.483908
2.39528
0.768905
0.430911
0.188523
2.32415
0.368956
0.415018
2.2996
-2.36657
1.29433
0.50799
-0.219228
0.546773
-0.14817
-19.2321
5.07571
0.380844
-298.846
1.07457
0.622221
0.362244
0.17068
-0.154862
-1.49149
2.02853
-0.547059
0.865766
-0.176126
-0.412364
-1.7892
-5.17713
3.59858
-0.844962
0.12285
0.889837
0.402341
-7.22048
0.018971
-0.278274
0.146534
0.319458
0.501915
1.06121
-2.17538
-1.62306
0.588884
0.865632
0.801373
1.37856
0.334372
-0.244692
-0.00972242
-25.0162
-1.42745
-1.21269
0.532182
2.07135
-0.816083
-8.68498
0.00823085
-1.00434
2.05326
0.0890767
-0.531616
0.725975
1.73937
1.5434
0.207289
-2.36829
-0.834519
-0.0682727
-0.466637
-5.55355
2.59375
1.07737
-1.63766
0.380255
-1.45629
0.225502
-0.533312
-1.41958
-4.90978
0.00923135
-2.14618
0.642646
-0.87028
-1.29559
1.53017
0.0399235
-0.669643
56.7281
0.153744
0.190667
-0.941896
-0.086196
-0.931828
-1.85072
0.251838
-4.83726
8.5998
2.14649
2.768
2.99749
10.8011
-1.00474
0.255157
0.335439
-0.111003
-0.621953
-2.45459
-3.83891
-0.324508
1.27076
-1.29856
0.416159
0.952706
-3.42863
2.05994
2.37884
-0.517335
1.07672
1.58541
-1.65103
-1.26426
0.306327
-3.65645
-4.43313
-0.845794
0.937919
0.198369
-0.401739
0.340637
0.0720907
0.687099
0.0446639
-4.81759
-0.587895
0.767987
-1.23752
-0.383894
-0.0131202
0.333398
0.0176416
-2.22575
0.558874
-1.32619
-0.138035
0.241183
0.359253
0.487384
1.49016
-0.0446684
6.97261
-2.00881
-0.356998
1.93792
-0.839026
4.33971
0.185333
-5.53096
-0.201342
-1.68098
0.0605058
0.42757
0.0346785
-0.986947
1.41029
2.67481
-0.297087
-0.266906
0.525432
-2.11434
-4.31943
0.839335
-0.81925
-1.27693
0.289534
0.111387
-254.976
0.560918
-0.693022
-7.01239
-0.0571746
-0.830113
-0.463072
-2.72712
1.4711
-0.00937265
-2.08487
-0.503269
0.5017
-0.337056
-138.199
-0.766339
3.76647
5.68759
0.306896
1.54227
1.2919
-1.96804
-5.70614
-0.201138
0.591757
0.0370102
0.249521
4.0378
-0.32185
-5.1944
1.50929
-0.0812866
0.0677206
0.312968
62.6821
-2.68774
-0.704436
-8.37124
2.31982
1.1163
1.81797
0.257338
1.77119
60.7059
-1.13977
-1.5781
-2.37328
-0.421444
-0.753634
-0.663021
-6.57853
-0.731358
0.454121
0.761981
0.964001
10.4025
-1.23881
0.20897
-1.30735
-0.939849
0.853095
-1.44738
4.14319
2.76207
-0.270035
-1.0144
2.0757
-11.3179
5.3281
3.0484
1.0477
-0.648255
8.82483
-2.25536
-0.568228
0.152295
1.62554
3.0229
0.0352538
1.47705
1.51504
1.10311
-0.541213
-1.40979
-0.0841635
-0.856804
0.663615
3.59584
-0.278646
-7.69167
0.385348
-2.12377
-4.81357
0.500666
0.314865
0.936869
-0.421405
0.165015
0.871246
0.261728
-1.79673
-0.773908
0.185381
1.55127
6.35623
-4.13968
-2.35817
0.199738
-1.43923
0.987941
-1.92495
1.67392
-0.0456103
-0.0359715
0.819075
0.562559
-0.079307
-1.50583
3.16938
0.380877
3.05044
3.56798
0.349913
-4.05197
1.12241
-1.24188
-1.97054
-1.40469
-0.580053
13.4014
1.19036
6.32001
-0.228674
0.0176071
-0.47244
-4.30298
-0.043151
0.242048
0.323862
0.236745
-2.5038
0.161322
16.6694
-0.120639
-4.23256
0.118702
0.687379
-0.211104
-0.203103
-6.7915
0.177113
-0.328019
-3.17715
-1.18712
0.295981
-0.253929
-4.56521
-26.1052
-1.65097
0.773471
-0.502796
-0.665143
0.287624
-33.2497
1.83272
-1.92445
-1.09202
12.7042
0.784339
-0.476094
-0.672202
0.290858
0.493935
-1.37462
0.405226
18.3413
-0.490996
0.445997
0.289728
-0.656067
-2.11005
-1.52918
0.805339
0.854513
-0.267144
-0.123014
0.844068
-0.27155
4.62438
0.393824
-1.28365
-2.3354
-0.998485
-0.960816
-1.40701
0.930522
-0.776165
-4.64699
-6.84821
0.515407
0.547562
-0.140381
0.23273
-30.1292
0.541423
2.96996
-1.45328
-0.249239
0.870466
1.36582
-7.76513
-1.85066
-1.31574
-0.513663
4.62122
-3.34451
0.00857882
0.907127
0.0453639
-0.422559
8.44152
0.0403192
-1.18676
-0.824499
2.31391
1.20648
0.529384
-1.96849
3.81212
0.29198
-0.442344
0.799312
-1.52006
0.579093
0.850044
-12.634
-1.95145
2.08457
-7.72508
-0.263275
0.196224
-1.89562
-1.99797
5.19113
-0.00294556
-0.403475
-0.872246
0.0584621
-0.442813
0.0697881
0.25101
7.87759
-4.65968
0.738489
0.796254
-0.251946
-0.200306
-12.7495
5.34543
4.25642
0.614225
-2.57749
-1.86347
-1.03204
1.71821
1.03082
-1.10126
-0.074854
-0.107909
-4.54876
-0.208297
0.165484
0.0652378
-59.7341
6.99516
0.45474
0.933269
-0.259481
1.91977
3.03395
1.27199
-0.115738
-1.79145
2.47127
1.4401
0.0462306
-33.8719
-0.703449
-0.716631
3.36367
-0.141607
487.708
-0.142473
-2.10247
1.62944
0.658171
-1.19453
-1.39776
-4.6189
1.2508
10.4714
-3.1639
-0.552957
0.184027
0.570577
-0.227291
0.805564
0.29739
0.687307
-0.771152
0.641879
0.962614
-0.728014
-2.8792
0.711565
-0.337325
-0.54213
-0.600786
19.6176
-1.69956
1.57566
0.446795
0.314751
-2.69777
0.426899
-0.465852
-0.505553
-0.431121
-0.604689
0.324203
-3.23605
1.19062
-5.92537
1.54052
0.096517
-2.46597
24.7118
2.34447
1.84398
-0.464649
-1.99673
-1.80463
-2.01096
-0.360273
-6.57101
-1.46347
0.243959
0.651712
4.88595
-0.194185
-0.202239
-0.191045
0.474108
-2.25413
-0.554811
0.38027
-0.394893
-0.581684
-6.91161
0.379649
0.754144
-6.68275
4.59364
0.8171
-0.115615
0.599706
1.31906
0.611533
7.38213
1.89061
-4.46742
0.487005
0.747563
0.514371
2.52851
4.49812
8.08271
-0.238727
-0.401176
-8.60505
2.67295
-1.13513
2.52589
-0.604236
-0.587539
-0.173611
3.41675
-0.641411
1.30702
-0.463675
0.791473
-1.59987
-0.0793463
1.33912
5.41134
-5.64687
-0.691565
0.0833072
1.96288
-1.05305
1.67474
0.798187
-4.0986
-128.086
0.621548
1.29295
0.0736058
-42.4307
1.09051
-0.758733
1.20563
3.6175
0.777707
0.0375911
-1.2058
1.74141
5.77503
-1.50843
2.34906
-0.871786
-4.39441
-0.284257
0.239361
1.15333
0.187898
-4.64354
4.04939
100.771
0.272635
-2.81474
2.94391
1.68605
-0.704511
1.33814
0.375426
-0.0411144
-0.809881
0.0236932
1.40493
-0.0714886
-1.08947
-17.3396
-1.59507
1.38958
1.10882
3.7576
1.87038
-0.409078
0.899739
0.0581514
-0.411107
-0.318572
0.0613658
-1.26523
-12.6186
0.271105
-13.5063
-0.374733
3.20537
41.6661
1.38376
-1.02349
0.611715
-0.517772
0.224092
5.94185
-0.89877
0.0902654
0.585172
-0.265003
0.61027
0.78583
-8.07515
0.992249
-0.316077
4.10638
-1.13128
-1.62037
0.815767
-3.03589
6.8913
0.456415
-64.7011
4.54088
3.71879
0.384766
0.438255
-0.381976
-5.67818
-0.676041
-1.27199
-0.223638
-5.01218
4.24508
-0.678086
-0.404636
-1.24972
-2.5561
-1.81292
0.622888
0.148603
0.913597
-4.43903
1.77116
-0.158122
-2.79602
1.43214
-0.697264
-0.67774
2.09178
-1.31644
1.46368
-1.17857
-1.82717
-0.446582
-7.22595
-1.93874
-1.45843
0.679166
-0.154443
0.867241
-2.5387
0.0597765
2.89434
-3.01375
4.40545
-1.14857
0.216523
65.1475
-0.3577
0.675426
-0.75627
0.597107
-0.219939
-2.21752
0.57122
1.16146
1.23342
-1.7306
0.504798
-2.1914
-2.5461
1.18785
-1.52014
4.42235
3.59401
0.285672
0.788034
0.766381
-6.34531
2.9265
-3.48005
0.757074
0.793606
-4.99425
-0.760192
0.186919
-51.3406
1.31786
0.473682
-0.0607135
-2.5085
6.63055
0.656132
3.58914
2.91334
0.0743316
-0.364807
-0.261079
-0.332536
-2.46877
-1.57325
-0.664646
5.42177
1.95205
57.9767
16.3716
1.48322
0.212023
-0.897284
-8.75958
0.889271
0.553369
-0.405429
0.053226
0.230118
-2.30217
2.42485
-1.86018
-0.353286
-1.52594
0.562117
-0.77836
0.171761
-1.4716
-0.0180978
0.437837
-1.82514
-0.534972
-0.368513
-5.93874
-0.298886
-0.6569
1.30714
-1.27927
7.84604
0.773979
-11.1232
0.707052
2.50858
-3.45698
-0.0415834
0.769608
-0.581481
0.408662
22.9284
3.10537
5.45655
0.354028
-0.431404
-0.80127
-0.285095
0.38555
0.954782
-0.582134
-3.53937
-1.07895
335.72
-0.0236323
-1.97724
0.008254
3.04611
0.0382925
-1.0301
12.0921
-0.930417
7.209
-3.02771
-3.77779
0.414383
-2.15107
4.22634
-0.398458
2.30143
1.10288
1.64997
7.41766
0.266737
3.91897
-0.0485424
0.172713
1.36094
0.0206933
-0.45411
2.08565
0.0291787
-1.70479
0.458573
0.0633153
-0.0139744
-1.72983
-0.988147
-1.79677
-0.526296
-57.1855
0.043062
-0.130757
-0.554948
-0.833439
7.50475
1.30822
0.058301
4.6368
-1.62975
5.93596
-0.608066
-1.9395
-0.182152
-0.75525
-4.28271
1.05006
1.23364
6.2488
3.66962
0.640598
0.179984
0.716374
-1.82266
-0.102182
-3.23138
-1.8762
0.0948463
-0.522304
2.45036
1.76579
5.55734
0.92749
0.530426
0.688228
-2.08462
0.433736
-1.7055
-0.609163
-1.86059
0.115704
16.8642
4.41828
-0.0798771
-0.103532
-0.398794
9.82816
0.328423
-1.48276
-0.822918
1.57326
1.8592
-222.021
4.74809
5.93817
-0.348544
-0.333717
0.0554153
-0.27491
0.739074
-2.53335
-0.731018
0.0261519
0.881623
-2.37913
-2.49582
0.0569163
4.28279
1.25831
3.50846
-3.68587
-6.0227
1.63428
-1.21821
0.00321655
0.167013
-0.932214
-14.397
2.17911
0.174036
-1.78157
-0.363431
1.26234
0.637208
1.0361
-0.465054
-4.11056
-18.1348
-0.0784639
3.24115
-1.35636
1.11369
1.13012
-0.831794
0.00760214
0.345116
0.211207
-2.42027
1.16398
0.815083
-3.35408
-0.436378
1.74711
6.04465
1.01223
-0.253441
0.574957
-8.23897
1.83719
1.02837
-6.58071
0.311643
1.5277
0.383448
0.171965
-0.433115
0.620332
-0.158246
-0.503644
-1.13544
3.93378
-4.09784
1.4668
0.111556
-12.7627
-1.57964
2.16582
-0.252743
-9.71735
-1144.29
0.121929
-0.115126
1.6509
3.95846
0.88463
-58.1885
4.63126
0.168854
-1.5408
-0.508601
-1.78063
-0.985173
0.466481
-0.110105
2.12377
1.55559
0.133036
1.40463
8.41849
0.259056
-0.383282
0.660609
0.547901
0.611382
-3.65317
1.15874
-1.50262
-0.470452
0.114731
-1.16029
0.208458
2.66231
0.415428
-3.03163
8.28902
0.264004
3.90877
0.818352
-1.05663
-0.199422
-0.889299
0.511152
0.277788
0.096535
-0.552234
-1.41799
0.166362
1.04134
-0.119355
-2.3731
-2.74585
0.969282
-0.268947
-3.70455
1.06092
-3.5741
1.15495
-7.09582
-0.5949
-0.18528
0.0119121
-0.441221
3.61678
75.319
-1.89999
-0.698182
-6.4572
1.89766
0.0921178
-2.82215
1.06066
-116.214
-1.68025
3.62996
0.211162
1.30812
-2.51742
-2.45871
2.7896
-0.531248
-1.56074
-0.297754
-0.322212
-0.594137
1.47443
-0.382385
0.420489
-1.0495
0.407773
0.515158
-34.7115
1.22327
-0.776182
-1.05448
0.143758
0.435595
-2.01125
1.17335
-0.222126
3.97548
-0.101229
-0.633719
-1.11609
4.66864
-1.47392
-4.76241
5.81738
0.903496
1.11555
0.732873
0.664681
-0.163958
0.207942
3.10321
0.142637
-0.608478
2.27733
-1.28587
1.72695
-6.73251
-0.463438
1.69478
-0.283058
8.22335
0.660245
-3.77072
1.10072
0.318062
0.114874
-2.45984
2.2104
-0.823636
1.5066
-0.74119
-0.686703
-0.258044
-0.83062
4.85912
-0.115312
-0.548389
-0.214852
0.858818
-0.682568
-4.65131
-1.92407
-2.98547
0.213731
0.576928
1.92675
2.44396
0.849445
-0.0807204
-2.05356
-0.285169
0.534938
-0.233295
3.00181
-0.588125
0.454651
11.4559
0.83216
0.00381853
8.88178
-0.669088
-0.0678136
-0.407005
-0.956215
-3.85954
-3.51927
2.85254
-0.335141
-1.28252
0.336783
-0.131688
-0.561313
-0.808494
-7.06977
-1.04482
-3.04028
-2.28044
-0.520976
0.411591
-2.2692
5.78534
-0.750887
-0.487632
-0.982829
-5.0279
0.0769038
-0.116597
-3.346
0.716056
-1.11255
0.485321
0.788039
-12.5091
-0.199945
0.266654
0.174299
-0.045685
-0.144108
-0.836317
-1.35815
4.51283
1.70183
-0.208001
