-2.12924
18.8971
22.2356
-1.59172
-1.79763
-7.91578
28.933
17.4601
11.6708
1.50691
34.2176
4.23657
-18.7692
43.0115
81.6365
3.75949
-12.7897
-90.176
-11.624
1.14882
-86.8814
24.357
9.1134
-25.3159
-0.394099
7.79972
79.2027
15.2014
-16.7668
1.2627
10.914
-8.05378
7.53335
69.2397
15.8757
-9.86438
6.45869
11.2675
-58.5205
3.52805
22.2742
7.1252
-6.31561
84.0586
-20.6665
2853.18
-60.0808
2.49681
-9.24513
-1089.62
5.29532
14.204
10.022
-22.7825
3.29207
-2.85887
5.08828
29.6363
-13.9628
2.95621
-36.2872
22.22
9.87694
19.463
62.4847
-2.53226
-149.784
6.15603
-10.5987
16.1479
529.498
-6.65158
19.148
-0.0946401
-1.29963
-3.12589
5.69554
5.65147
-13.2781
-136.375
-10.1948
-22.0057
6.55149
19.11
2.33454
-3.93187
22.8076
-0.192833
-3.30658
4.59383
-13.1513
-5.20354
9.60338
-77.1555
-3.70204
-71.3978
3.3807
0.741412
-2.13488
40.902
3.28132
15.8545
8.22645
-27.6413
-1.44356
11.3288
-14.6947
-27.2624
24.4306
2.6086
9.32084
-3.43694
-2.74987
8.01137
16.1992
12.9235
-29.5473
3.09611
-29.8559
-63.1891
2.9571
17.2768
-8.26501
-20.9394
17.3524
17.5478
-30.26
-88.2214
6.43628
8.21038
-4.71512
-1.40499
5.07829
-11.9595
8.02111
17.3357
39.8026
-52.6022
7.701
-0.541859
-3.65077
26.5182
3.0761
11.6867
-55.8731
7.78166
19.5741
1.1627
-548.256
7.93214
-11.6605
-11.9442
6.7013
1.7875
-24.4517
-6.9159
200.801
19.02
-6.50679
74.8182
178.441
56.3882
-5.68976
11.3643
3.75594
3.96644
-5.75019
4.29224
6.1396
-11.3023
4.53812
-14.3018
-64.9125
2.40619
-11.4978
-2.82209
7.65319
7.11756
-2.2182
1.28856
4.72879
16.2843
-7.66599
1.87744
-45.2334
-7.89794
1.63825
19.4888
-113.128
5.68471
1.78678
9.23123
17.1638
-5.10808
-19.0939
-33.4898
10.9011
13.8956
40.2533
117.012
50.477
13.2096
7.24733
-7.97863
4.21679
-54.1939
6.0864
5.44975
11.8336
15.082
1.77615
-3.56998
-10.194
-4.4963
-743.037
7.41386
6.1298
-3.78272
-14.9349
44.5113
54.3221
-73.2447
9.99792
-25.629
-47.8459
-3.21094
64.7071
7.15228
-3.83105
180.582
52.4013
10.4674
-4.55477
3.46335
-0.325164
50.3952
-21.3067
34.1982
-8.52022
-214.282
27.7684
10.2025
-32.238
1.68141
36.9774
24.6321
-1.81664
16.4043
185.225
-13.7579
18.6698
10.5044
-9.99396
26.7899
-1.35439
-24.9044
2.4084
631.792
-21.1794
-5.44967
7.46747
6.12093
46.5352
-43.4946
-36.4314
4.09571
3.28132
4.5215
-2.1025
7.32726
-3.14787
-15.781
-41.1684
8.31399
-28.5932
1.72257
5.15615
5.36915
8.42563
3.00395
105.309
12.858
-8.95171
18.5844
2.33183
0.631151
5.78497
-108.845
47.9606
-11.0154
20.9662
0.57272
-49.3004
36.9864
1.42236
-6.42534
8.41641
-63.0161
7.89645
1.64375
-11.3818
-54.495
5.28638
0.137697
-6.16857
0.735568
-6.3586
26.6872
7.72939
15.3759
-48.8194
8.96443
1.45443
20.0854
40.8571
-70.0447
5.23445
-3.18877
5.50603
17.573
-3.62395
3.21273
13.1895
4.98245
4.3553
-25.6336
-14.0882
20.78
-72.1538
-15.3185
164.001
-510.842
-16.1812
-6.59722
3.41884
-17.554
31.4931
8.51641
-9166.26
2.848
22.5207
57.1406
12.7855
0.110503
32.1666
15.8107
18.8145
-17.4212
28.3191
12.323
-2.77265
11.3607
83.0219
48.3324
-59.2244
48.3973
13.7602
8.81568
0.837115
4.90901
-4.18318
-3.13297
-11.4721
-26.0266
-10.6243
17.8654
7.84065
18.68
-0.835257
12.9734
66.6786
-23.2712
-486.942
-2.68529
-30.4151
7.66131
4134.3
4.99281
26.702
88.5195
-16.9724
-3.00028
-0.180552
9.89322
3.11132
10.2412
14.0808
-20.4426
29.0083
-12.9112
-5.33792
5.82588
11.5753
7.0925
-105.885
4.77404
6.581
-12.347
-13.4705
-6.64115
8.25641
-4.65906
-3.52144
12.506
86.11
12.3496
14.0126
6.01041
6.33162
81.4002
14.1271
11.5357
5.62704
19.9266
28.0038
-8.69473
-6.82279
-29.2764
0.651696
10.2431
55.5103
5.28889
26.0123
-126.692
11.4044
18.191
0.750371
-27.8265
7.4741
-5.18229
2.44262
167.225
6.48234
-55.6293
-74.2178
-4.20501
8.68642
184.273
12.772
-13.4782
19.7561
-8.23464
11.149
5.79004
-1.66976
-2.87747
5.15351
52.4039
-50.4794
-3.11292
568.305
10.383
19.5876
14.42
-1.93176
18.7253
1.87446
-12.048
-10.6773
-10.667
-38.275
-12.9858
-7.45603
9.51524
6.72684
2.56872
14.9851
18.8189
-2.38094
0.706776
-4.93165
-17.5704
2.33481
56.9851
-4.67578
-0.290493
2.95214
-11.7783
-3.2093
9.46605
8.88555
0.650507
-22.9541
-7.01233
39.6082
13.3816
-14.4798
-182.876
-5.67594
-11.2159
-7.02553
4.55017
10.4058
551.239
-8.15529
14.7294
591.364
15.0229
8.8344
-35.2774
16.866
-1.38195
15.9624
-12.5471
8.54974
-21.7081
-4.72879
10.2945
-38.8218
7.33112
5.43054
-4.51765
5.5039
-9.32795
9.34238
-110.295
-5.27955
-84.4994
12.5766
-1.82506
12.7327
30.4093
-1.45962
-4.73838
4.33877
65.7737
18.7355
-69.9753
2.59335
1.51289
39.405
13.1145
20.3981
-2.82766
7.39848
15.2097
8.76932
11.3113
9.76121
54.8029
20.7515
1904.62
-91.435
38.0893
-1.48508
-5.21889
8.66227
16.0944
4.63665
4.36039
9.7119
-8.41622
7.32092
-21.2271
5.15944
264.164
-81.3941
5.36086
-19.8039
0.24962
10.6385
2.71382
-13.2951
704.662
13.4828
-3.95169
31.9229
-404.15
-34.1639
-2.76297
7.26265
40.439
-14.5148
9.33226
5.03524
39.957
4.04113
837.366
-3.84734
21.0574
-0.990694
49.9612
-2.2546
146.182
0.790025
5.35702
308.26
-4.06475
-39.1269
-34.7273
34.1339
18.2506
6.47698
-354.103
12.8864
4.78472
-51.3127
27.3108
-64.8878
-27.1513
-15.4213
-8.20644
1.78295
1.83932
0.0384361
9.51929
-6.59074
2.09944
19.3824
6.17269
5.56664
1.51838
3.37118
-3.90535
18.7474
4.86957
14.2485
3.42364
-2.56409
0.237461
26.7022
41.5565
585.228
-19.2196
39.0178
1.92343
5.18009
-3.34066
-15.5724
-5.87091
4.48127
54.3028
-0.47099
9.07569
23.9096
-2.69156
5.68783
31.4793
8.71907
8.58049
-57.8888
-5.09535
55.8985
-2.72948
2.9721
-2.34554
0.227882
4.47171
2.20758
0.136696
32.146
-17.9096
12.9409
1.72819
6.87394
-4.79244
5.50095
0.161612
-527.398
-1.95186
-4.46969
-3.06342
-1.2145
-2.69149
-0.488073
3.20994
80.7226
-2.34541
1.26671
111.326
-8.42392
-8.20637
-0.512004
-1.86323
0.712139
1507.45
-453.206
21.4839
3.17131
2.80685
0.780912
-4.47896
-39.79
19.4177
12.3697
28.4313
-10.585
-0.612461
-11.0561
14.8312
2.09526
0.381018
4.03443
-1.04822
2.58458
-9.77109
60.9517
-50.5642
5.91344
10.5262
42.5564
58.3637
26.5919
46.2412
-10.551
-0.0384156
-81.5763
-16.2092
13.0926
9.66968
22.2642
7.84182
-16.9227
40.6881
4.1001
37.0567
-28.5695
-11.4247
112.31
-421.272
1.09275
10.0439
19.0562
88.4342
24.8455
-91.879
-8.70406
6.30307
-2.00703
-3.38202
3.80991
7.04968
39.1932
0.891606
15.7509
1.14927
-4.06114
4.06457
-0.123323
-52.5185
-60.6274
-8.94476
-4.21245
340.75
-29.7104
10.2545
23.8674
-6.53334
8.22748
1.02572
-12.1726
4.43613
1.87896
27.2423
5.59009
5.9013
1.50669
31.8849
7.03892
3.56538
848.312
0.0148642
17.8355
-31.9339
2.15866
5.2487
-0.36218
77.781
14.742
6.53796
16.3848
22.197
257.197
-84.7165
824.96
10.105
13.4073
2.26535
13.5411
-10.4029
-70.8659
-61.0764
-42.1785
10.6363
-3.27768
3.04238
61.0222
-2279.35
281.149
-14.1271
8.55149
8.75371
-15.9918
-2.79679
-18.5289
42.7671
-2.90576
4.63973
2.55344
-4.42691
-8.66051
5.16829
0.128356
22.4754
-10.2909
-13.8869
43.8114
23.5329
1.35811
-146.506
26.2
-3.41406
17.1316
-1.05128
0.236342
-40.2041
-1.83697
9.26954
6.9955
0.420375
-16.8209
-9.91004
1.5976
-278.529
-59.7782
-76.8697
-5.51275
-147.308
17.1246
28.3463
3.98518
8.7366
5.16768
13.5792
130.114
24.1251
-4.26444
11.8777
74.719
6.66137
24.5728
-1.59457
-37.3905
35.7354
-2.53224
-0.986169
25.0155
14.0794
6.26521
0.280862
1.10152
2.51724
-11.8908
94.0873
-1.73119
-11.1145
-16.4105
12.7812
4.65125
23.5521
-40.3636
-6.46988
-11.0995
-401.351
-5.1982
-3.68328
7.97134
0.0169992
21.843
43.9927
-4.3391
7.22027
-1.75817
31.6882
-0.286923
-8.4314
12.7218
2.07761
28.493
-7.69
-16.1053
-16.8475
16.7369
7.27056
7.78137
-2.61425
-392.136
17.8475
10.5693
5.2439
-0.294157
-13.377
17.7318
-16.7962
-286.97
69.944
-14.4001
4.96235
-8.45598
583.003
-121.796
2.8822
-1.35148
35.0314
-847.07
-6.30848
0.909209
1.73697
3.38515
4.41037
-0.713147
-17.7946
4.95637
16.7986
32.1638
45.2324
-17.3936
1.78657
-4.792
3.49943
3.78566
1.14086
56.5535
60.1548
-11.0718
1379.35
-8.30616
-1.31117
5.90106
2.91973
9.2923
-4.06643
32.3176
6.1848
-24.8385
72.3524
-2.39562
-50.9848
-1.77869
-1.81093
-33.4753
-16.3823
-31.7606
-3.9505
-12.3286
-0.902452
13.8039
0.506196
-1.29786
33.3036
-7.49283
-293.883
-1553.32
-3.88983
8.08917
3.59838
-4.91829
-21.2824
27.0632
3.79009
-8.45923
-6.20917
49.7463
-0.378104
-7.27828
-54.9331
11.4775
-3.03174
41.4726
-4.75778
2.09407
8.82085
-4.34522
22.013
2.49226
18.9349
4.73318
-20.1553
-20.9682
52.1848
-33.6706
12.2536
30.2072
24.7294
-0.926332
7.24023
-71.1847
-123.798
13.1692
-5.63468
60.8602
20.1063
-4.46336
9.71951
-121.472
26.6397
-29.907
-57.3998
22.3286
2.37442
