1.05125
1.01696
1.00538
0.954098
0.842845
1.01593
0.932837
0.988507
0.895749
0.870489
0.961813
0.953156
1.02885
0.927192
1.04116
1.08458
0.869189
0.901223
0.932531
1.05591
0.955676
1.08568
0.919986
0.948235
1.00511
0.899411
0.940203
1.13957
0.928119
0.951958
0.94456
0.923572
0.870357
0.909862
1.04813
0.986591
0.930871
0.922333
1.07333
0.99982
1.05545
1.00104
1.09622
1.06372
1.05559
1.03194
1.1532
0.853215
1.03217
1.06058
1.1239
1.10104
0.917645
0.843696
1.02462
1.10327
1.1296
0.943723
1.08194
1.18579
0.873354
1.06491
0.866615
1.04728
1.13642
0.965654
0.98942
1.07067
0.957931
1.00616
1.02289
0.956662
1.05844
1.12439
1.04445
0.954073
1.02722
1.18481
1.01475
1.0197
1.29858
1.04448
0.979416
0.993366
1.00459
1.04297
0.979854
1.20204
0.970681
1.00092
1.006
0.828194
0.915247
1.0748
0.903494
1.05746
1.02053
1.14544
0.932922
1.15232
1.03484
1.00462
0.81228
0.976748
0.991448
1.06078
1.14942
1.01462
1.04858
0.939654
0.988871
1.11637
0.936322
0.971609
1.05399
0.954363
1.07984
0.824933
1.1045
0.949389
1.01481
1.03218
0.937281
1.00079
0.978828
1.06955
0.996104
0.910338
0.918547
1.0358
0.933645
1.02306
1.00616
0.924291
0.959217
0.853917
1.0273
0.864111
0.871611
0.960907
0.842301
0.949219
1.03358
0.916121
1.19822
0.915141
1.05135
0.931559
1.12869
1.10684
1.00847
0.89785
1.02483
1.12193
1.02185
1.04674
0.857952
0.940988
1.02168
1.0462
0.837351
0.924664
0.968402
0.95046
0.862394
0.991226
0.887165
1.04437
0.975576
0.945369
0.931038
0.992924
1.12824
1.1025
1.1701
1.04223
1.11633
0.983366
0.992473
0.876947
0.891468
0.823945
0.941575
1.10021
1.20526
0.978157
1.15514
0.828215
1.06746
0.995417
1.02364
1.02266
0.924294
1.0636
0.893707
1.20043
0.928084
0.927623
1.00323
1.10023
0.883484
1.03571
1.06021
1.05505
1.06745
1.10369
1.01053
1.16351
1.03067
1.14484
0.951276
1.09761
1.06711
0.930574
1.11388
1.1029
1.05709
1.19495
1.1188
0.940622
0.980897
0.978548
1.05026
1.16175
1.12287
0.875621
1.00594
0.92964
1.00778
0.985295
0.984798
0.837452
1.04146
0.949091
1.12195
1.0411
0.991534
1.09759
1.08451
0.92295
1.00375
1.04152
1.06151
1.06402
1.02251
0.954493
0.965763
0.994
0.950585
1.02653
0.986074
1.08997
1.10345
1.05007
1.08732
0.943167
1.12506
1.01885
1.08532
1.01157
0.881333
1.05217
0.958219
1.07994
0.994555
1.09973
0.966918
0.951727
1.14291
0.944492
1.01451
1.01055
0.899339
0.915585
1.04884
1.00425
1.0847
1.01147
1.07057
1.10747
0.952034
0.978741
0.876568
0.977264
0.805359
1.07409
0.861187
1.03252
1.00647
1.08194
1.03755
0.912841
1.02099
0.981029
0.87797
1.05619
0.914913
1.03663
1.05166
0.990288
0.972523
0.94701
0.874425
0.991815
0.900756
0.928227
0.799901
0.892173
1.03825
0.89757
1.03191
0.958184
0.99365
0.983989
0.982252
0.88522
0.934339
1.03366
1.01646
1.13342
1.10533
1.06854
0.971384
0.915184
0.877296
0.857131
1.00731
0.936431
1.07769
0.91944
0.916896
1.04723
0.890221
1.05578
0.949413
0.949274
0.941997
0.880258
1.05531
1.09064
0.861108
1.15283
1.18789
0.925841
0.929183
0.914802
1.13097
0.788845
0.92693
0.986277
1.16146
0.949146
0.987295
0.988207
1.02422
0.827475
1.09937
0.905999
0.867178
0.982823
0.929696
1.06756
0.945998
0.7962
1.07138
0.978874
0.975585
1.01383
1.03887
1.1047
1.04146
0.955205
1.14971
0.904993
0.934202
0.981664
1.1717
1.01407
0.8782
0.881946
1.00454
0.919971
0.987709
1.0048
1.00977
0.991401
0.873976
0.872801
0.937971
1.01158
0.944631
1.09666
1.07093
0.939134
1.09492
0.841311
1.21149
0.854072
1.07884
0.919929
1.12684
0.871744
0.920112
0.924016
0.914104
1.07008
0.916213
1.17552
0.830574
0.988852
0.903779
0.808758
1.02141
1.08567
0.968855
1.03482
0.933554
1.01106
1.01105
1.12026
0.994028
0.92202
0.900111
0.940262
0.864858
1.1876
0.924172
1.11366
0.87395
0.995097
1.09481
1.06208
0.941855
0.847
0.903228
1.04612
1.09265
1.07565
1.0431
1.10792
0.843493
1.11446
1.04007
0.780839
0.981196
1.0727
0.923062
1.03059
1.20785
0.984292
1.07323
1.12551
0.990389
0.984462
0.863665
1.08458
0.873517
0.975097
0.861124
1.08472
1.10146
0.874311
1.07538
1.2257
0.932466
0.836888
0.90587
0.958171
0.958465
0.868749
0.858301
0.992832
0.953418
0.821791
1.21078
1.02437
1.13122
1.03344
1.13962
1.01469
1.00438
0.969746
0.847755
0.968454
0.920644
0.963568
0.914557
1.07545
0.968682
0.915057
0.957501
1.11811
0.955003
0.884572
1.00556
0.918042
1.09131
0.896307
1.01609
0.913083
1.02751
1.05807
1.02207
1.06823
0.883405
0.929805
1.0142
1.05617
0.848143
0.962413
0.959662
1.03118
0.854781
1.01656
1.20875
0.921656
0.972446
0.993693
1.02362
1.00715
0.953413
0.830298
0.97381
0.91565
0.957889
1.05265
0.912062
0.963295
0.866137
0.824738
1.0965
1.08995
1.08958
0.981993
0.953621
0.977523
0.91257
0.908333
1.18842
1.13428
1.05246
0.972243
1.06472
0.8248
1.10704
0.806352
1.10099
0.962379
0.849808
1.11275
0.85588
1.07138
0.96354
1.06338
0.839794
1.02653
1.02134
1.06084
0.852266
1.15682
0.984367
0.80131
1.00144
0.91066
1.1735
1.17537
0.978478
1.09063
0.970528
1.13196
1.07294
0.931507
1.10921
0.823613
0.956062
0.986307
1.16868
0.975794
1.09938
1.15074
0.93285
1.00914
0.97514
0.862271
1.10945
0.914062
1.07287
0.91786
0.992373
0.936448
1.03157
1.11189
1.21356
1.02611
1.07851
1.06044
0.928917
0.973781
0.934957
0.947911
0.914327
1.13176
0.90953
0.993822
0.974443
0.81576
0.987399
1.04244
0.890686
1.07111
1.14004
0.773035
1.20723
0.861727
0.89516
0.937459
1.0979
1.06277
1.04842
1.03044
1.07238
0.928746
1.01079
1.01769
0.94693
0.911275
0.967941
0.999701
1.02928
0.888989
1.06139
0.884493
0.92931
1.10006
0.916675
0.802924
1.23176
1.0037
1.08947
0.865351
0.806367
1.00927
0.855946
0.983529
1.09076
0.899611
1.05174
0.971924
0.841034
1.10304
1.08853
1.03255
0.996153
1.10763
1.04498
1.07156
1.06448
1.2357
0.963165
1.08534
1.04192
1.25215
1.01465
0.991004
1.07217
0.930353
0.916095
1.22856
1.05603
1.06834
1.00787
1.032
0.820794
1.0299
1.1177
0.964462
1.16499
1.23855
0.945896
0.946429
0.837991
0.916886
1.04724
1.09376
1.26619
0.88089
1.08582
0.920931
1.08012
0.997566
0.96747
0.93609
1.05826
1.05018
1.14205
0.997593
1.17396
1.04603
0.928244
0.96376
0.923217
1.00956
1.004
0.987623
1.04645
0.990443
0.993081
1.03737
1.05841
0.98
0.951887
0.999743
1.03478
1.04847
0.843084
0.952385
1.0128
0.763878
0.75607
0.998485
0.965486
0.923385
0.96482
1.03311
0.956269
1.02409
1.16927
0.9719
0.96821
1.06644
0.874801
0.854185
1.00347
0.936147
1.21037
0.950684
0.785881
0.955729
0.968803
0.877383
1.0591
0.779907
0.846451
0.874308
0.911709
1.08625
0.975541
0.926249
0.968647
1.02933
0.952909
0.978836
0.904087
0.925628
0.955655
1.11339
1.04511
1.03996
1.12387
1.0057
1.04039
1.10415
0.956876
1.12658
0.955307
0.966245
0.948668
1.10601
0.993205
0.969813
1.01573
0.956357
0.999933
0.974205
1.06682
1.15093
1.00348
1.02989
0.783684
1.01599
1.1365
1.03694
0.73038
1.11308
0.990809
0.94756
1.01898
1.22333
0.99285
1.03683
0.830433
0.923904
1.13453
1.13986
0.912842
0.78758
0.785898
0.854296
0.803779
1.10173
0.968461
0.804694
1.06508
0.993284
1.05214
1.19964
1.02469
1.08306
1.00321
0.941888
1.13582
0.897153
1.28806
1.06904
1.04559
0.847034
0.888151
0.966614
0.909605
1.169
0.986179
0.966775
1.0843
1.06598
1.02104
0.891138
1.06441
0.902291
1.09473
1.08686
1.12293
0.897621
0.922337
0.953777
0.905879
0.983744
0.999616
0.852035
0.863649
1.01621
0.982835
0.959351
1.00529
1.00229
0.814147
0.899745
1.07346
1.05499
0.983753
1.01379
0.939792
1.05596
0.990763
0.866342
0.901159
1.01669
1.04249
1.00511
0.937539
0.88125
1.02376
0.991619
0.986631
0.997301
0.888194
0.952191
0.937218
0.9481
0.931687
0.855764
1.06298
0.861321
1.03639
1.11724
1.03727
1.1834
0.984941
1.18783
1.18818
0.881903
1.017
0.979298
0.958208
0.953634
0.996406
1.04144
1.00758
0.980941
0.917651
1.06901
0.981311
1.11398
0.967676
0.982103
1.01357
1.09427
1.01913
0.968072
1.26749
1.00197
0.896319
1.0351
1.02183
0.972056
1.13043
0.960556
1.01218
1.09946
0.943815
1.10494
1.08127
0.99917
0.850383
0.892514
1.06013
0.972089
0.949632
1.02899
0.935758
0.952271
1.25807
1.0431
1.03406
0.915767
1.02741
0.81669
1.07469
0.99453
1.09772
0.869736
1.0109
1.04264
0.820495
0.938591
0.979212
0.801416
1.15208
0.880945
0.941108
1.04411
0.906234
1.04537
0.974175
1.11173
0.999804
0.960158
0.985867
0.904387
1.17408
0.997282
1.13141
1.10819
1.41602
1.12172
0.95351
1.08787
0.977914
0.988876
1.02953
0.894786
1.11408
0.924908
1.0646
1.01616
0.904343
1.11988
1.17536
1.14097
0.862951
0.87636
0.938407
0.910934
1.00193
0.912648
0.995339
0.901517
1.09508
1.02009
1.07804
0.73342
1.14856
0.934901
0.991293
0.790366
1.01158
0.96154
0.994432
1.09233
0.858865
0.857282
1.06113
1.06634
1.07723
1.01768
0.965381
0.853479
1.01362
1.01114
1.04165
0.998805
1.11482
0.878077
1.20183
1.06895
1.13861
0.937524
0.751182
1.00837
1.04736
1.07585
1.12382
1.07006
1.03981
0.963814
1.02949
0.90726
1.06381
1.05166
1.0605
0.890416
0.920355
1.25906
1.02826
0.979141
0.942585
0.919516
0.934882
0.998041
1.13691
1.0325
0.76802
0.957185
0.844072
0.973138
0.98576
1.02151
1.21652
0.941012
1.0056
1.0159
1.14311
0.950449
0.940921
1.06602
1.11611
0.979557
1.12528
0.912627
0.923427
0.986384
0.991301
1.22575
0.955439
1.16639
1.15334
1.0309
1.01648
0.942542
0.855894
0.951207
0.973003
0.878721
1.18695
1.12089
1.11877
0.931269
0.973432
1.01401
0.866419
0.867835
1.10915
1.06841
0.88923
0.976682
1.01764
1.0129
1.07069
1.10118
1.08624
1.03537
1.15658
1.17044
1.08662
1.08013
1.02359
1.17544
0.963787
0.86051
1.13505
0.964254
1.00204
0.973597
0.95667
0.909871
1.01063
1.06626
1.05931
0.980336
1.01696
1.0591
0.956427
1.01662
1.08706
1.02497
1.01244
1.15403
1.08865
0.88918
1.08244
0.932072
1.00916
0.935263
0.898303
0.826467
1.03722
1.12621
0.933451
0.929961
1.09196
1.09416
0.844375
1.0111
1.00018
0.997352
0.905363
0.879177
1.11045
0.933935
1.08132
1.15336
0.951675
0.95946
0.869576
0.96296
1.00567
1.03978
1.14923
1.15031
0.945571
0.966388
1.12877
1.02256
1.07969
0.939123
0.975388
1.2316
1.0372
0.997956
0.985655
1.01733
0.972281
0.914464
1.04033
1.17891
0.878346
1.15776
0.966625
0.879629
0.981651
0.922754
0.882821
0.919939
0.996812
1.05269
1.00953
0.898278
0.953628
1.00663
0.968422
1.11524
1.11634
1.21941
1.06725
1.23841
1.00857
0.948578
0.844718
0.954895
0.96358
0.943076
1.0453
1.14101
0.89191
1.06063
1.01387
1.13749
1.04988
1.27399
1.03002
1.13288
0.971667
0.938243
0.966386
0.962835
0.999534
0.926977
0.882391
1.13096
1.22217
1.05489
1.08166
0.87018
1.09276
1.01924
0.808382
1.14634
1.00059
1.0466
0.880474
0.887243
0.932011
0.986382
0.993867
1.03791
0.901624
0.785442
1.06973
1.05747
0.967813
0.865319
1.01079
0.9494
1.12567
1.07106
1.10277
1.02892
0.874476
1.04114
1.0436
1.106
0.897558
0.795584
1.04218
1.12535
1.07859
0.974609
0.958889
0.867849
0.934992
0.9678
0.94236
1.30745
1.03649
1.0548
0.966021
1.08027
1.16878
1.16913
1.04714
0.931327
0.864802
1.30017
0.990297
1.06518
1.08915
0.963707
1.15682
1.153
0.782902
1.0305
1.12828
0.969305
0.949914
1.01833
1.05597
1.04315
1.13346
1.07571
0.914095
0.911859
1.09405
1.07534
1.0043
0.928825
1.18058
0.98251
1.22535
0.89374
1.19759
1.03334
0.895857
0.858556
1.00129
1.1033
0.990544
0.940133
0.982237
1.23758
0.921949
0.918957
0.830092
1.1568
0.972906
1.09082
0.894863
1.02593
1.10508
0.951788
1.15528
1.05483
1.09046
1.13741
0.920902
1.08682
0.963499
0.995047
0.952801
1.16117
1.24874
0.878051
0.997315
0.906618
0.83089
1.02354
0.928092
0.712435
1.07172
1.00543
0.859238
1.02814
1.12149
0.913
0.900311
0.973602
0.949221
1.11922
0.921279
0.891961
0.953332
0.951802
1.16002
0.987479
1.08639
0.959314
0.88357
1.21363
0.930741
0.941227
0.80977
0.957842
1.09365
1.07254
0.854606
1.03484
0.998945
0.808845
1.08148
0.953343
1.17848
0.947254
0.960964
0.932154
1.00872
1.04255
1.00979
0.923258
0.971894
1.04149
0.924536
1.04003
0.947258
0.963356
1.24498
1.01418
1.05203
0.9257
0.986845
1.05435
1.21358
1.06608
1.06421
0.867392
0.999338
1.1451
0.895811
0.868781
1.15269
1.3275
1.09492
1.02289
1.12161
1.01229
1.07955
0.995723
0.990949
0.967388
0.853074
0.918469
1.07127
1.09585
1.00135
0.97618
1.03855
1.01353
0.901322
0.9926
1.04968
1.11512
0.919927
0.942415
1.24319
0.854675
1.02335
0.90621
1.09764
1.11874
0.867034
0.745172
0.978246
0.935029
1.02539
1.15324
1.00337
0.994611
0.897505
1.03188
1.00935
1.02657
0.957527
1.09416
0.864524
1.05497
0.984881
1.03827
1.09092
0.936231
1.08178
1.03984
0.929628
1.1495
1.03467
1.09915
1.09513
0.883262
1.01871
0.900436
0.995351
1.16294
0.861316
0.791917
1.08693
1.14751
0.908375
1.23373
0.991336
1.00215
0.944515
0.904413
0.964083
1.02237
0.729885
0.942622
1.16651
1.16857
1.00242
1.04
1.09772
0.962653
1.0267
0.977352
0.941376
1.15906
1.03236
0.985557
0.906669
0.830568
1.02287
0.977888
0.936286
1.09387
1.07839
1.25709
1.11089
1.04442
0.905426
1.04216
1.13105
0.811378
1.00618
1.08657
1.08406
0.877918
0.994008
1.00731
1.01385
0.87442
1.01792
1.02609
0.97956
0.839536
1.08412
0.983316
0.998297
0.940831
0.851494
0.931083
1.00694
1.14679
0.890938
1.01944
0.868955
0.941347
0.762792
1.05408
1.01466
1.10583
0.996253
0.972992
1.10687
0.84681
1.02629
0.942142
0.881755
0.91812
0.957866
0.984701
0.915983
1.12281
1.03527
1.08079
1.12451
0.964267
1.11521
1.0748
1.07779
1.13917
1.00411
0.977712
1.04151
1.02237
1.05082
1.02882
1.12408
1.07913
1.00664
0.94879
1.08058
1.00982
1.06645
0.981699
1.11322
0.91173
1.11281
1.11765
0.945268
0.932061
0.977464
1.03269
0.884589
0.892304
0.949799
0.912893
1.12155
0.920451
1.20152
1.19475
1.09805
1.0338
1.02484
0.999443
1.01735
1.20409
0.921531
1.03902
1.04542
1.00864
1.25547
1.03993
0.963353
1.11963
0.885646
0.916196
0.850089
1.03848
0.914842
1.12678
1.00332
0.903716
1.1375
1.13026
1.06643
1.00021
0.958478
1.10065
0.96534
1.10961
0.888326
1.10135
0.94619
1.04286
1.04856
0.832242
1.01449
1.11513
0.894212
1.20525
0.902111
1.08587
1.10202
1.03043
1.01847
1.15806
1.03226
0.929178
1.12064
0.962016
0.910825
1.05651
1.00107
0.991821
1.00135
1.15365
1.09144
1.0206
1.21731
0.986379
0.849071
0.839472
0.973782
0.831572
1.12785
1.06481
1.10697
1.03816
0.808325
0.951712
1.03872
1.15975
0.814266
0.966691
1.21605
0.958879
0.959648
0.87651
0.997164
0.941566
1.2323
0.974758
0.844761
1.09701
0.905719
1.05139
1.26
0.920779
1.11156
0.925811
0.999174
0.99939
1.03276
0.958958
1.09107
1.07994
0.98443
0.943785
0.967411
1.05885
1.10071
1.01899
0.879088
1.08672
1.00271
0.971999
1.00342
0.967143
1.06039
0.964406
1.14066
0.941981
0.966478
0.973232
1.19119
0.923729
0.935625
1.05887
0.935501
1.05908
0.974637
1.08531
0.998181
0.958469
0.914918
1.04218
1.01599
1.07201
1.01527
0.921822
0.977977
1.13459
1.01039
0.854057
0.904765
1.03197
1.10469
1.0685
1.01655
0.9875
0.95501
0.838718
1.12332
0.98057
1.15052
1.15275
0.949784
0.941963
0.963259
1.11663
1.19093
0.917706
0.966721
1.13532
0.973064
0.892079
0.919103
1.14428
1.01313
0.925401
0.846584
1.05277
0.995002
0.912677
1.07269
1.02501
0.991973
0.976959
0.998795
0.968624
1.02406
0.868818
1.01526
0.838906
1.05945
1.07855
1.03977
1.04457
1.01833
1.01165
1.15538
0.92239
1.01482
0.937933
1.07308
0.946943
1.04995
0.996771
0.885546
0.837677
0.944156
0.92462
1.139
1.02328
0.960993
1.18055
1.15251
0.870972
1.01903
0.781275
0.917794
0.901535
1.01625
0.959821
1.03404
0.979273
1.01235
1.06971
0.887203
0.996653
1.13551
0.923639
1.02603
1.10427
1.00158
0.991088
0.926047
0.956542
1.21332
1.09978
0.911571
0.985223
1.0101
0.962879
1.22214
1.13489
1.01079
0.820623
0.73748
1.14666
1.00876
1.01777
0.952877
1.03968
1.15734
1.04865
0.945859
0.97671
0.980009
1.03267
0.911802
1.06698
1.04439
1.11604
1.13993
1.07915
0.882778
1.05917
1.11429
0.968633
1.0356
0.852989
0.847566
0.956336
0.850158
1.00499
1.13883
1.14747
0.811853
1.0032
0.840612
0.805513
0.92281
0.899945
1.13087
0.93097
0.864141
1.07225
1.06849
1.00565
0.935977
1.13132
1.08184
0.896991
0.98821
0.948118
1.00097
0.870488
1.01521
1.13467
0.964177
1.09747
0.95611
0.998398
0.863852
0.90234
1.23004
1.1516
1.06192
1.02791
1.03564
1.07466
1.01298
1.06769
0.847544
0.773637
1.10426
1.05677
0.781965
0.897025
0.936872
0.940952
0.948966
1.14435
0.917588
0.945653
0.958945
1.0623
1.03682
0.966418
0.848244
0.981945
0.942573
1.04155
0.860921
0.886121
0.820775
0.862487
0.790932
0.950147
1.02417
0.858113
1.171
0.856858
1.06557
0.851408
1.17895
0.947102
0.942541
1.09724
1.16274
0.939616
1.03556
1.24867
1.18878
0.926313
1.03569
1.0249
0.869126
0.994621
0.915909
1.02368
0.873956
0.97233
1.11237
1.03776
1.12986
0.988843
0.856294
0.946258
0.965211
1.16198
0.966706
0.920231
1.11246
1.01045
1.08113
1.02886
0.846363
1.0416
0.903402
1.03271
0.984099
0.723009
1.17214
0.897982
0.927098
1.04346
1.19823
0.963196
1.1006
1.18687
1.02008
0.957303
0.934046
1.21662
0.91724
0.90779
1.02486
0.980958
1.01252
0.969225
1.0486
0.975087
1.1753
1.01951
1.11789
1.01268
1.245
0.962769
1.03127
0.931518
0.828682
0.92454
0.822625
0.876016
1.17834
1.0183
1.02048
1.07484
1.20743
0.948907
1.32555
0.825704
1.04216
1.13771
1.15045
0.938083
1.0604
1.06135
1.01181
1.00188
1.01767
1.01289
0.975267
1.0455
0.914997
1.07331
0.950469
1.20338
1.02275
0.941926
0.904389
0.868825
0.905658
0.983684
0.930008
0.894257
0.961685
0.808148
1.01631
1.02294
0.934198
0.846345
0.994076
1.08923
0.947534
1.0867
1.03286
1.06707
1.1289
1.05693
1.04732
1.04594
1.03363
0.889726
0.969448
0.904519
0.894534
0.99864
0.88681
1.10797
1.02153
1.00815
1.18031
1.05564
0.996738
1.08939
0.915545
1.04719
0.971664
0.994105
1.06283
0.997616
0.965308
1.15871
0.886649
1.00359
1.04523
1.01257
0.89726
1.01082
0.984692
1.00214
0.941739
1.01233
0.954401
0.917891
0.738012
0.967427
1.01597
0.989939
0.990298
0.886478
1.04742
0.970124
1.01835
1.07112
1.05449
0.881255
0.975686
1.0276
0.835065
1.15202
0.958085
0.77239
0.939101
0.957277
1.23495
1.18234
1.02333
1.03978
0.941732
0.827026
0.949451
0.925625
0.947216
1.09411
1.10728
0.992978
0.916158
0.938546
1.16648
0.859456
1.05338
1.04191
1.03804
1.08663
1.01318
1.03819
1.09085
1.10136
0.968629
1.16426
0.761077
0.955537
0.938229
1.03218
0.995194
1.111
0.937673
1.03974
0.99616
1.15759
0.997452
0.987347
0.838647
0.965902
0.886589
0.901078
1.08189
0.918099
0.897332
0.832314
0.852886
0.985644
1.03793
1.00923
1.17609
1.07974
1.05535
0.792711
1.05615
1.0403
0.947572
1.04551
1.14711
0.822492
0.909641
1.08538
1.0425
0.931553
0.840448
1.03556
1.16288
0.994669
0.925979
1.15958
0.911078
1.11757
1.11966
0.836483
0.894916
0.966263
1.01441
0.974825
0.927353
1.19522
0.991093
1.05872
0.919168
0.956237
0.872789
1.11822
1.01597
1.02397
0.90544
0.984696
0.935649
1.05119
0.950674
0.953634
1.08651
0.884873
0.921558
0.878659
1.08561
1.04142
1.00386
1.03003
1.01882
0.980938
0.857603
1.12773
0.957629
0.91337
0.956938
0.930092
0.79368
1.12401
0.923129
1.04179
0.992491
0.844981
1.13438
0.995903
0.954046
1.10592
0.894535
0.980344
1.0363
1.0277
0.87831
1.08239
1.13212
0.989412
0.938752
0.95314
0.928146
1.01054
1.02502
1.11205
0.989199
0.928563
0.80726
1.01563
0.90044
1.20689
0.826121
0.916741
0.912628
0.879961
1.04177
0.906535
1.06605
1.14323
0.96953
1.21628
0.86055
1.21592
0.934027
1.03156
0.986509
0.986405
1.13796
0.906294
0.914645
0.96108
0.896996
0.992758
1.00524
1.12633
0.92733
1.11041
0.944335
1.32488
0.90238
1.01993
1.09002
1.08685
1.10172
0.911435
1.15862
1.05948
0.916613
0.879997
0.846737
0.920543
1.0097
0.976391
1.13763
0.99313
0.970946
1.24956
0.903007
1.06317
1.09238
1.0864
1.15345
1.03697
1.03616
0.899032
0.900845
1.04102
0.825615
1.00573
1.11171
0.990599
0.987055
1.08122
1.01633
0.97047
0.929019
0.973591
0.891647
1.02226
1.05425
0.920349
0.93572
1.11857
0.980632
0.882103
1.06763
1.02902
0.968605
0.958809
1.12327
0.981951
1.03096
1.08956
1.06449
0.925057
0.924412
1.10566
0.866114
1.05502
1.11234
0.93817
0.945711
0.972911
1.05587
0.936714
0.98764
0.963108
1.04894
1.02521
1.13707
0.824058
0.972862
1.03815
0.904958
0.922435
0.920822
1.12213
1.00707
0.978776
1.05855
0.971911
0.940477
0.887868
1.03266
1.10138
1.11991
0.811056
1.03409
1.07476
1.00315
1.06544
0.867265
0.863024
0.875938
0.933159
1.13822
0.995437
0.926637
0.9296
0.991497
1.21149
1.04228
1.09528
0.981188
0.962585
1.18603
1.11903
0.842735
1.18391
0.9055
0.969411
0.804267
0.95027
0.990825
1.11414
0.890757
1.07755
1.16943
1.24544
0.886464
0.949904
1.15146
0.954387
0.96957
1.02737
0.901159
1.06645
0.805121
1.04873
0.930648
0.994191
1.01438
0.855053
0.864136
1.06374
0.935076
0.917821
1.04299
0.946515
0.973285
1.01281
0.836713
0.979227
1.13722
1.03234
1.03891
1.06481
0.963154
0.949348
1.02554
0.903793
0.96431
0.929571
1.11733
0.993388
1.0394
1.03708
0.927277
1.05582
1.11789
0.90181
0.788873
0.93788
0.927538
0.856234
1.3454
0.932822
1.02849
0.86017
0.882651
1.10909
0.890752
1.12118
1.09135
0.934549
0.920644
0.852509
0.982309
1.03135
1.01301
0.970486
0.944949
1.01183
0.879389
1.0652
1.03865
1.15273
0.986427
1.00313
1.03289
0.802136
0.848861
0.987954
0.84637
1.08103
0.976366
0.872444
0.875562
0.94331
1.02346
0.981305
0.982306
0.959188
1.02215
1.0218
0.934706
0.719955
1.10725
0.934539
0.938303
0.904766
1.03931
1.19786
1.06925
1.17978
0.976946
1.02957
1.10085
1.09393
1.07553
1.08616
0.893469
0.950674
0.929693
1.04244
0.94625
0.849412
1.10111
1.08198
0.992546
0.98706
1.21547
0.902933
0.903965
0.937
0.833695
1.07561
0.875759
0.967999
1.09138
1.06207
1.08766
1.03871
1.03365
0.875484
1.04281
0.907395
0.890644
1.13635
0.884324
0.987204
1.14648
0.800273
0.986482
0.910838
0.973164
0.9633
1.03799
1.03758
0.993667
0.941831
1.11447
0.878413
0.958408
0.960162
0.89067
1.02487
1.18412
0.93199
1.08426
1.01983
0.873926
1.0678
1.19816
1.18473
0.954457
1.158
0.922572
1.05161
0.819941
1.23829
0.758084
0.985847
1.16255
1.15164
0.939609
0.875478
1.05585
1.03584
1.04834
1.01945
1.00233
0.957329
1.04196
0.813865
1.28254
0.906215
1.00896
1.02262
1.02045
1.1069
0.970658
1.16989
0.943469
1.05139
0.915217
1.08398
0.899397
0.960033
0.972454
0.957789
0.990262
0.948379
0.948606
1.03663
1.07702
0.918783
0.920158
0.92173
0.974174
1.03715
0.986092
1.13765
0.890106
1.0138
0.924531
1.2373
1.01447
0.960927
1.11366
0.974111
0.777945
0.911112
1.11473
1.16101
1.08019
1.18798
1.0345
0.918947
1.01723
1.06031
1.13413
1.19535
1.02632
0.897104
0.989438
1.04665
0.944445
1.01137
0.948615
0.901859
0.963195
0.989517
1.05929
1.16762
0.939552
1.04643
0.871081
0.836308
0.9734
1.14936
0.802528
1.10179
1.01978
0.821898
1.07658
1.01533
1.01966
0.911359
0.892178
0.99892
1.07798
1.04663
1.0013
0.996733
1.00316
0.837824
1.15853
1.03471
1.19116
1.06085
0.91757
0.949237
0.893638
1.01881
1.01249
0.990583
0.904174
1.06151
1.14225
0.973436
0.952598
1.06024
1.00758
1.15607
1.13727
1.12087
1.04374
0.86495
1.01584
1.13058
1.00885
1.01905
0.82664
1.00737
0.804349
0.935575
0.866699
1.13251
0.977974
1.10742
0.906547
0.952498
0.97496
0.913736
1.07872
0.922342
0.808504
1.08103
1.17351
0.943954
0.934879
0.987904
0.869456
1.05208
0.769767
1.14261
1.09228
1.04839
0.935303
0.951119
0.855148
0.76218
0.920277
0.911268
1.1179
0.794069
1.01014
0.863571
1.11898
1.12791
0.973838
1.07635
1.09206
1.11326
1.03031
0.915706
1.15018
1.09662
1.34324
1.02743
1.11548
1.07938
0.923187
1.20053
1.24989
1.07504
1.13529
0.910412
1.05036
0.970265
1.12581
0.97511
1.04846
0.940676
1.09678
0.969291
0.921788
0.986867
1.05863
1.16086
0.799878
1.03543
1.01048
0.972798
0.871497
1.18605
1.07052
1.00672
0.981042
0.933918
1.09446
0.917374
1.0632
0.979799
1.01795
1.07653
1.06366
1.0716
0.927704
1.10746
1.0297
0.728613
1.08169
1.23792
1.07819
0.906398
0.952425
1.08838
1.05461
0.991473
0.724832
1.02768
0.871925
1.04746
0.986184
0.997958
0.964587
1.07417
1.05003
0.914949
0.781318
1.07587
1.14312
0.994566
1.01459
1.03587
1.08775
1.0647
1.08975
0.986954
0.918748
0.969855
1.05735
0.944115
1.06712
1.15558
1.08992
0.966483
1.00927
1.00092
0.853392
0.940089
1.04061
1.09535
0.898515
1.07663
0.991292
1.05934
0.959137
1.03538
0.980369
1.08208
1.10957
1.09358
0.898837
0.962154
0.992438
1.06846
1.15488
0.970166
1.01514
1.13967
0.933536
0.94906
1.09031
0.860561
1.00993
1.07074
0.935148
1.05408
1.00973
0.928336
1.05381
1.00175
1.05344
1.02993
1.01506
0.779174
1.04037
1.04572
1.03721
0.865425
0.746413
1.02887
0.898136
1.09638
1.03652
1.05162
1.08718
0.871517
0.862008
1.15871
1.00197
1.00297
1.11181
1.02455
1.02648
0.954939
0.745272
1.13911
1.22356
1.17512
0.905313
1.01848
0.913824
0.930387
1.11476
0.793293
0.950812
1.07736
1.01656
1.06405
0.970052
0.944643
0.894065
1.01814
1.15881
0.958836
0.913011
0.993171
0.928193
1.09672
1.05557
1.00951
1.12153
0.9938
1.14455
0.952302
1.01528
1.02877
1.03189
1.16821
0.85049
1.20936
0.783548
1.2195
0.911666
1.0663
1.02317
0.994484
0.920064
0.923678
0.838023
0.853774
1.09792
1.0366
0.914842
1.17532
0.76578
0.885562
1.02199
1.26329
0.819465
1.30427
1.02668
0.997243
0.842789
1.03258
0.923547
1.10247
0.857438
0.834925
1.00839
0.909865
0.818637
1.06632
0.875975
1.07096
1.04964
1.05133
0.911661
1.06586
0.869616
0.81051
0.863847
0.899464
0.954046
1.12549
0.868653
1.12779
1.17759
1.18241
0.922356
1.10757
0.867186
1.00035
0.954312
1.04146
1.09272
0.948643
0.93163
0.985613
0.987307
0.929799
0.886884
1.15653
1.18961
1.064
0.863254
0.874647
1.03735
1.01426
0.764573
1.01282
0.912821
1.0419
1.04977
1.11243
1.08205
1.09835
0.922962
1.04526
1.01692
0.976799
1.02759
0.932439
1.04609
0.968124
1.0088
0.965058
1.13568
0.938544
1.00285
1.08499
1.12328
1.13887
0.931842
0.8691
0.888085
1.03558
1.04887
1.24258
1.04918
1.12116
1.0844
0.988406
1.0683
1.043
0.962054
1.04068
1.07123
1.00964
0.821391
1.01166
0.85154
1.03612
1.11399
1.05073
0.997027
0.947606
1.05866
0.882796
1.16367
0.981512
1.09822
1.0567
1.08073
0.999793
1.06276
0.974288
1.00745
0.972577
0.852556
1.15072
1.01058
0.901149
1.14494
0.90764
1.02838
1.01513
0.901408
0.842897
1.1668
1.18414
1.21384
0.923003
0.789828
1.16379
1.13093
0.983804
1.04959
0.911121
0.984953
1.04874
1.12484
0.965479
1.0902
0.979733
0.959944
0.966389
0.964128
1.15924
0.944682
0.987516
0.963923
1.16338
1.07097
1.03187
0.791004
0.996085
1.00208
1.25665
0.923746
0.907571
1.01763
0.943809
0.902168
1.079
0.910715
1.13952
0.869184
1.00199
0.826755
0.930548
1.01534
1.02204
1.08829
1.04808
0.924364
0.949556
1.12047
0.950132
0.97854
1.07504
1.06586
0.920302
0.981793
0.973743
0.962939
1.0903
0.9889
1.16315
1.03391
1.09447
0.806831
0.856271
1.17848
0.885889
0.838262
0.997544
0.938706
0.960521
1.01324
1.0634
1.11845
0.96601
1.00477
0.984833
0.973806
0.948507
1.00949
0.949395
0.920791
1.02523
0.90508
0.794649
1.14262
1.06389
0.858071
1.08888
1.00259
1.06137
1.15026
0.943413
0.937456
0.928082
0.897432
1.05122
0.97871
1.04952
1.0025
1.10143
1.14254
0.971023
0.98384
1.03837
0.919151
0.922087
0.993307
0.913942
0.999198
1.04292
1.0493
0.992327
1.00781
0.980049
1.19097
1.02261
1.1595
0.871864
1.16017
1.08637
1.07438
0.874586
0.960236
1.07094
1.01812
0.997239
1.13751
1.10408
0.935394
1.01112
1.17938
0.911938
1.25165
0.988783
0.981284
1.0432
1.14872
0.973998
0.828654
1.08525
1.17747
0.857142
1.00761
1.12865
1.06109
1.12773
1.01329
1.02921
0.974364
0.931309
0.893615
1.13812
0.985673
1.00777
1.16189
0.998918
1.10554
0.959346
1.05137
0.952719
0.982371
1.15076
0.892079
0.833025
0.984096
0.972516
1.18258
1.03489
0.961799
0.8861
0.976052
0.871506
0.891672
1.03003
0.756602
0.899438
0.977846
0.899524
0.888364
0.830791
1.1443
1.12057
0.940654
0.920948
1.08144
0.963637
1.01228
0.822351
1.02006
0.949111
0.854449
1.20215
0.886173
0.998726
0.929366
1.07676
1.21224
0.885032
1.16434
0.954632
1.05039
0.966429
1.14276
1.04588
1.07167
1.10305
0.888708
1.09122
1.12165
1.159
0.920984
1.06077
0.913536
0.932447
0.981879
0.913413
0.968811
0.893875
1.15754
1.14911
0.870864
1.01359
0.82023
0.946674
1.0241
0.807998
0.959934
0.759501
1.0426
1.13198
0.932924
0.896756
1.12796
0.896511
1.0795
0.982485
1.34574
0.980927
0.852548
0.806145
0.972405
0.952426
1.0263
0.942059
0.88496
0.853247
1.11477
0.966052
0.881414
0.893362
0.95082
1.02766
0.797897
1.03773
0.888237
1.09089
1.09696
0.934989
1.07152
0.905243
0.925006
1.0645
0.986457
0.913168
1.04373
0.858099
0.888869
1.16319
0.95579
1.03728
0.862498
1.26751
1.05356
1.01072
1.06294
0.986864
0.945202
0.803225
0.96337
0.938367
0.965827
1.14598
1.08136
1.08955
0.972901
0.870395
1.14603
1.03912
1.19134
1.14932
1.08952
0.965073
0.88015
1.11839
0.981674
0.858033
1.07726
1.09696
0.977032
1.1677
0.774691
0.922722
0.809596
1.10703
0.931819
0.991534
0.839382
1.0025
0.838929
1.07413
0.839554
1.07505
1.06806
1.25922
1.106
0.915823
0.807035
1.00091
1.04878
0.794276
0.997354
1.08017
0.979031
0.993954
0.840263
1.05753
1.07252
1.21657
0.891104
0.979171
1.08242
0.960262
0.746063
0.915611
0.997891
1.1252
1.0462
0.974542
0.958652
0.984992
0.939036
0.884094
1.05988
0.95828
1.11608
0.926659
0.908758
0.993028
0.863271
1.00971
1.04536
1.02622
1.10546
1.04088
0.920245
0.933594
0.928558
0.971833
1.06874
0.989212
1.24096
1.00321
1.02009
0.935209
0.913109
0.962762
0.945651
0.999784
0.883663
1.16254
0.969791
0.847538
1.0736
0.906731
0.981038
1.10825
0.988967
1.0035
1.07987
0.961719
1.39669
1.01627
0.978862
0.848995
1.15054
0.932964
0.993199
1.14993
0.847916
0.79936
0.970836
1.17874
1.02971
1.11993
1.10657
1.00452
0.973844
0.943426
1.04666
0.724839
1.08403
1.04581
0.985669
1.04422
0.897671
0.85429
0.978541
1.20137
1.014
1.17504
1.05709
0.97847
1.00825
0.979534
1.06564
1.00269
0.891424
0.952887
0.885248
1.04905
0.837183
0.961598
0.881837
1.09016
0.956792
0.822348
1.01036
0.92622
0.952136
0.949419
1.06097
1.07627
0.993959
0.972381
0.93171
1.12014
0.932964
0.987279
1.07574
0.938181
0.963276
0.97801
1.15087
1.12583
1.02999
1.05739
1.02429
1.1523
0.883924
0.952285
0.99826
1.03246
0.993638
0.921819
1.07824
1.02975
0.941419
0.985989
1.01795
1.13675
1.2427
1.02055
0.990373
1.03046
0.926695
0.934667
1.00652
1.06586
0.845447
1.21102
0.98194
1.01491
1.12513
0.933825
1.09137
0.999516
1.01904
0.994819
1.09164
1.12419
0.996183
1.03446
0.888436
1.1451
1.08847
1.0285
0.777761
0.90937
1.04128
0.970027
1.13469
0.988687
1.21319
0.911571
1.01583
1.12136
1.11771
1.02971
1.24762
0.971032
1.02142
1.01184
1.045
0.942423
0.850791
1.01622
1.12691
0.936341
0.955302
1.04184
0.972846
0.934323
1.1007
1.03649
1.07582
0.902613
1.05151
0.894364
1.20579
1.02639
0.955992
0.999643
0.88412
0.990999
1.03476
1.04212
1.07317
0.995885
1.02099
1.13823
0.98443
1.05315
1.22422
0.820717
0.928444
0.974076
0.994243
0.99402
0.88035
1.02231
0.868662
0.864585
0.825183
0.993174
1.15286
1.01942
0.988733
1.02397
1.00016
1.12577
0.969239
1.12033
0.956789
1.07796
1.2231
0.943084
1.09939
0.903955
0.985775
1.14875
0.952542
0.931718
1.06682
0.965754
1.00609
1.02186
0.817021
0.970868
1.1901
1.05533
0.872876
0.996816
0.915499
0.939055
0.990338
0.951304
1.12347
1.11788
1.02344
1.04047
0.962387
0.886085
1.13626
0.864164
1.01732
1.14193
1.07016
1.04977
1.06227
1.06737
1.14399
1.09866
0.786817
0.996529
1.00159
1.09828
0.981341
0.99894
1.04319
0.906414
1.0161
0.797813
1.12614
1.15668
0.872807
1.1259
0.97392
1.16204
0.983248
1.08284
0.95084
1.07474
0.887436
0.889813
1.07843
1.02797
0.911496
1.01996
1.01254
0.985956
0.960977
1.00307
0.821686
0.973484
1.05138
1.01439
1.01299
0.794219
1.04326
1.10448
1.02857
1.16164
0.993105
0.9914
1.20887
1.13866
0.967401
0.848043
1.03818
1.04372
0.864892
0.861025
0.958308
1.07098
0.967796
1.0389
0.966276
1.10398
1.02034
0.902773
1.05888
1.03033
0.840084
1.00976
0.988449
1.00467
0.969465
1.0029
1.01435
1.05598
0.837718
0.935783
0.95183
1.09911
0.865267
0.813287
0.938115
1.09967
1.10216
0.85231
1.10583
1.03826
0.795103
0.901739
0.986828
0.961607
1.15476
1.15718
0.989751
0.945633
1.23512
1.03704
0.878258
1.00696
1.10339
1.03122
1.06126
0.959722
0.79932
0.862028
0.89101
1.04139
1.1374
0.953591
1.20861
0.949957
1.2108
0.937062
0.919187
0.967734
1.09352
1.12704
1.06067
1.00641
1.01221
0.919047
0.862621
0.814326
1.06489
0.985535
0.991069
1.09578
0.944971
1.07041
0.945734
0.89345
0.898467
0.870911
1.18046
1.03552
1.04786
0.983529
1.04784
0.882605
1.0984
0.835858
0.895513
1.09963
1.10633
0.940931
0.876232
0.907414
1.13597
1.07143
1.08151
1.00649
0.869803
0.956674
1.19291
0.740926
1.06965
1.11156
1.14609
0.913324
0.969554
1.07011
1.06913
0.95948
0.990099
0.995118
1.06183
0.968569
1.00571
0.861311
1.05522
1.07739
1.16904
1.0803
1.07795
1.03208
0.966362
0.890227
1.03345
1.13936
1.01006
1.03441
1.05336
1.02925
0.996471
1.08049
0.903174
0.997857
0.892113
0.944627
0.98762
0.932308
0.980047
0.880956
1.1303
1.06515
1.19442
0.949886
0.888075
1.02427
0.963054
1.01958
1.19335
1.16077
0.915694
1.14246
0.953853
1.02698
0.885968
0.869626
1.10909
0.936434
0.939253
1.07679
0.927867
1.03712
0.913307
0.761846
1.20356
1.07529
1.08182
0.890119
0.964404
0.88997
1.05197
1.01557
0.987175
1.20054
0.943316
0.986571
1.00522
0.957445
1.16121
0.994332
0.925533
0.955517
1.07502
0.913478
1.20044
0.889754
0.994095
0.90705
1.10526
0.887136
0.949084
1.06267
1.01016
1.03513
0.809371
1.00025
0.825176
1.00916
0.872384
1.01644
1.11028
0.918792
1.06063
0.777173
1.07663
0.977566
0.832039
1.01741
0.932087
0.991253
0.980561
0.982872
1.05642
0.912177
0.887521
1.09174
1.04211
1.13722
0.989191
0.856106
0.928649
1.07229
1.04671
1.35316
0.888701
0.908923
1.00059
0.823111
1.14879
1.01483
0.964846
0.953112
0.945757
0.898031
0.959226
0.956622
0.928443
0.818967
1.10567
0.828914
1.02497
1.07354
0.921604
1.0908
0.863001
0.835757
0.775492
1.0363
1.29429
1.06437
0.921334
1.006
1.08254
0.920345
1.00454
0.920579
1.12319
1.05593
0.903275
0.939496
0.940226
1.2199
0.933456
0.931961
0.924754
1.03326
0.872412
0.997447
1.23701
0.990599
0.952679
1.00358
1.17963
0.844802
1.12054
0.994223
0.954605
1.08624
0.94556
0.909905
1.03116
0.993888
0.86629
0.977751
0.838915
0.952791
1.1238
0.930578
1.20142
0.889601
0.969286
1.09403
1.1269
0.911807
0.912372
1.08726
0.97252
0.900876
1.0583
0.923727
1.11786
0.885572
0.87368
0.878808
1.08552
0.900244
0.878596
1.01386
0.965042
0.96889
1.15125
0.934732
0.935669
0.968422
0.951461
0.914258
1.02628
1.02817
1.08629
1.02305
0.883244
1.18584
0.950199
1.01944
1.10174
0.940894
1.037
0.986202
1.04016
0.972146
1.03665
0.980994
0.899615
0.97961
1.02034
1.05924
1.14488
1.05014
1.01451
0.93579
1.02197
0.903157
0.988033
1.00975
1.19034
1.10495
0.842395
1.0024
1.10982
1.02689
0.949503
0.88265
1.14033
1.02951
1.09216
0.924065
1.03984
0.817804
0.859374
0.971111
1.02056
1.19504
0.986946
1.02372
1.1248
1.00472
1.0874
1.02102
1.14267
0.95755
0.968275
1.11604
0.881903
1.15232
0.995937
0.9629
1.10161
1.1512
1.16561
0.956015
1.06134
1.01324
0.945701
1.03759
1.18208
1.03881
1.00736
0.941877
1.10307
1.12407
0.927424
1.15254
0.981226
0.887754
1.05379
1.10207
0.999929
1.00769
0.986134
1.11692
1.21869
0.7857
1.0632
1.19101
1.06714
1.14395
1.00963
0.877024
1.00697
0.894308
0.878517
0.917565
1.05645
1.13022
0.925743
1.176
0.896477
1.04216
0.920243
1.06134
0.988414
1.06685
0.837698
1.09436
1.04224
0.95186
1.09975
1.10564
0.940532
1.03812
0.923214
1.03792
1.01355
1.04706
1.09931
0.938491
1.03748
1.02317
1.08381
1.1715
0.913847
0.998356
1.08515
1.23066
0.999308
0.936743
0.730528
0.968422
1.03633
1.11777
1.27481
1.01525
1.02045
0.881198
0.933584
0.922848
1.04416
1.07406
0.921615
1.04633
1.06805
1.1481
1.07757
1.15482
1.01957
0.909634
0.942572
0.850093
0.837256
0.9504
0.896085
1.02958
0.946971
0.849972
1.09759
1.22174
0.866792
1.02241
0.994969
0.865875
0.801834
0.879245
1.04105
0.955209
1.0758
0.871024
1.03125
0.864535
0.980122
0.993969
0.940928
1.05899
0.882273
0.944827
1.07879
1.09775
0.894442
1.14607
1.09312
0.939473
1.007
0.985015
1.05792
0.983379
1.02848
1.05107
0.994379
1.17059
1.06891
0.916907
1.05546
1.05768
0.996699
0.90224
0.961151
0.977535
1.00159
0.896323
1.01401
1.07526
1.00882
0.979137
1.14204
1.05135
0.918358
0.935861
1.20279
0.836043
0.947312
0.885086
1.05375
1.14886
0.920129
1.07714
0.899266
0.888914
1.04996
0.983109
1.00089
0.946445
0.920403
1.0316
0.965275
1.0099
0.962825
0.981451
0.979889
0.984144
0.934912
0.968167
1.07738
1.06976
0.933288
0.817338
1.12797
1.25674
0.927158
0.923583
1.08504
0.923437
1.0347
1.03485
0.96821
0.928782
1.06258
1.02717
1.14001
0.877919
0.979279
0.940618
0.952371
1.27395
0.716088
0.907172
0.976911
1.03647
0.944004
0.967597
1.03706
0.945049
0.849885
1.05919
1.03041
0.93889
0.940515
0.953267
1.04982
1.17894
0.899981
0.891947
0.95669
0.797876
1.21308
0.902473
1.04232
1.02371
1.13253
1.04824
0.905029
0.94807
1.03516
1.07284
0.900071
1.01217
1.01167
0.828639
1.15375
0.888122
0.908689
0.889348
0.950822
1.05091
0.936347
0.948046
0.92965
0.975993
1.00658
0.97672
0.967069
1.02104
1.03269
0.971398
1.11713
0.908503
1.05344
1.06563
0.938661
0.907886
0.897655
0.966436
1.01698
0.940949
0.923837
0.944053
1.15442
0.965406
1.108
0.917221
1.07058
0.882506
0.976404
0.988973
1.05042
1.05811
0.9081
0.937711
1.20872
1.02332
0.921606
0.796311
0.907866
0.896868
0.885456
0.747826
1.0706
1.08739
0.919937
0.981734
0.897204
0.889853
0.940414
0.872991
0.997442
0.879186
1.04423
1.14339
0.97486
0.962977
0.965
0.938678
0.898943
1.03319
1.2265
0.947389
1.08
1.28976
0.885347
1.11895
0.955564
0.992239
1.09652
0.870012
0.997125
0.866383
0.989019
1.133
0.868693
0.939436
1.04644
1.10793
0.923524
0.947596
1.11078
0.949955
0.822204
0.991924
1.12304
0.972482
1.10747
1.05471
1.01213
0.993247
0.936256
1.07647
0.870686
1.12893
0.947368
0.905294
1.01452
0.808867
1.06524
0.938846
0.862797
1.15643
0.871223
0.872971
1.08201
1.07013
0.988869
1.05425
1.02301
0.902733
1.02822
1.02056
0.819403
1.07856
1.08409
0.867625
0.872266
1.12533
0.906732
1.01958
0.844607
0.98663
1.11379
1.15765
0.93717
0.937816
0.909864
1.02708
1.09557
0.902904
1.08317
1.07886
1.09188
0.825959
0.82442
0.89145
1.00291
1.13464
1.06762
1.08031
0.938373
1.0854
0.996709
1.0288
0.918136
1.11569
1.06368
0.994401
0.941536
1.22818
0.943171
0.904528
1.06325
0.995302
1.0124
1.05217
1.01859
1.08633
0.956942
1.0413
1.02993
0.937422
0.987357
0.975
0.864526
1.24323
0.968137
0.907785
1.04456
1.07422
1.08273
0.976547
1.02162
0.894192
1.06934
0.940272
0.886432
0.91833
0.950957
0.907428
1.07132
1.03875
0.923929
0.941058
0.891735
0.955235
0.846599
1.05582
0.870482
1.11834
0.942997
1.26281
1.03459
0.939897
0.945031
1.06452
0.946497
1.01489
0.907222
1.08678
0.868668
0.998709
1.00889
1.00096
1.02458
1.09415
0.858449
0.997638
0.923346
1.07932
0.963207
0.955879
1.2598
1.0147
1.06043
1.08676
0.798522
0.847545
0.997371
0.934241
1.04357
0.967257
1.002
1.02367
0.86911
0.94856
1.05924
0.947688
0.874294
1.07839
0.962387
1.2254
0.995788
1.13701
1.03182
0.889434
1.06339
0.782935
0.862819
0.93753
0.896107
0.947975
0.852276
1.32905
1.00144
0.888531
0.891398
1.00609
1.2103
1.06363
0.931464
0.895073
1.05592
0.921366
1.00386
1.01415
1.14909
0.945589
0.895917
0.954635
0.941478
1.12206
1.0466
0.986452
1.07923
0.992329
1.0086
1.09982
0.964045
1.10959
0.927948
0.917195
1.01632
0.883535
0.859196
0.880591
1.00131
0.866454
0.940792
0.92032
1.13176
1.09591
0.823625
0.9214
0.803228
1.30404
0.993791
0.901573
1.09464
1.04896
0.906753
0.976864
1.17824
0.903919
1.03162
0.997899
1.00027
0.818535
1.12528
0.893958
0.981141
0.866964
1.04641
0.949678
0.95917
0.992603
0.95736
0.979436
1.0551
1.12273
0.941925
0.904302
0.911593
1.00762
1.05532
1.11974
0.970122
0.848658
1.01972
1.03449
1.03546
0.933392
0.940325
1.21463
0.898248
0.856905
0.952292
0.865448
1.04056
0.928699
0.854711
1.10583
0.923855
1.02627
1.04254
0.996221
0.993756
1.0847
0.965911
0.999899
0.88401
0.859757
0.889969
0.785144
0.874048
0.91152
0.835391
0.948908
0.849904
1.03415
1.13543
1.04968
1.09412
0.944376
0.853374
1.02055
1.05655
0.870143
0.840699
0.971427
1.12332
1.01579
1.04959
0.946096
0.95735
0.944608
0.954253
0.976308
1.02873
0.901612
0.860527
1.03134
0.867665
0.94977
1.06124
0.933395
0.877507
1.15857
0.932497
1.18062
1.08541
0.963552
0.890768
1.14323
1.07717
0.846097
1.16082
0.83551
1.04379
0.87961
1.05825
0.911241
1.09578
0.879372
1.04218
0.994517
1.05766
1.06706
1.2212
0.89272
1.04563
0.901515
0.983026
0.943344
0.907348
0.869909
1.29435
0.980057
0.84659
1.10971
0.872789
0.996935
1.12325
0.999248
0.803428
1.28188
1.1518
0.88813
1.22684
1.0729
1.11275
1.1262
1.00712
0.74883
0.910762
1.14573
1.05345
1.08781
1.02412
1.07321
1.11367
0.940504
0.877831
0.888086
1.03534
0.855913
1.05357
0.991351
0.928319
1.09566
1.13185
0.996292
0.984653
0.930216
0.915522
0.983232
1.00609
1.07163
1.02371
0.944384
0.999469
1.06532
0.793654
0.981512
0.946879
1.06599
1.0599
0.991237
1.07422
0.993946
1.0384
0.866255
0.9371
0.961868
0.944377
1.05116
0.967358
0.987765
1.09419
0.94608
0.876187
1.12001
1.1156
0.7658
1.16616
0.983542
0.938682
0.86581
0.924637
1.14667
0.853173
0.999072
1.22457
0.939342
0.959296
1.0078
1.13695
1.08659
0.961583
0.95898
1.05382
0.774043
1.03134
1.04786
1.05624
1.1734
0.9879
0.98896
1.02599
0.882958
1.1626
1.10228
0.919445
1.02306
1.07432
1.00613
1.21322
0.877575
0.988554
0.909393
0.939921
1.14882
0.99017
1.04058
0.99144
0.961754
0.862323
0.81772
1.04176
1.10935
0.865684
1.01414
0.870943
1.00076
0.975657
1.08194
0.940926
0.754423
0.976014
0.924482
1.0014
0.997814
1.08831
0.805865
0.963379
0.95121
1.01216
0.997714
0.930463
0.873935
1.07057
1.18936
0.981478
0.954629
0.983239
0.912365
0.955907
0.900965
0.936881
1.04837
1.00769
0.966903
0.918866
0.965223
0.965584
0.85079
1.05125
0.935357
0.913566
1.0557
1.01709
0.946119
0.984172
1.13877
0.970289
0.926511
0.95359
0.902737
1.1889
0.846237
1.0159
0.939469
1.03894
1.0257
0.862911
1.2293
0.938145
1.15972
1.011
0.936506
0.999744
0.805247
0.899564
0.935457
0.875921
1.00297
0.898102
1.10875
0.903747
0.803152
1.01241
0.947401
1.10975
0.879562
1.21864
0.986384
0.990315
0.997915
0.977287
0.902083
1.05879
0.919077
0.890897
0.782529
0.963461
0.919751
0.926321
0.988653
0.984131
0.993605
1.22133
1.11629
0.895173
1.11433
1.05198
1.10979
0.970562
0.900539
1.20552
0.923531
1.01396
0.999928
1.04747
1.14189
0.842718
1.04146
1.08067
1.16325
0.943478
1.12131
1.08839
1.05773
0.936657
0.97925
0.984624
0.992164
1.05386
0.974833
1.02376
1.19367
0.938636
1.16556
0.941853
0.942549
1.01692
1.04313
1.0701
1.03468
1.11831
1.18406
0.935232
0.927959
0.974352
1.01021
1.17176
1.1828
1.05603
1.0306
1.05637
1.09215
0.852016
1.0315
0.833681
1.07547
0.995441
0.815605
0.968543
1.02349
0.916417
0.975791
0.942506
0.918827
1.14776
0.800373
1.05971
0.903212
1.04281
0.883302
1.02949
0.908646
1.05991
0.957594
1.17267
0.955899
1.12837
0.980977
0.866247
1.23562
1.0086
0.934518
1.11382
1.08683
1.12361
1.18225
0.946565
0.924743
1.07838
0.93865
0.961496
0.866737
0.868594
0.940588
0.968046
0.915209
1.075
0.943391
0.97276
1.05403
0.87825
0.997687
1.03262
1.04914
0.95156
1.06455
1.12882
0.873949
0.992783
0.937028
1.0687
1.05879
0.99189
1.04174
0.968198
0.923233
0.901951
0.907423
1.06629
0.916667
0.870497
0.92472
1.11107
0.921745
1.11811
1.01063
0.96573
1.02655
1.16151
1.00244
0.890311
1.12471
1.27071
0.954744
0.81388
0.943749
1.09098
0.899651
1.03704
0.891913
1.15432
1.04891
1.10381
0.904521
1.13369
1.05688
1.00601
1.07386
1.11168
1.09609
0.922105
0.940155
0.956883
0.85419
1.0675
1.03036
0.954597
1.07958
1.04893
1.12414
0.927443
0.956219
1.06191
1.03202
0.921993
1.05402
0.911009
1.21333
0.933162
0.860726
1.10088
1.13023
1.02812
1.05915
0.900666
1.20468
1.08802
0.786118
1.17905
0.863546
0.924538
0.938263
0.880566
1.04557
0.958434
1.07909
0.846811
1.03218
1.02604
0.928345
1.02975
0.861096
0.850806
0.963892
0.847922
0.90705
1.01626
0.997269
1.0569
0.921836
1.01843
0.950449
1.07885
1.15513
0.755111
1.06938
0.975336
1.17701
0.84812
0.990138
0.797244
1.0423
0.976672
0.975167
1.0261
0.945
0.929703
0.985015
0.979747
1.10383
0.748873
0.993977
1.06106
1.06166
0.966027
0.825466
0.925761
1.08115
1.01514
1.12755
0.955412
0.982416
1.02323
1.07283
1.13747
0.983183
0.836145
1.15281
1.00552
1.02642
0.907065
1.1399
1.05041
1.11532
0.982619
1.14444
0.968707
0.915963
0.963953
1.18328
0.96
1.0938
0.76939
0.985804
0.959095
0.995984
0.989393
1.03346
0.931625
0.967627
0.960088
0.820029
1.04053
0.782614
0.945403
1.06699
1.12297
1.18255
0.867089
1.02547
1.08079
1.0129
1.04104
0.980318
0.91436
0.918808
0.954091
0.89952
0.892145
1.0883
0.948184
1.38762
1.1139
0.943949
0.974946
0.943631
1.10544
0.793072
1.09475
1.07936
0.91954
0.925298
0.988525
1.17252
1.15316
0.872241
0.986762
0.892333
0.953627
0.87761
0.927412
1.04183
0.893757
0.795088
1.07792
0.98537
1.03484
1.12942
1.10636
0.989296
1.14241
1.0529
1.13931
0.933102
0.879486
1.01684
1.05879
0.919825
0.973377
0.98627
0.848801
1.12152
0.941562
0.737992
0.91955
1.00553
0.881807
1.05087
1.05271
1.03717
0.984412
1.05016
0.913943
0.837565
1.09397
0.823845
0.815818
1.1039
1.11717
0.908936
0.893711
1.07636
1.07748
0.983779
1.07596
0.826193
1.02986
1.01978
1.04969
0.959533
1.11717
0.895922
1.10332
1.04109
1.00573
0.983703
0.990461
0.812566
0.890683
0.993904
0.986376
1.06977
1.0564
0.93833
0.983526
1.04565
1.11532
1.07424
0.991008
1.00787
0.898648
1.05676
1.07521
1.06901
1.06719
0.932193
0.94292
1.01206
0.994362
0.868881
1.03682
1.05997
1.18021
1.18345
0.990479
0.926787
1.06276
1.0733
1.11459
1.08087
0.899672
1.05309
0.866337
0.917799
1.10278
1.1468
0.991235
1.08634
1.03051
1.02591
1.12187
1.04384
1.0766
1.22256
1.32178
0.85809
0.973333
0.870824
0.993447
0.963547
1.0541
0.874133
0.876837
0.771841
1.08255
1.10711
1.08325
1.0239
0.995722
0.954124
0.915304
0.944335
1.10726
0.906301
1.1078
0.977318
0.94194
0.967656
0.912093
0.942541
0.999619
0.95316
1.04741
0.92903
0.891956
1.18688
1.05573
0.996163
0.94071
0.921661
0.940049
1.05082
0.969814
0.980196
1.0453
0.933349
0.905813
0.992715
0.989444
1.06574
0.96109
0.964542
1.01813
0.950117
1.06445
0.945423
0.830148
0.922926
1.05187
0.928948
0.936316
0.949726
0.951572
0.962513
0.925345
0.894198
1.13262
1.04015
1.022
0.896839
0.965194
0.904281
0.915652
1.08201
1.07024
0.942023
1.16076
1.14367
0.961703
0.792328
0.889519
1.10532
0.939944
1.01611
1.09763
1.05038
0.994756
0.813855
0.878836
1.00744
1.03705
1.20263
0.940472
0.997463
1.0031
1.09722
1.00662
0.983849
1.19552
0.947056
0.80304
1.1949
1.01535
1.16693
0.921304
0.897086
1.16703
0.9038
0.93333
1.02966
1.04814
1.02626
0.92236
0.866981
0.928721
1.15227
1.03347
0.940394
0.980335
1.00578
1.02598
0.878973
0.986389
0.965076
0.904334
0.952637
0.946763
1.00653
1.04958
1.04202
1.09384
1.07081
1.046
1.05044
0.867949
0.942495
0.892895
1.24689
0.832925
1.10757
1.01945
1.17658
0.983143
0.929249
1.13387
0.999029
0.95051
0.968461
1.09451
1.1123
0.791534
0.891124
0.942807
0.889455
1.01415
0.929129
1.03861
1.07193
1.02927
0.912661
0.884346
1.07381
0.982707
0.947217
0.977751
0.987303
0.892906
0.868933
0.937542
0.996456
0.866196
1.04203
1.02629
0.883637
0.807013
1.11114
1.10484
1.11145
0.816382
0.971076
0.94365
0.995488
1.14537
0.979944
0.872945
0.938428
0.77116
0.984202
1.02825
1.03304
0.883438
0.942798
0.872951
1.00545
1.0794
0.836385
0.965562
1.0405
0.929208
1.01699
0.932356
0.834237
0.853418
1.02251
1.13008
0.847454
0.935836
0.861091
0.89714
0.979769
1.21643
1.0806
1.01243
0.946573
1.12113
1.09461
1.03985
0.806265
0.980677
0.944598
0.982162
1.04913
0.873118
1.12231
0.939361
1.11411
1.08384
1.02298
0.933996
0.944554
1.20104
0.942879
0.942696
0.81658
1.02219
1.01893
0.936837
1.06341
0.997435
0.815974
0.986977
0.912155
1.11722
0.987188
0.976772
1.11138
1.14996
1.14505
1.23744
1.08058
0.907148
1.13676
1.03472
1.01433
0.945446
1.09892
0.825678
1.16887
0.951653
0.95007
0.978578
0.89818
0.874791
1.00852
0.813644
1.04571
1.02918
0.849993
1.18627
1.09709
1.01031
1.07038
0.988946
1.07151
0.783348
0.910938
1.18149
1.17005
1.04588
0.989647
0.933564
1.00375
1.02265
0.99992
0.867866
0.985331
1.05582
1.05272
1.00857
0.989707
0.878952
0.889094
1.1244
1.30307
0.966325
1.10501
0.952213
1.03158
1.03525
0.96694
1.03842
1.01281
1.0032
0.919091
0.980487
1.0933
1.04337
1.04487
1.00456
0.857338
1.07898
0.969151
1.02447
0.902838
1.07931
1.0091
0.989694
1.01635
1.03374
0.895236
1.12169
0.912776
1.00298
0.865281
1.01261
0.934154
1.08725
0.907562
1.04744
0.84168
1.02425
1.10067
0.916325
0.974855
0.987487
1.0101
0.997812
0.99734
0.700402
0.898404
1.063
0.91907
0.917964
0.961869
1.0039
0.89161
0.879163
0.961563
0.98149
1.07094
1.09953
1.10501
0.974728
1.1803
0.796481
0.957954
0.929389
0.882243
0.890131
0.723018
1.08318
1.11874
0.893499
1.07421
0.865619
1.06586
0.967059
1.21108
0.850627
1.16777
0.85015
1.03765
0.933823
1.03838
1.00331
1.18442
1.05717
1.03697
0.890258
1.04716
0.997759
0.933948
1.03248
0.967466
0.858853
1.03388
0.875615
1.01101
1.06217
1.08853
0.983622
0.915385
0.978846
1.00892
0.86756
0.899209
0.808013
1.139
1.02745
1.0464
0.9308
1.1887
0.895912
0.984104
0.870268
1.15408
0.961234
1.05591
0.960962
0.947369
0.796046
0.990406
0.930066
1.06245
1.20372
1.05434
0.972744
0.990387
0.916683
1.03455
0.796026
0.874402
0.89505
0.967253
1.13517
1.03717
0.875507
0.911363
0.953226
0.944911
0.907804
1.16774
0.929496
0.944192
0.967537
1.03352
1.03563
1.05136
0.894755
1.0314
0.949891
0.867451
1.0892
1.09035
1.05427
1.00671
0.958492
1.1314
1.05423
0.831084
1.10392
0.93177
1.00632
0.903481
1.08743
1.08889
0.977266
1.22735
1.014
1.04366
0.973435
1.01998
1.04069
0.829944
1.04533
0.955614
0.959222
1.00377
1.01991
1.10969
1.11293
1.05387
1.07844
1.01233
0.946222
1.14767
1.19414
1.23632
0.898731
0.991674
0.939603
1.0682
1.08022
1.15039
0.884205
1.08097
0.854402
0.957263
0.895599
0.97975
0.944065
1.1349
0.979314
1.00003
0.99827
1.01442
0.900306
0.94873
0.932195
1.03227
1.0398
0.945233
1.10972
0.916948
0.863123
0.918893
1.06714
0.991423
1.06281
0.882405
0.885909
1.12467
1.01113
0.922164
0.980131
0.937339
0.983647
0.960568
1.05096
1.13255
1.13553
1.00108
1.01738
0.990019
0.935975
1.0005
1.02354
1.00733
1.12395
1.06751
0.989425
1.12885
1.08359
1.08514
0.872717
0.9054
0.97384
1.04656
0.924658
1.05716
1.10325
0.958308
0.843027
1.14975
1.11929
0.942887
0.8958
1.03027
1.06984
0.753736
0.894424
1.00713
1.13107
1.08142
1.13653
1.01109
0.884585
0.824507
0.948349
1.10619
0.803796
0.968932
1.00992
0.889468
1.10745
0.983343
1.11214
0.804092
1.227
0.980035
1.06597
1.00089
1.0636
0.927152
1.09695
0.957217
1.12228
0.840965
1.05798
1.14013
0.802561
0.91139
0.867752
0.925467
0.992383
1.00579
0.936657
1.00352
0.868406
1.01025
1.01562
1.16483
0.819993
0.916647
0.932588
1.11872
0.846139
0.946918
0.921929
1.22312
0.916768
1.13264
0.937391
1.11533
0.858217
0.903095
1.12286
0.993987
0.913841
0.844967
1.07642
1.04615
1.03438
1.15957
1.15539
1.03315
1.16945
1.08106
0.813137
1.09664
0.868995
0.966667
0.908266
0.780095
0.846004
0.938855
1.09041
1.11577
1.043
1.07284
0.943784
0.983653
0.940553
0.930875
0.782997
1.18529
1.09802
1.0764
1.07493
0.910723
1.16536
1.01445
1.07634
0.899511
0.931711
1.00724
1.0961
1.00195
0.877168
1.02402
0.95802
0.902417
1.02119
1.0348
1.02442
0.955254
1.01826
0.98242
1.02461
0.968828
1.01952
0.918901
0.999347
1.06846
0.975377
1.03804
0.986891
1.09133
0.938672
0.97433
0.921137
0.873875
1.06232
1.05521
0.98893
1.08571
0.920735
1.03409
0.782361
1.00352
0.981648
0.931865
1.14609
1.10451
0.816004
1.02067
1.07581
0.977136
1.00381
1.02586
1.05424
1.01263
0.955624
1.25846
1.00816
0.924503
1.0123
0.929041
1.05074
0.978769
1.06148
1.11922
0.89574
1.04685
1.1411
1.14681
0.987164
0.983009
0.850414
0.858737
1.01882
0.949721
0.880801
0.990943
1.0198
0.993005
1.01733
0.913869
0.897285
1.09576
0.939503
1.10657
1.03643
0.996116
1.11979
0.950458
0.935994
1.06154
1.07459
0.99365
1.04307
0.90931
0.909564
0.871911
1.05995
1.11779
0.977299
0.99731
0.845103
1.06248
1.10148
1.07535
1.09004
1.07955
0.953002
1.14648
0.857689
1.09666
0.966401
1.12931
1.03883
0.891403
1.10029
1.07756
1.12591
1.00029
0.911342
0.979117
1.07702
0.826509
1.26121
0.929939
1.17966
0.948661
1.02444
0.91624
1.11188
1.04779
1.00479
0.88208
0.983255
0.867474
1.15406
0.872367
1.1276
1.00374
0.95475
1.16605
0.881342
1.08205
0.941169
1.02034
1.01602
1.03057
0.885626
0.942727
0.958549
0.885032
1.03029
1.08993
1.1476
1.09564
0.922576
0.870675
0.817084
0.926887
0.879205
0.89322
1.06531
0.907467
0.903341
0.998132
0.922144
0.853143
1.08948
0.923673
0.820231
1.02163
0.960374
1.02638
1.01739
1.18854
1.048
0.999746
0.987018
1.0358
0.981332
0.88371
1.05584
1.01704
1.05502
1.01688
0.846435
1.08463
1.26455
1.06937
0.97929
1.14201
0.921174
1.09832
1.05742
0.998068
0.791624
0.892191
0.888954
0.804421
1.05539
1.13514
0.957241
1.11982
1.07849
0.822405
1.11873
1.00102
0.967195
0.99293
1.0469
1.02171
1.01904
0.885023
0.838585
1.06619
0.961898
0.972119
0.828201
1.0938
0.929134
1.06908
0.931225
0.996988
0.955056
1.08416
1.0791
1.03527
1.00341
0.841301
0.880335
0.797965
1.02927
0.933043
0.985954
0.844025
0.848998
0.930257
1.07082
1.026
0.858474
1.04089
0.930188
1.00518
1.04963
0.923593
0.946993
0.989036
0.985882
0.950176
1.106
0.911157
1.04076
0.877463
1.07628
0.955959
1.21721
0.827888
1.02385
1.11763
0.933848
0.994772
1.02566
0.763731
1.03276
0.832652
0.904397
1.01417
1.09984
1.1603
0.973762
1.05876
0.908213
0.997101
1.00145
1.00333
0.993556
1.04932
1.04895
0.951758
1.03119
0.854867
0.977308
1.03776
1.11613
1.13584
1.14494
0.994734
0.970653
1.04066
0.917335
1.04784
0.964759
1.08432
1.16576
0.946548
1.17679
0.899034
0.943511
0.925475
0.852915
1.08125
1.03185
1.00034
0.988158
0.905468
0.914247
0.874378
0.988641
1.00075
0.973499
0.787333
1.06635
0.790174
1.1725
0.776675
1.099
1.01517
1.00594
0.992784
0.999376
0.985982
0.801505
0.866265
1.09518
1.01809
1.02394
1.02952
1.08528
0.921173
1.05543
1.12896
0.987556
1.03351
0.809322
0.930222
0.986939
1.04034
0.93784
0.858743
1.03029
1.1554
0.873007
0.997311
1.04902
0.956172
0.99821
0.826974
0.91556
1.12848
1.10407
1.01868
0.958946
0.944955
1.07697
0.95028
0.97798
0.744881
0.906998
0.961531
0.925209
1.05284
0.943263
0.953016
0.776102
0.85789
0.943335
1.10071
0.851423
0.937417
0.986533
1.14013
0.978592
0.937315
1.07084
0.947083
0.932745
1.13621
1.16443
0.875072
1.09973
0.773486
1.01325
0.884775
1.00765
0.918309
1.09208
0.943868
0.96474
0.886387
1.11064
1.1196
1.13849
1.16797
0.909435
1.11117
0.944961
0.889366
1.0709
1.10638
0.950536
0.857751
1.01473
1.07592
1.01374
1.20618
0.870562
1.018
1.15492
1.04373
1.02229
1.09309
1.09405
0.99335
1.0402
1.11128
0.962471
1.06187
1.09299
0.968559
1.03416
1.02057
0.936954
1.08786
0.823781
0.857843
0.968222
1.02075
0.95106
1.18646
0.949411
0.913516
1.17397
0.928909
0.947243
0.892169
1.00673
1.02886
0.995868
0.828311
1.05738
0.864045
0.905913
1.04607
1.01388
1.0041
0.869851
1.00241
1.05185
0.936038
1.01776
0.92573
0.92471
1.15084
0.973728
1.2234
0.886172
1.09468
0.84391
0.954126
0.89917
1.03753
1.01991
0.985076
1.08603
1.01364
1.07245
1.11297
0.941913
1.00727
1.03832
1.11976
1.10745
1.06359
0.992062
0.97837
1.21937
1.07305
1.00417
0.943158
1.24024
1.02174
1.09045
0.955827
1.0027
0.954988
0.954975
0.945362
1.12755
0.964446
1.00825
1.03865
0.971965
1.05477
0.942199
1.06618
0.970125
1.01346
0.952125
0.941507
1.02317
0.980515
0.927561
1.06232
0.968412
0.887477
1.1567
0.993776
0.977283
1.00216
0.992912
1.04612
0.983038
1.08153
0.884609
1.09038
1.09968
0.784783
0.969436
1.04081
0.992794
1.07822
1.00579
1.08466
1.15499
1.19929
0.91939
1.00696
1.16554
0.956196
0.951947
0.911399
0.969401
0.930643
1.0461
1.14833
0.884566
0.952549
1.042
0.925112
0.933617
1.03157
0.976654
1.01846
1.06511
1.12984
0.95206
1.00676
1.14023
1.02931
0.92262
1.26053
1.19121
0.99059
0.971013
1.02
0.943492
0.989197
1.02278
0.845591
0.832271
0.971223
0.971187
1.01574
0.874652
1.07431
0.911556
1.06947
0.8769
0.782907
1.07831
1.13618
0.973362
1.06984
1.00571
0.965624
0.889335
0.943588
1.11887
1.06912
0.89045
1.18445
1.08165
1.13709
0.979331
1.02429
0.996564
1.02188
0.968735
0.950983
1.071
0.937273
0.869931
0.963339
0.978785
1.00523
1.09364
1.11541
0.863843
0.905221
0.97356
1.13148
1.15419
1.00737
1.20503
1.02268
1.00244
0.971912
1.21217
1.12183
0.91389
1.02366
0.963335
0.927052
1.05834
1.06369
1.15117
0.893266
1.09457
1.09254
1.08304
0.944984
1.03705
0.942735
0.94975
0.936109
1.09304
0.941303
0.956106
1.00941
1.00047
0.96434
0.882257
0.983747
1.07738
1.06005
0.894556
0.954295
1.10483
0.900592
1.08136
0.870455
0.918341
1.04974
1.04112
1.08097
1.00399
0.980483
1.10749
1.2886
0.83142
1.23858
0.992704
1.15901
1.05578
1.0943
0.992364
0.936796
0.933898
1.07569
1.07333
0.978186
0.982968
0.930933
0.861025
0.89137
0.980036
0.953144
0.883544
1.06203
1.10424
0.928909
1.09766
1.0016
1.17257
0.978926
0.868373
1.21397
0.93531
1.02857
0.733821
0.953814
1.1383
1.07397
1.02642
1.22535
1.07913
1.04914
1.04461
0.875255
1.09225
1.12046
1.16559
0.913487
1.00265
0.91652
1.02987
0.895614
1.02468
1.03633
1.17649
0.996257
0.939653
0.9723
0.902059
0.85506
0.937214
1.20453
1.02162
0.999676
1.03656
1.01159
1.01875
0.939913
1.08385
1.14583
1.05292
0.945132
0.990665
0.971802
1.03035
0.96481
1.143
1.0096
0.930455
1.00442
1.02116
0.870207
0.908958
0.965052
1.00366
0.975453
1.00241
0.870754
1.02451
0.979364
1.02941
0.969012
0.975367
1.14266
1.09225
1.0591
1.00097
0.925099
1.11537
1.07451
1.11956
0.969892
0.90258
1.07362
1.05514
1.06792
1.05229
0.931006
1.01876
0.963662
0.952127
1.02672
1.10932
0.931722
0.891305
0.905375
1.07916
0.938711
1.09282
0.873512
1.13739
0.96274
1.15307
1.09249
0.841046
1.11999
0.672981
0.767831
1.07869
1.04108
0.945049
0.860743
0.905663
1.21094
0.768327
1.0972
0.933416
0.820647
1.10269
0.985897
0.93814
0.887209
1.07386
0.996385
0.966151
0.931512
0.886434
1.06603
0.871936
0.853846
0.960417
1.03614
1.0414
1.17546
0.790965
1.13305
0.925336
0.887408
0.990875
0.91508
0.779995
1.04442
1.0521
0.766881
1.05784
0.929163
0.934109
1.11734
1.06474
0.972042
0.923024
0.966097
1.05733
1.20969
0.984422
0.898923
1.16665
1.1476
1.0296
0.964777
0.913984
0.898897
1.04373
1.10952
1.13533
1.06712
0.94013
1.04173
0.932137
0.881753
0.830826
0.855926
1.17802
0.966154
0.941727
0.917195
0.951596
0.765933
1.20896
1.17764
0.967539
1.17456
1.10014
1.00841
0.933915
1.14574
0.922642
1.10696
1.04311
1.11281
0.958464
1.0353
0.863273
0.993496
1.13257
0.953533
0.969992
1.04622
1.01266
0.857832
0.95862
0.908017
1.12225
1.05718
0.938462
0.958882
0.881825
0.991547
1.0714
0.992763
0.980984
1.01159
0.982196
1.1797
1.24535
1.10201
1.02355
0.902831
1.07711
0.981254
0.921316
1.14751
1.07891
0.866038
0.959938
1.13125
1.04429
1.2516
1.05711
0.880126
0.899926
1.01889
0.888836
1.01804
1.03576
1.27606
0.929535
0.97262
0.845719
0.971624
0.949667
0.913948
0.910461
0.986613
0.782742
0.887525
1.01424
0.84109
0.931965
0.947751
1.08524
1.13033
1.11156
0.880544
0.977132
1.02394
0.953128
1.05517
0.86566
1.02829
0.986314
0.953884
1.03233
0.931443
1.2121
1.03818
0.962528
1.081
0.991027
0.99296
0.915529
1.00877
0.975709
0.913672
1.01406
0.832715
1.24624
1.0924
1.06747
0.883078
1.03615
1.0257
0.994212
0.901055
0.791961
0.991889
1.0048
0.915366
1.10894
0.94222
0.853418
1.00663
0.859953
0.927036
1.04818
1.10318
1.23046
0.864926
1.05701
0.984356
0.895008
0.988108
1.00012
0.889571
1.1406
1.16879
0.889413
0.921722
1.05073
0.841627
1.10235
1.11475
0.953319
1.04429
1.10396
0.962818
0.944085
1.25234
0.907224
1.12343
1.03582
0.871527
1.0178
1.216
1.00075
1.19318
0.936128
1.05709
1.15516
1.06828
1.0733
1.03128
1.04119
0.90546
1.04073
1.02178
1.1099
0.994916
0.846926
1.05782
0.926856
0.996677
0.962659
1.03567
1.08073
0.974376
0.991647
0.952185
1.01768
0.900986
0.947945
0.880952
0.981933
1.12652
0.983865
0.921702
0.827245
0.924038
1.05067
0.931785
0.922395
1.00309
1.03949
1.15809
0.993861
0.966805
0.961765
0.876442
1.07895
0.950745
0.958044
1.05197
0.976893
1.03242
1.02446
1.04305
0.998216
0.847065
0.94493
1.0163
1.11672
0.689146
0.941835
0.958766
0.983644
0.804278
0.926933
0.853159
1.03285
0.874795
0.988044
0.953582
1.04199
1.0046
1.09799
1.00019
0.928288
1.26598
0.992226
0.851856
1.11121
0.911153
1.19848
0.897575
1.01906
1.03544
0.946803
1.04152
0.900055
1.25028
0.949263
1.10137
0.951799
1.01443
0.972625
1.04459
0.895164
1.09317
0.93076
1.16313
0.840531
1.00308
1.07388
0.930203
0.979994
1.08129
1.12558
0.79201
0.899484
1.02098
0.932358
1.15877
1.0078
1.05619
1.00942
1.15222
1.11293
1.19212
0.986441
1.02581
0.899035
0.915162
0.982353
1.18632
1.11171
0.889984
1.06623
1.17715
1.03547
0.800412
1.09164
1.14813
0.86387
0.968103
1.20014
1.01577
0.974556
1.16419
1.00093
0.936034
0.830861
0.866222
0.933877
0.882308
1.10607
1.07842
1.00315
1.03374
0.902863
0.870011
0.952042
1.09759
0.928899
1.0451
0.974382
0.918374
0.959796
1.03297
1.05785
0.958372
1.10367
1.03746
1.0405
0.966837
0.878958
1.04953
1.15226
0.957666
0.868776
1.0042
0.957003
1.08493
0.896827
1.08233
0.897266
0.999397
0.977597
0.918779
1.06647
1.09218
1.17765
0.961604
0.994724
1.07974
0.939691
1.02457
1.01528
1.0469
0.983494
1.00488
0.730208
1.12747
1.03919
0.952267
0.991744
0.868703
0.722527
0.978588
1.0758
0.797318
1.0225
0.920567
0.940145
1.25061
0.954184
1.04651
1.00846
1.31632
0.89071
0.967835
1.02508
1.0028
1.14296
0.983648
1.03603
1.03504
1.04747
1.17091
0.888731
0.91654
1.18782
0.885851
0.9417
1.06509
0.811106
0.993246
0.98695
0.897167
1.0358
1.02675
1.21643
0.974751
0.97656
1.06093
0.968655
0.815914
0.981037
0.955848
1.02608
1.07869
0.914575
0.960811
0.907285
1.13322
0.968131
0.974672
0.878278
1.14079
1.11695
1.01888
1.01859
0.935466
0.977002
1.04416
1.05261
1.13217
0.892001
1.14926
1.04488
1.02613
0.867299
0.856973
1.09009
1.17253
0.971845
0.975001
1.14145
1.11529
1.00577
0.973613
0.951954
1.00104
1.14118
0.998327
1.21751
1.13427
1.11973
1.05737
0.848165
1.01978
1.06386
1.01755
0.906553
1.17761
1.04043
0.922479
0.944415
1.03751
0.898777
1.03828
0.935339
1.0227
1.13353
1.12867
0.962996
0.803007
0.819359
1.08299
0.90809
1.01722
0.916448
1.00939
0.861026
0.944405
1.10944
1.11585
1.10223
0.861157
0.941743
1.00656
1.092
1.09187
1.0977
0.978515
1.10062
0.786491
1.12273
1.08434
0.931121
0.988789
0.988782
0.899529
0.846908
1.06128
1.08413
1.03974
0.958911
0.942175
1.13366
1.04426
1.09607
1.01167
0.937445
1.13825
1.14318
1.09303
0.983403
1.05572
0.895259
1.0254
1.11647
1.07005
0.960842
1.06621
0.906717
0.988434
1.21288
0.983522
0.985008
1.03955
1.19976
1.174
1.00616
0.988025
1.08676
1.019
1.03509
0.923926
1.08487
0.955577
0.976304
1.0072
0.87526
0.947891
1.11564
1.02428
1.12191
0.807539
1.14995
1.09661
0.94769
0.868604
1.1963
1.00145
1.1221
0.940335
1.09071
1.02687
1.01863
1.03319
0.940028
0.957495
0.663487
0.873323
0.745704
1.11684
1.00136
1.11926
0.901998
0.887104
1.11873
0.923904
1.06337
1.0023
0.930872
0.897839
1.23867
0.930701
0.78507
1.03446
1.11092
0.935911
0.780021
1.09981
0.999259
1.10821
0.880365
1.08451
0.936566
0.788309
1.05998
1.24862
0.989504
1.13517
0.991291
0.857474
0.88268
1.05772
1.21918
1.05602
0.887013
0.98554
1.24556
1.0383
1.04027
1.04464
0.95884
1.03952
1.03649
0.993307
0.912769
0.857971
1.01636
0.814874
0.941894
0.85325
1.06106
0.897537
0.971186
0.95726
1.03257
1.05127
0.96882
0.982981
0.86989
0.985459
1.11437
0.899167
0.8517
1.08748
1.0904
0.936821
0.967389
1.07407
1.10412
0.926765
1.04871
1.02136
0.945625
1.07344
1.02191
0.814948
0.898296
1.05465
1.03382
0.904005
0.994271
0.887309
1.03224
1.13605
1.00347
1.00251
0.918486
1.18445
0.949743
0.970932
0.878878
0.864947
0.912093
0.928886
1.0078
0.959191
0.998556
1.16911
1.09805
0.897281
0.912343
0.829622
0.881304
0.909238
1.0113
0.989738
0.87976
0.889038
1.06019
1.05926
1.16151
0.929948
0.859909
0.99778
1.069
0.959604
1.0505
0.967874
0.786512
0.815049
0.919172
1.10021
1.09056
0.961269
1.13898
1.19566
1.00775
1.04878
0.94142
1.01107
1.01784
0.895471
0.92295
0.958119
1.04898
1.10569
1.07282
1.0961
0.956102
0.991909
0.956781
1.08638
0.885762
1.02652
0.96996
0.960014
0.891154
1.12811
1.01455
1.14149
0.944497
1.05893
1.08443
0.847258
1.16708
0.911767
0.996437
1.03455
0.976126
1.06789
0.909751
1.01659
0.976582
0.9665
1.10029
0.933073
0.968721
0.983378
1.01059
1.09463
1.03366
1.08987
1.08938
0.846602
1.06356
0.965657
1.15666
1.01947
0.952713
0.928014
1.01373
1.05071
1.0486
0.958008
1.07193
1.10147
0.769682
1.01191
1.04284
1.09683
0.895864
1.11395
0.889255
0.898734
1.03921
1.04845
1.10304
1.06977
0.956896
0.964051
0.955053
1.1659
1.0956
0.981145
0.973091
0.982448
1.00627
0.796424
1.16554
1.01877
1.02236
0.928806
0.991902
0.940352
0.945954
1.01052
1.03702
0.960551
0.937415
0.862636
0.885612
0.883435
0.987486
1.08176
1.06547
0.850497
1.03443
1.1506
1.13374
1.17695
1.07345
0.982942
0.876526
1.12504
1.1939
1.10594
0.985512
0.871111
0.944343
1.18757
1.05234
0.993754
0.778896
1.01938
1.04386
0.794833
1.1458
0.930125
0.974493
0.938044
1.02053
1.10723
0.917549
1.12395
0.949674
0.863184
0.88019
1.01353
0.924814
1.07726
1.00462
0.968349
1.04774
0.906509
1.19578
1.00861
1.10856
0.904299
1.07084
0.98052
0.966769
1.13254
0.998631
1.07528
1.01114
1.02131
1.10233
0.86314
0.870252
0.916272
0.901279
0.927229
1.0858
1.07382
1.0545
1.17605
1.12407
0.971359
1.11142
0.910224
1.01579
0.964523
0.974174
0.896413
0.988629
0.940576
1.14887
1.00929
1.03691
0.902587
1.13446
1.06178
0.878352
1.09435
0.982146
1.19292
0.901704
1.11927
1.18824
1.09162
1.13461
1.24223
1.02719
1.07444
1.14976
0.941634
1.06272
1.07345
1.04437
1.12731
0.94158
0.881566
1.161
0.926148
0.852843
0.998283
1.1297
0.898934
0.974477
1.0507
1.08377
0.999109
0.932988
0.909386
0.892759
0.991108
0.989918
0.827242
1.18901
1.07847
1.01496
0.959911
1.06872
0.955476
0.836164
0.968328
1.0609
0.991792
0.976106
1.08016
1.15319
1.02983
0.954192
1.10577
1.02736
1.04689
1.09188
0.912805
1.07587
1.05604
1.02543
0.862167
0.978013
0.901706
1.04533
0.994691
1.02959
0.937111
0.976623
0.968698
1.0253
1.01925
1.01727
0.954783
0.998379
0.934527
1.05154
0.893576
1.09368
1.19405
1.01532
0.971804
0.881314
1.12044
1.04176
1.00827
1.04067
1.08356
1.05882
1.10482
1.06002
0.937005
1.0315
0.884554
0.979312
0.857564
1.0035
0.807941
1.06861
0.9676
0.986096
1.05026
0.982929
1.0521
0.881733
0.72642
1.14804
0.928411
1.04024
0.840792
0.845187
0.914169
0.966961
0.937473
0.90344
0.944982
1.09605
0.903244
1.11321
0.987593
0.892476
1.03967
1.2402
0.970212
0.841324
0.917769
1.00202
0.795228
0.893093
0.910262
0.995081
0.992676
1.10547
1.14589
1.07012
0.969997
0.900219
1.19218
0.885085
1.20141
1.04963
1.03378
1.14992
1.07971
1.05627
0.926244
1.00766
0.860694
1.02518
1.00294
0.994657
1.05095
1.0022
0.956048
1.03495
1.04641
0.871168
1.02714
0.990577
1.2305
0.867065
1.13375
0.881021
1.12925
1.14025
0.998767
1.00335
1.00525
1.004
1.28198
0.957083
1.03614
1.11483
0.951651
0.922649
0.968894
0.929542
0.980326
0.899419
1.00162
1.05164
0.852495
0.893129
1.17585
0.955033
0.95579
0.852512
0.891325
0.984968
0.945288
0.959295
0.953683
1.02295
1.07896
1.03582
1.04704
0.989684
0.929774
0.957969
1.01937
0.88966
0.908441
1.1208
1.21287
1.09045
0.891326
0.970874
0.929641
1.08084
0.863676
0.988434
0.887847
0.84588
1.09913
1.04453
1.02095
1.11683
1.024
0.910226
0.977045
0.960265
1.08288
0.94875
0.950941
1.07408
0.980368
1.11494
0.841653
1.00714
0.934024
0.971895
1.112
0.925936
0.908632
0.96418
1.04992
0.912807
1.02368
0.977041
1.07859
1.0368
0.984567
1.03421
1.01458
0.976014
0.87511
0.877946
1.03736
1.01326
1.02341
0.941918
1.15024
0.87698
1.11378
1.03076
1.09027
1.05128
0.851438
1.15589
1.20812
1.06794
0.989349
0.787683
1.03119
1.07594
0.928222
1.21663
0.909195
0.925506
1.00105
1.08368
1.07279
1.11414
0.935123
0.874882
0.865918
1.00963
1.2768
0.982346
1.00736
0.970155
1.07767
0.963895
1.20819
0.932785
0.9391
1.14445
1.06141
0.934576
0.928364
1.07393
1.09885
1.11521
1.12335
1.05683
0.969466
0.936793
1.05951
0.892166
1.08405
0.894555
1.09549
1.02512
1.01027
0.982746
1.06478
0.977622
1.10164
1.06536
1.12041
1.03752
0.990487
1.12689
0.983304
0.997848
0.938213
0.908258
1.06716
1.19364
1.05891
1.16384
0.945559
0.995484
1.00317
1.0604
0.905564
0.97274
0.910969
0.897402
0.979038
0.989253
1.05508
0.908276
1.19894
0.91061
0.925103
0.977853
1.0321
0.876556
0.890678
0.979206
0.884053
1.10499
0.845113
0.907411
0.970543
1.05761
0.835116
1.03858
0.918952
1.00822
1.07977
1.18485
0.758407
0.895447
0.96543
0.926332
1.30625
1.23713
1.01488
1.10882
1.00295
0.882495
1.01844
1.0582
1.10956
1.0226
1.13467
0.8593
0.841119
0.932124
0.994336
0.901333
1.07213
1.09581
0.893238
0.971962
0.910532
0.940226
1.01692
1.04778
0.975693
1.01346
0.98503
1.14733
1.02532
0.786133
1.03195
1.13946
0.950878
1.10236
0.97102
0.977911
1.05757
1.02265
0.934579
1.09938
1.00055
1.03147
0.959588
1.0602
0.912296
1.14624
0.963548
0.902276
1.03363
0.990825
0.972588
0.918014
1.03357
0.778105
0.879497
1.14247
1.05754
0.958638
0.861869
1.10834
1.11593
1.0826
0.9673
0.977802
0.8889
0.991894
1.12513
0.912036
1.17674
0.8509
1.20656
0.977306
1.22011
0.870443
1.12666
0.910454
1.17195
0.999218
1.02491
1.1558
0.962825
1.24119
1.01851
1.02853
1.14707
1.00626
0.959945
1.03205
1.04562
1.04648
1.21167
1.00912
1.01678
0.810426
0.883715
1.06377
1.02858
0.996727
1.03695
1.12747
1.10612
1.22488
1.07781
1.23573
1.06093
1.00809
0.926956
0.818607
1.18035
0.92218
1.21769
1.12413
0.969058
1.05451
0.998061
1.02058
1.15625
0.944577
1.07495
0.964948
0.853194
1.10702
0.849101
1.02322
0.999551
1.13401
1.03518
0.871194
1.0055
0.995591
0.864181
0.89314
1.10334
1.04742
1.22993
1.03058
1.08526
1.13641
1.05309
0.955474
0.848325
0.859641
0.947538
1.05969
0.987375
0.891606
1.16455
0.960852
0.896421
1.04757
1.02568
1.09039
0.932568
0.967999
1.08009
1.23515
0.828874
1.07267
1.01486
0.931234
0.984951
1.01233
1.05763
1.05289
0.962993
0.891615
1.18828
0.992156
1.09846
0.97718
0.968254
1.00221
1.06852
0.987507
1.00249
0.845278
1.01079
0.882689
0.795378
0.887644
0.892126
1.19117
1.11461
0.983925
1.04167
0.956435
1.10667
1.06133
1.05377
1.05056
1.25392
0.8745
1.04071
1.14623
1.03554
0.899424
0.887569
1.07366
0.949606
1.02221
1.18165
1.03613
1.15557
0.923957
0.940158
1.00745
0.926302
0.986134
1.16573
0.994129
0.85559
0.972411
0.995346
0.917845
0.964408
0.972395
0.949846
1.01269
0.802989
0.855049
1.08535
1.08003
1.12931
0.98238
0.834091
1.03515
0.965937
0.892222
0.869573
0.917582
1.21647
1.06113
1.05411
1.02939
1.0382
1.08235
0.981912
0.953371
0.803685
0.87096
1.06013
1.29323
1.153
1.06686
1.0563
0.934798
0.829838
0.943004
0.971468
1.01324
0.998734
1.16506
0.930051
1.06447
0.876008
1.02861
0.923478
1.23877
1.09733
0.937899
1.16428
0.973398
1.13547
0.905436
1.10032
0.998314
0.917747
1.09604
1.10921
1.16309
0.726471
0.98913
0.977962
1.00082
1.14467
1.04621
0.845078
1.00501
0.845065
1.07842
0.970305
0.880421
0.985618
1.16831
0.886549
1.02714
1.04135
0.933703
0.802434
0.848843
1.0251
0.956805
0.94356
1.22572
1.08278
1.31255
0.850196
0.943643
1.02639
0.922155
1.1843
1.07131
1.01866
1.02335
0.917591
1.06429
1.15895
0.905005
1.09407
0.873658
1.1257
0.98785
0.870503
1.08755
1.17106
1.05469
1.04467
1.18607
0.922064
0.955572
0.925521
0.830257
1.07005
1.03978
1.07781
1.03413
1.18809
1.02064
0.834418
1.1546
1.07317
0.98923
1.08118
1.04194
1.15101
0.934431
0.988006
0.935849
0.853289
0.990603
1.17954
1.01291
0.962139
1.04374
1.04808
1.02211
1.00816
1.01302
1.00201
1.03062
0.812277
0.910388
0.885446
0.873114
0.974734
0.812023
0.882515
1.08452
1.15246
0.917146
0.929777
1.01359
1.00729
1.10128
1.20792
0.912312
1.14518
1.0606
1.06326
1.03744
1.13809
1.16442
1.02594
0.968586
0.982137
1.02957
1.29916
0.948025
1.05875
1.05214
1.11369
0.959083
0.935715
1.01044
0.971562
1.05487
0.990838
1.03431
0.924185
1.06412
1.11612
1.12988
1.03255
1.05416
0.954795
0.94925
0.964074
1.03368
0.946697
0.866107
0.92512
1.01613
0.869136
1.04357
1.15039
1.01443
1.17801
1.03095
1.01605
0.990345
0.989708
0.952871
0.858641
1.06095
0.994928
0.899066
0.929341
0.867754
0.952219
1.03976
0.954783
1.00821
0.913763
0.996299
0.998251
0.976862
1.14693
0.996527
0.876385
1.08675
0.921928
1.00458
0.872783
0.923005
1.02384
1.14375
0.961346
0.915136
0.902352
0.954429
0.796318
1.26331
0.9363
0.860862
1.0778
0.911333
1.05053
0.952417
0.784849
1.02794
0.967742
0.959625
0.883838
0.960772
1.07156
0.983918
0.978079
0.810549
1.06736
0.974621
1.03436
1.01644
0.878164
0.84361
0.792814
0.873015
1.06365
0.974877
1.00967
0.966513
1.10654
1.19279
0.977706
1.1354
1.00687
0.95642
0.959766
1.07698
0.903145
1.15595
0.989383
1.14223
1.01745
1.03925
0.878612
0.875445
0.870402
1.16237
0.993005
1.06842
1.0841
0.826593
0.911309
0.98558
1.07419
0.886873
1.15763
0.94819
1.03136
1.08183
0.982976
1.01449
1.05715
0.990411
0.864956
1.0433
0.942842
0.936509
1.10514
0.883209
0.931805
1.13918
1.11204
1.02596
1.22234
0.968175
0.988946
0.997112
1.07339
1.00104
0.970712
0.902732
0.938354
1.11881
1.08811
0.96081
0.876916
1.05419
0.998821
0.929303
0.803399
1.12204
0.922149
0.987853
0.953516
1.01514
0.980838
0.898853
0.897216
1.046
0.897748
0.929157
0.993576
1.1765
1.08365
0.985104
1.07496
0.867576
1.06172
0.90905
0.918886
1.01712
0.939879
1.02844
0.892386
1.1617
1.09438
1.15016
1.05065
1.08767
1.1166
1.15869
0.971362
0.957765
0.944839
0.876042
1.05851
1.18727
0.928113
1.10496
0.906174
0.956129
1.08912
1.03186
1.02298
0.949226
0.871526
1.02879
0.97858
0.914921
0.947247
0.801154
1.03414
0.938953
1.0892
1.03333
1.08905
1.17293
0.99174
1.00282
0.935461
0.911821
1.05623
0.893058
0.953753
0.940229
0.977128
1.14012
1.00175
0.874389
0.965991
1.09331
1.03704
1.04001
0.919922
1.02098
1.00317
1.07573
0.922653
1.00621
1.10286
1.06848
0.965185
1.00639
0.934337
1.2928
0.895565
0.948941
0.963927
0.995914
1.11457
1.22983
1.01307
1.19203
1.25043
1.09485
0.968751
1.01391
0.956713
1.16765
0.828654
0.864123
1.04268
0.950156
0.95144
1.12112
1.02434
1.09353
1.18423
0.956143
0.960063
1.04573
0.980559
1.01275
1.09361
1.03198
1.0102
0.97516
1.01293
1.0189
1.01963
1.03566
0.866486
1.17423
1.14316
1.23092
1.00731
0.902936
0.990838
1.19239
1.21419
1.17115
1.02076
0.930535
0.996505
1.1133
1.2232
0.865538
0.815257
1.16752
1.14353
0.837893
0.992144
1.28874
1.09117
1.07941
0.855171
1.20678
0.983212
0.97037
0.903369
0.964525
0.97541
0.88651
1.00862
0.834062
0.996318
1.03644
0.874257
0.858184
0.937838
1.08599
1.16392
1.02373
1.09321
1.10486
1.16591
0.844428
1.02611
0.933641
0.957772
1.20852
0.930365
0.922216
1.05981
1.09988
1.00698
0.980401
1.06434
1.05511
1.10079
1.13801
0.980379
0.852133
1.04011
1.08674
0.876866
0.907009
0.940965
0.92206
0.995517
1.15438
0.965154
1.05075
1.03325
1.01646
0.995346
1.19006
1.05121
1.02972
0.967502
1.03069
0.928776
0.872065
0.889721
1.07682
0.872721
1.02489
1.09645
1.01326
1.07866
0.82329
1.20002
1.13754
1.11616
0.988391
1.02614
1.0321
1.09453
0.802067
1.09615
1.08363
0.770143
0.968967
0.982876
1.17332
1.03813
0.921502
0.934493
1.08012
0.895187
1.08197
0.970841
0.980786
0.965996
1.00444
1.06703
1.00688
1.16348
0.951747
0.940211
0.941301
1.01395
1.00963
1.01026
0.996406
1.08155
1.11495
1.06975
1.13555
1.04352
1.09286
0.933672
0.837466
1.02071
1.02746
1.04984
0.970234
0.779804
1.13871
0.975905
0.91128
1.10768
0.835495
1.08789
1.06445
0.989396
0.939175
1.08942
1.06282
0.948301
0.93334
1.01298
1.00159
1.08163
0.973072
1.14279
1.21975
0.798822
1.17031
1.11618
0.956291
0.928021
0.930563
0.958156
1.01984
0.931331
1.00615
0.928579
1.16542
0.728864
1.03
0.946854
1.0955
0.951588
0.921637
1.07286
0.954346
1.02448
1.123
1.20105
1.07188
1.04427
1.10037
1.0405
1.02081
1.04534
1.02703
0.997101
1.03916
0.89235
1.12712
1.0505
0.885158
1.03373
1.00514
0.778676
0.999273
0.880999
1.18385
1.01969
0.963544
1.01915
1.02421
1.01197
0.883404
0.973069
0.865778
1.05242
0.955611
0.926084
1.13927
0.955518
1.06168
1.01851
1.14575
0.992303
0.941112
0.918805
1.05688
0.931918
0.948987
1.06535
1.07596
1.03734
1.14736
1.2327
1.059
1.05558
0.904819
1.03631
0.83101
1.00539
0.856906
1.12232
1.10394
1.1078
1.02281
0.962994
0.999725
1.0824
1.21087
0.909857
0.874522
1.01173
1.15161
0.994198
0.787457
0.910946
1.04633
0.888946
0.967997
0.910495
0.998525
0.966172
1.07061
1.09535
1.01811
1.11457
0.902414
0.957691
1.10087
1.1307
0.896242
0.939249
0.969557
1.02909
0.916948
1.19977
1.08335
0.828052
1.01227
0.902804
0.93784
1.01329
0.963359
0.79058
0.934235
1.0596
1.11682
0.957586
1.04518
0.912487
0.903937
0.901684
1.003
0.774616
1.0878
1.05253
1.10844
0.924632
0.992967
0.978247
1.08447
1.11467
1.10535
1.06339
1.02594
1.0099
1.02115
1.10144
0.887259
1.07804
0.982541
1.00743
1.16547
0.884417
1.15927
1.13222
0.920612
0.877377
1.06137
0.96917
0.930504
1.22956
0.982459
0.859337
1.04541
0.91766
1.15807
1.14934
1.01888
1.10405
1.12368
0.989096
0.931324
1.10593
0.864225
1.1002
1.13131
0.934335
1.12556
1.00031
1.01641
1.09639
0.990841
0.945458
0.984881
0.95897
0.937445
0.974836
0.984865
1.1274
1.04624
0.854903
1.03357
1.04638
1.01799
1.0697
0.82843
1.14949
0.933535
1.07574
0.982223
0.907071
0.98216
1.04607
0.919136
0.938963
0.954616
1.0995
1.12498
1.22305
1.07097
1.02384
0.994523
1.00764
1.20861
1.02311
0.989018
0.8366
1.08472
0.964233
0.917188
1.02628
0.960865
0.896191
1.00745
0.875486
0.873016
1.08815
0.946337
0.910253
0.807794
1.16862
1.08501
0.945428
1.03571
0.954229
0.898398
1.03169
0.992653
1.18056
0.978733
0.987467
0.865848
1.06867
0.95047
0.907602
1.0431
1.07041
0.905732
0.988162
0.813302
0.893216
0.934377
1.00941
0.95544
1.03185
0.830166
1.18981
0.96319
1.11585
0.985652
1.02189
0.969216
0.945282
1.07623
1.01324
1.06175
0.998577
0.904185
1.09431
1.17874
0.890135
1.06786
1.06655
1.07161
1.14501
1.03486
0.963928
0.902053
1.11101
0.971359
0.896057
0.859469
0.973977
0.945511
0.877845
0.877074
0.843744
1.16461
0.97413
0.912791
0.94408
1.03895
0.901422
1.20526
0.991754
0.992097
0.907082
0.924423
0.971391
0.86582
0.920507
0.987771
1.10149
0.909623
0.843353
1.00194
1.06239
1.05055
0.913488
1.24029
1.1789
1.03911
0.886957
0.942151
1.10983
0.897628
1.14385
1.00876
1.05418
1.04869
0.935623
1.04287
0.839434
1.22739
0.908227
0.918284
0.855431
1.1308
0.991104
1.02622
1.11784
0.928507
1.04958
1.0808
0.844804
0.996016
0.943876
1.12261
0.821476
0.961067
0.816728
1.02574
1.02209
1.16203
0.870842
0.970051
1.11872
0.938062
1.1335
0.985604
1.20849
1.09767
0.863658
1.02957
1.00546
0.96128
1.02224
1.15394
1.09268
0.929042
1.10136
1.05809
1.00294
0.990646
1.04731
0.992141
1.16632
1.11392
1.00526
1.27676
1.03721
0.95737
1.0064
0.989847
1.03604
0.915486
0.954417
1.10268
0.957774
1.03643
1.14757
1.05796
0.993291
0.924298
1.1036
0.971906
0.976211
1.24933
1.19579
1.16076
0.878196
1.1012
1.02412
1.29849
1.16741
1.08484
0.988782
0.910133
1.115
0.795375
0.983096
0.974179
0.941294
0.95731
0.858468
0.871014
1.06273
1.17287
0.886851
1.06485
0.930012
1.00015
0.78594
1.08342
0.997184
1.05846
0.988353
0.956852
0.921351
0.97826
1.01401
0.882994
0.969203
0.844298
1.07249
1.01313
1.08785
0.999752
1.05805
1.02873
0.91056
1.05025
1.04415
1.09908
0.912905
0.757217
1.00999
1.08781
1.16059
0.958438
1.04581
1.25431
1.02562
1.08277
1.02158
1.16549
0.973412
1.07646
1.15387
0.966697
1.05634
0.908558
0.963199
1.22083
1.12082
1.01563
1.01032
0.902677
1.1115
1.17361
0.853175
0.970929
0.948722
0.945662
1.19166
1.01922
1.03371
0.88718
1.13563
1.03408
1.00814
0.963381
0.8722
1.07846
1.02001
0.982693
1.03876
1.05111
1.02869
1.11472
0.965693
0.89812
0.815305
1.0238
1.08311
1.11941
0.970577
1.15663
1.02755
1.0777
0.993246
0.980593
0.852649
0.940672
0.955367
1.09849
1.00295
0.970005
1.1318
0.822946
0.981992
0.814285
0.849758
1.05201
0.95235
1.11748
0.88261
1.06397
1.06198
1.21747
0.973491
0.923499
0.948554
1.0372
1.04784
0.887029
0.917912
1.02246
1.02569
0.762769
1.02265
0.970278
1.02778
0.992879
0.967975
1.11416
1.03615
1.03978
1.13179
1.14496
1.11332
1.05204
0.994367
0.998316
0.989576
0.983078
0.979124
1.3078
1.12985
0.96696
1.09842
0.930095
1.06922
0.975865
0.910318
0.988
0.897931
1.16696
0.901981
0.988286
1.07871
1.01884
1.06482
0.891008
1.07407
1.02202
0.969965
0.791967
1.02034
1.00938
1.06127
1.13819
0.988914
1.07308
1.05539
1.07374
0.902018
1.04137
0.93121
0.872452
1.1206
0.924029
0.814634
0.96933
1.08727
1.12208
0.99848
0.894837
1.11593
1.00759
0.886179
0.925949
0.872708
0.921981
0.895309
0.998259
1.05709
0.830934
0.966101
1.10776
1.18829
1.0922
0.997856
0.869921
1.01765
1.05488
0.93335
0.910871
0.927652
1.05048
1.01221
0.923195
0.931209
0.902527
1.13209
0.925359
1.01212
0.922637
1.13166
1.18773
1.13134
0.949959
1.17379
1.0002
0.758339
1.07121
0.992442
0.960114
1.02767
0.768206
1.06272
0.991832
1.07574
0.888607
0.964063
0.952548
1.0125
1.15263
1.05356
0.94551
0.888937
0.963232
0.816347
0.930198
0.923429
0.983746
0.936832
0.966813
0.857841
0.988513
1.00515
1.03572
0.875027
0.916377
0.902156
0.89369
0.925038
0.95486
0.965792
0.94663
0.834921
1.0693
0.988199
1.17106
1.03914
1.04248
1.15836
1.0719
1.05572
0.881119
1.14961
1.06934
1.01645
0.995644
1.03218
0.926167
1.00857
1.0512
1.0978
1.04279
0.873973
1.19403
0.961128
0.928818
1.08077
0.942849
0.938273
0.966072
0.935295
1.08609
0.917392
0.973589
0.931097
1.10377
0.965543
1.06001
0.921881
1.21857
0.899904
0.995676
0.884222
0.896556
0.8635
1.01571
1.0318
0.899667
1.00721
1.09409
1.11317
1.01744
0.968856
1.01115
1.10344
0.903866
1.01684
1.09345
1.0459
1.15857
0.920331
1.05009
1.06867
0.917245
0.956123
1.10824
1.02332
0.936054
0.86754
1.03405
0.846465
0.96412
1.01283
0.960945
0.875721
1.06065
0.923106
1.04329
1.05224
0.88517
0.968452
1.00536
1.04395
1.16167
0.952222
0.840563
1.13201
1.08868
1.12339
1.08702
0.953133
0.952172
0.899351
1.16509
1.0897
1.01807
0.941505
0.95926
1.16004
0.916296
0.995697
1.09061
1.10066
0.95554
1.07302
0.99107
1.06836
0.881854
1.01688
0.978916
0.967496
0.823747
1.07494
0.912849
0.85601
1.15879
0.993957
0.970348
1.09704
0.953164
0.924608
1.09064
0.920368
0.919458
0.975452
1.01777
0.999675
0.947499
1.07127
0.895675
0.984647
0.954009
0.986415
1.07364
1.1505
0.959625
1.17395
0.919315
0.991388
1.07776
1.00557
1.02726
0.979352
0.910504
0.947585
1.02893
0.974336
0.965454
1.02149
0.884313
1.06053
1.0723
1.05119
1.03458
0.861689
0.877758
1.0849
1.09072
1.27818
0.966518
0.876965
0.995039
0.919142
0.982736
1.03994
0.817142
1.00085
0.979458
0.852472
1.06024
0.928073
1.08984
0.861434
0.890244
1.03608
1.00365
1.14371
0.834942
0.919022
0.932696
1.0639
1.08369
0.98055
1.04939
0.912435
1.07264
0.940033
1.07652
0.993204
1.0291
0.772894
1.09125
1.04587
1.2585
0.905613
0.918248
1.04484
0.939958
0.990579
1.07589
0.889483
1.04678
0.906857
0.967915
1.02745
0.924843
1.03584
0.896366
0.92008
0.966573
1.01182
0.978538
0.876487
1.00744
0.936812
1.00556
1.11066
0.903782
0.987338
1.03441
0.922257
0.850412
0.951459
0.718164
0.840785
1.11117
1.06225
1.20929
1.033
1.19825
1.04106
0.920552
1.10434
0.783287
0.898075
1.12618
0.96628
0.949838
1.13678
1.04414
0.831625
1.08975
0.985911
0.953269
0.983305
1.08957
1.02349
1.08288
1.03674
0.772038
0.916451
0.88263
1.05327
0.880507
1.05779
0.978892
1.10159
1.06373
0.951623
0.986264
0.865476
1.00891
0.926963
0.940075
1.02697
0.95594
1.04222
0.914963
0.955612
1.22994
1.07466
0.878232
1.07598
1.03202
0.840319
1.13792
0.95287
1.04239
1.06619
0.908991
0.932251
1.04366
0.97247
0.93466
0.993885
1.06942
0.969648
0.959349
1.04844
0.829347
0.77919
0.963873
1.09917
0.954645
0.923673
1.12398
0.984087
0.969314
0.836172
0.996697
0.977268
1.05216
0.903406
1.13286
1.00573
1.08243
0.983128
0.835543
1.15586
1.08406
1.13743
1.04107
1.03485
0.915385
1.0193
1.07101
0.826753
0.904872
0.993272
1.06972
0.941801
0.87618
0.994453
1.06103
1.12563
1.05933
0.891209
0.938158
0.882203
0.932219
0.984301
1.07018
1.01452
1.19461
1.15853
0.978908
1.1271
0.839663
0.934919
0.991841
0.901887
1.03498
1.06015
0.83712
0.981515
1.07241
0.775669
0.967085
1.18111
1.09261
1.1218
0.977197
0.938458
0.845124
0.907196
0.889886
1.17291
1.00013
1.02824
1.16755
0.91587
0.850769
1.19584
0.938368
0.814598
0.866393
1.09157
0.859367
0.989336
1.0374
0.967903
1.16428
0.904164
0.94874
1.07717
1.03925
1.26327
0.94167
0.85806
0.922312
0.948372
1.0535
1.13434
0.952465
1.06078
0.95964
0.790114
0.949642
1.10659
0.956589
1.13976
0.932711
0.869898
1.26494
0.956752
0.886267
1.01242
0.871726
1.06399
1.17354
0.814035
0.961446
1.0899
1.03862
0.854921
0.732407
0.795843
1.00619
0.940817
1.19106
0.961069
1.10871
1.01147
0.961871
0.948753
1.02309
0.962723
0.991535
1.0015
1.04102
1.13009
1.2273
1.06014
1.00853
0.856446
1.11879
1.0713
0.901508
1.08001
0.951054
1.26148
1.07545
1.06766
0.97411
1.24861
1.07326
0.926954
1.10972
0.926469
0.965217
0.875805
0.999513
0.926793
1.15794
1.00893
1.01296
0.844383
1.04522
1.14486
1.24616
0.946095
0.930878
0.99367
1.0015
0.982322
0.928908
1.10032
0.920014
1.13619
1.03345
1.00621
1.10535
0.9444
0.95552
0.966243
1.08993
1.03948
0.907993
1.02106
0.969805
1.09408
0.924848
1.09566
1.0645
1.11849
0.889656
1.04817
1.00184
1.07996
1.1781
0.825878
0.890427
1.02688
1.08457
0.899534
0.998379
1.13898
1.13367
1.00917
0.91044
0.889696
0.966636
0.910642
0.864925
0.936675
1.11391
0.760243
0.840182
0.849597
1.05474
1.06014
0.997547
1.02662
0.899065
0.915582
1.11653
0.86577
0.967106
1.06867
0.869559
1.42677
1.06785
0.970221
1.09036
1.04346
0.808881
0.965245
1.01949
0.862322
0.948967
1.03232
0.987865
0.891084
0.880238
0.97024
1.05455
0.889757
1.08456
0.996722
0.895515
1.07069
0.83632
0.879439
1.04888
0.977639
0.914411
0.935498
1.1121
1.08347
0.992899
0.776306
1.11878
0.95306
1.04551
0.888587
1.24538
0.981122
1.03114
1.10735
1.00154
1.0508
0.982836
0.936321
1.02859
0.996359
1.01137
1.04521
0.971125
1.04963
1.02362
0.962469
0.972652
0.999493
1.11941
1.20102
1.08743
0.872411
1.1009
1.01884
0.967765
0.901303
1.00529
1.06778
1.03629
1.01499
1.01527
0.988687
0.938188
1.02727
1.11111
0.963102
1.18421
1.09896
1.21993
0.977074
0.821051
1.09317
0.923913
1.00273
0.937382
1.09604
0.99036
1.0318
0.777749
0.935509
0.999167
0.914808
0.917378
0.888165
1.01181
0.958553
0.942971
1.02265
1.03088
1.18258
0.985972
0.952728
0.948616
1.06041
1.07111
0.945551
0.992614
0.904508
1.02795
1.02344
1.00654
0.912622
1.06363
0.93402
1.1149
1.11055
1.03116
0.86736
1.02538
0.911677
0.981873
1.02833
1.03865
1.07466
0.97781
0.949651
0.978338
1.09809
1.03908
0.954915
1.17953
1.0085
1.16667
0.834529
