1.8307
1.0227
1.45591
1.11766
0.887249
0.532114
0.894075
0.96261
0.708582
1.18865
1.18784
1.1108
1.4685
1.63928
0.979807
0.525874
0.535536
1.12691
1.07766
0.80616
1.45103
0.828243
0.861967
1.39044
0.699287
0.711193
0.739603
0.781776
1.12178
1.71324
1.1344
0.71738
0.970602
0.860977
0.725861
1.15708
0.879909
0.873583
1.01882
1.05024
1.36333
0.632847
0.734651
0.814793
1.13406
0.591956
1.34696
0.790472
0.800582
1.2221
1.43021
0.550009
0.637777
1.52127
1.30901
0.778022
1.41495
1.02395
1.0378
0.648992
1.15781
1.20991
1.14638
0.845858
0.629233
0.699771
0.610273
1.21752
1.16578
0.676101
0.96042
0.855884
1.07042
0.950559
0.56939
0.686257
1.10166
1.41536
1.11464
0.681792
1.14398
0.6664
0.8737
0.869081
1.60172
0.471775
0.666444
1.37435
0.776578
1.27109
0.969726
1.58687
0.8521
0.675934
1.06953
1.22409
0.601436
2.16924
0.861905
1.29714
1.01162
0.900941
0.933393
1.22275
0.836834
1.11512
1.51779
1.22358
1.07263
0.898808
1.12582
1.53215
0.91773
0.726945
1.62131
1.14815
1.19495
0.878996
1.82541
1.07459
0.784518
1.43399
1.19566
1.34134
1.0207
0.761506
1.47281
1.18445
1.08513
0.894855
0.509876
0.744824
0.707679
0.935753
1.04564
1.03226
1.58744
0.916054
0.524223
0.987682
1.13154
0.747914
0.804946
1.15318
0.833579
1.15193
1.1203
1.28581
0.690068
1.6035
1.21736
0.968708
1.39445
0.736258
0.959137
0.899127
0.877496
0.714044
0.431203
2.00141
1.21297
0.687738
0.983512
1.17117
1.05703
0.573178
0.762774
0.525426
0.929571
1.32141
0.981387
1.19758
0.539813
0.509482
1.47795
0.394182
1.10525
1.10585
1.06952
0.674972
1.18797
1.19773
1.07361
0.391645
1.22366
0.315177
0.739791
1.37356
0.609586
0.9045
0.796238
0.94627
1.17072
1.01647
1.54323
1.06948
0.806997
1.24313
0.923025
0.938619
0.683951
0.777647
0.931601
1.37596
1.1359
1.0407
0.685175
1.30388
0.584675
0.560237
1.44462
0.810653
1.00253
0.521237
0.55
1.39856
0.857764
0.848503
1.22404
0.963352
1.16538
1.05304
0.883228
0.82621
0.81356
1.20883
1.22589
0.699714
1.29702
0.576875
1.80949
1.28968
0.680773
1.06403
1.8153
1.50921
0.498199
1.31445
1.38103
1.13201
1.02813
0.887419
1.28237
0.796963
0.894732
0.878666
0.985019
1.25852
1.36626
0.821361
0.632998
0.826734
0.873015
0.638761
0.720617
1.11227
0.885951
0.502073
0.719516
0.695449
1.55683
1.03212
1.14824
0.927994
0.881642
0.427599
1.005
0.724242
1.01804
0.920557
1.1464
0.935359
0.815568
1.19882
1.46158
0.643543
1.2755
0.680042
1.17995
0.999571
0.515323
1.21328
0.944344
1.04232
0.856519
0.858895
1.1434
0.651182
1.04119
0.787871
0.588003
0.405254
0.794082
0.775123
1.38728
0.993092
0.767282
0.578743
0.728347
1.13033
0.834552
0.907977
0.831447
1.03764
0.390574
0.972692
0.94245
0.912811
0.525892
1.2639
0.629962
1.2551
0.925652
0.728994
0.785604
0.779054
0.710429
1.35659
0.923612
1.57657
1.02133
0.974522
1.37349
1.12371
0.546453
1.71379
1.04461
1.32156
0.799071
0.796367
0.907722
1.22714
1.21836
1.81706
1.14946
0.660044
1.33857
1.08705
0.598495
1.11413
1.44019
0.670019
0.533466
0.959091
1.2663
0.901631
1.0278
1.30765
0.933792
0.825688
0.567825
1.14807
0.422389
0.746267
1.27632
0.716951
1.27796
0.524046
0.782825
1.02488
0.828926
1.09248
0.686907
1.23908
1.06538
0.659094
0.598019
0.803243
0.540585
0.761032
0.808723
0.781548
1.44137
1.13336
0.693962
1.56308
0.719864
0.648074
0.560893
1.54475
1.00586
1.06234
1.11596
1.54666
0.80979
0.55381
1.01946
1.24772
0.709228
0.808487
0.850474
1.02902
0.676583
1.19123
1.30014
1.2649
1.0594
0.639274
0.48716
1.04036
0.717021
0.610512
0.987084
0.788814
1.13619
1.35584
1.43711
0.399701
1.08377
1.02441
0.826991
0.769181
0.997982
0.83941
1.04497
0.809011
0.878232
1.19671
0.764198
0.628129
0.549433
1.01249
0.685104
1.27611
1.55226
0.657337
0.592264
1.11827
0.904888
0.890491
1.41362
0.989629
0.844555
0.776876
0.491272
1.56731
0.684417
0.997936
0.904342
1.05285
0.99348
0.688407
1.17907
0.994521
1.61898
0.76331
1.10346
1.03662
0.554999
0.965067
1.10928
1.13288
0.644948
0.799378
1.0214
0.94498
0.882851
0.707442
1.03519
0.943817
1.17873
1.0323
0.748961
1.12458
0.946898
0.978223
1.00116
0.847102
0.613777
1.68839
1.1148
0.906382
1.163
0.921581
0.807896
1.0075
1.1819
0.576034
1.11949
0.927269
1.09692
0.748402
1.80872
0.904385
0.710463
0.891878
1.47372
0.846868
0.904206
0.774292
0.992171
1.28328
0.797819
0.81516
0.925059
0.83981
0.857339
1.04145
0.935585
0.514781
1.00645
1.49054
0.841069
1.00393
1.01055
0.671063
0.653058
0.734442
0.795855
1.0705
0.483824
0.990805
0.842305
1.29884
0.488861
0.916527
0.889507
1.92019
0.847371
1.13893
1.54936
1.05908
1.0973
0.402317
0.96915
0.745434
0.809923
0.748509
1.00293
0.649594
0.733558
1.21177
0.825984
0.774763
0.763876
0.834207
0.817815
0.711863
0.567666
0.955585
1.19804
0.610924
1.20489
0.403118
1.34756
1.09996
0.781613
0.972123
0.795134
1.56837
0.952098
1.48164
0.726094
0.468308
0.532134
1.65616
0.935085
0.902395
0.745196
1.12773
0.572731
1.40424
0.942651
0.744638
1.15719
0.707389
1.28213
0.780132
0.742003
0.548323
1.09578
0.884276
1.05379
1.12334
0.772986
0.741589
0.990282
1.01111
0.94347
1.17233
1.03358
1.09069
1.51802
0.700812
1.27272
0.834116
0.97474
1.28479
0.890451
0.991924
1.1114
1.13176
0.926585
2.10137
0.722218
1.01906
0.969124
0.921511
2.04436
0.754826
0.678943
1.23962
0.622991
0.723763
0.603654
0.838216
0.977458
0.328641
0.665354
1.05329
1.29797
1.1002
0.476562
0.45128
1.58993
0.5818
0.6478
0.788384
1.59098
0.895878
0.723955
1.55709
0.778251
1.32386
1.63577
1.19463
0.869595
1.00463
1.3765
0.851674
0.916314
0.815417
0.757817
0.850984
1.30689
0.864438
0.650605
0.577875
1.87017
1.03287
1.55925
0.960598
1.3507
0.78987
1.44941
1.49892
0.699072
1.2157
1.05815
1.0156
0.676178
0.625435
0.753676
0.529692
0.725774
1.38239
0.610818
0.587186
1.20617
1.56426
0.995351
1.25965
0.75597
1.03788
1.134
0.744477
0.999227
0.73848
0.891485
0.905823
0.678176
0.896783
0.768808
0.635493
1.02829
0.377609
0.955105
0.926804
0.823647
1.00577
1.1034
1.13846
1.09486
0.98368
0.601515
0.667186
0.996309
1.56157
1.06004
1.49434
0.839608
1.41092
1.04938
0.855049
2.12976
0.753662
1.26695
1.23299
0.807741
0.952056
1.18146
1.35489
0.755028
0.596859
1.1401
1.04606
0.941507
0.56504
1.00512
0.476547
1.14598
0.890031
0.870036
0.599626
0.903652
0.799925
0.942199
0.87153
1.35832
0.980973
1.36006
0.878125
0.902777
0.630082
0.633081
0.38581
1.27657
0.642835
0.857554
0.801285
1.23479
1.68366
0.884313
0.785968
0.666292
1.18924
1.56821
0.972394
1.05051
1.40066
1.42117
0.696069
1.03741
1.08566
1.16594
1.25464
1.0248
0.728558
0.510629
0.582196
0.807843
1.43652
1.06426
0.550592
1.19965
0.742321
1.31113
0.652819
1.86445
0.915587
0.97866
0.322489
0.888429
1.03742
1.19628
0.884004
0.911902
0.759693
1.0251
1.18498
0.843933
0.801793
0.908626
0.982164
0.780716
0.511523
0.604969
1.43167
1.08212
0.559063
0.397353
0.913086
1.39186
0.679907
1.05606
1.04232
0.602512
0.884411
0.909232
0.9196
1.27062
0.573378
0.67793
1.09714
0.741596
0.579018
1.19772
0.806213
1.21392
1.01492
0.805681
0.766976
1.19048
0.789636
1.27305
1.11877
0.967203
0.883819
1.02362
1.30612
1.48569
0.62873
0.969059
0.80312
0.946152
0.760455
1.07283
0.97591
1.29402
0.862184
0.92002
0.813019
0.865676
0.823842
0.642807
0.937835
0.961958
0.546473
0.573076
0.913996
0.796834
1.21219
1.37991
1.38617
0.915403
0.75381
1.78093
0.842958
0.563052
1.2715
1.21715
1.20306
0.614417
0.244254
1.12183
0.768083
0.543307
1.23605
1.05232
0.875768
1.16332
1.48239
0.593865
0.839057
1.67509
0.965119
0.799103
0.623116
0.981473
1.52792
0.54889
0.829407
1.34143
0.528952
0.934006
0.904441
0.984636
1.13548
1.02753
1.02044
0.369742
1.10726
1.25493
0.764185
0.947912
1.15242
0.556938
0.622843
0.858022
0.911734
1.35682
1.24785
1.14493
1.06344
1.47661
1.24757
1.05038
1.15353
1.15003
1.07765
1.03435
1.2306
0.827003
0.973238
1.67633
0.73591
1.31474
0.652257
1.17069
1.33038
0.939316
0.666032
1.03404
0.946406
0.941845
0.949394
0.827531
1.67759
0.8912
0.800558
0.634367
1.36637
0.993825
0.813101
0.91601
0.780263
1.08935
1.10073
0.679852
0.928276
1.50636
1.03667
0.721829
1.06684
0.91024
0.568407
1.42523
0.931279
0.644665
0.824314
0.765801
1.0311
1.45883
1.0418
0.872534
0.848561
0.821942
0.824833
0.800256
0.658297
0.396803
0.910046
1.42797
0.622728
0.943013
0.749933
0.773585
0.984413
0.734785
1.55359
0.494078
0.960024
0.835786
1.03702
0.457157
1.34988
0.786355
0.924297
0.861876
1.03247
1.45671
0.707283
0.869909
0.764676
0.832701
1.288
0.935175
1.07691
1.07107
0.735579
1.1959
0.778854
1.57504
1.22927
1.00847
1.04934
0.759958
0.715232
1.09201
0.792667
0.656072
1.21194
0.981028
1.41035
0.691094
0.984444
0.961561
1.13433
0.482916
1.63556
0.758466
1.02188
1.40813
0.486043
0.998208
1.06584
0.812976
0.675526
0.803959
0.933355
1.65856
1.16988
0.563662
1.11849
0.691842
0.779641
0.684272
0.746837
0.553814
1.22229
0.99893
0.701788
0.704931
1.21922
0.925951
0.5078
1.61403
0.474555
0.877598
0.736983
1.00801
0.949763
0.750767
1.2831
1.05319
1.57053
1.17137
0.823363
1.1086
0.630152
1.20783
0.87383
1.53299
0.736055
1.27805
0.466124
1.09748
0.61063
0.753827
0.756478
0.501721
0.819043
0.833883
0.799995
0.79147
0.757489
0.91257
1.4094
1.70555
0.935066
1.09761
1.15348
1.18968
0.658051
0.858672
1.20549
0.574225
1.35851
0.903793
0.761147
0.708688
1.41836
1.30022
1.19952
1.25072
0.991229
0.802785
1.22111
1.48409
1.90082
1.40347
0.937583
1.01092
1.1665
1.00359
1.20625
1.37568
0.918985
1.1669
1.15711
1.1607
1.40912
0.851294
0.771305
1.4991
1.33315
1.22044
0.911986
0.687079
0.722804
1.20433
0.750524
0.773518
1.80434
0.431713
0.691382
1.07592
0.83681
1.99691
1.28505
0.977424
1.20342
1.30778
0.588592
1.13552
1.10412
0.400401
0.78431
1.20065
1.1071
0.978653
0.87471
1.12015
1.41154
0.791824
1.09672
1.27288
0.809395
1.09137
0.783535
0.955765
1.3798
1.28667
0.424201
0.765938
1.10897
0.75227
0.794335
0.782192
1.08388
0.691794
1.30988
1.1297
0.832673
1.14607
0.943586
0.931367
0.581673
1.19951
0.883933
0.771398
1.12699
1.35535
0.90531
1.24891
0.422047
0.932679
0.757215
1.83101
0.617632
1.26801
1.39547
0.979939
0.388388
0.876406
1.12274
1.48582
1.37293
0.64405
1.21082
0.834239
1.12605
0.745563
1.22443
0.55843
0.477656
0.624346
0.705874
1.06335
1.18238
1.10272
0.968042
0.997127
0.644678
0.677665
1.04754
0.70894
0.86588
0.606604
1.51129
0.857647
1.29766
0.648498
0.353157
1.09577
1.22528
0.761762
0.872432
1.01742
0.84584
0.676801
1.32485
1.1528
1.00975
1.1313
1.34797
1.00028
1.19652
1.03335
0.507561
1.58434
1.35218
0.92468
1.45294
0.798076
1.15991
0.80125
0.888913
0.633122
0.812278
1.75248
1.08284
0.852319
0.983488
0.501024
1.08435
0.71951
1.32596
0.893325
1.1997
0.64289
0.803309
1.07847
0.946244
1.13055
0.79583
0.951168
0.969187
0.933124
1.01846
0.788744
1.36968
1.32423
1.03679
1.11388
0.698099
1.29701
1.13624
1.15282
1.64865
1.48799
1.42057
0.636945
1.16071
0.559306
0.809836
1.19814
0.737152
1.44057
1.27776
0.563998
0.6009
1.12432
1.12594
1.56955
0.588884
1.21184
1.1963
0.986757
0.735012
0.584616
0.766617
0.781075
0.890861
1.10577
0.861009
1.06137
0.593291
0.803789
0.668362
1.29843
0.843661
1.2665
0.637125
1.37244
0.782535
0.762236
0.928818
0.747733
0.675177
0.796231
0.64935
0.884393
0.466484
0.48793
0.462406
1.53934
0.972986
1.27169
0.93772
0.900241
0.648098
0.993566
1.03385
0.726569
0.915262
0.474619
0.466114
1.319
0.472983
0.856055
0.811706
1.3101
0.496797
1.53634
1.22566
1.5062
1.12657
1.05129
1.32044
1.18407
0.773562
0.383158
1.11357
0.450678
1.1278
0.547224
0.62379
1.71953
1.29561
1.06098
1.51566
1.2212
0.890418
0.80797
1.10795
1.18705
1.49847
0.875151
1.44553
1.18295
1.18854
1.12207
1.02573
1.4619
0.90018
0.897098
0.860728
1.54947
0.687573
1.00627
0.761601
0.721956
0.827831
0.98971
0.550127
0.74357
0.688012
0.785134
1.31057
0.54018
0.480434
0.8775
0.993003
1.03283
1.36643
0.961572
1.53153
0.611153
0.590729
1.22147
0.634936
0.760739
1.07277
1.09024
0.982684
0.928796
0.303791
0.676104
1.18927
1.35186
0.495814
0.767929
1.37781
0.597406
1.23373
1.08774
1.34175
0.869881
0.921593
0.855031
1.11412
0.727688
0.705676
1.68462
0.622464
0.899574
0.859767
1.78035
1.75131
0.922096
1.28695
1.49608
1.36442
1.08383
1.317
1.55589
0.409922
1.45835
0.855504
0.466493
1.23442
1.11626
1.04723
1.19632
1.04024
0.786834
1.10266
0.921503
0.867903
0.929294
1.11517
0.955537
1.23128
0.528208
1.38034
0.707641
0.842387
1.02698
0.931105
1.34808
1.04223
0.972452
1.38913
0.871544
0.698834
0.373291
0.838661
0.963741
1.24718
0.929049
0.542823
1.29557
0.947139
0.886652
1.24359
1.27013
0.984529
0.817012
0.645745
0.868293
1.17134
0.880077
0.980619
1.30753
1.40269
1.51604
0.896159
0.939396
1.05362
0.857851
0.971216
1.22266
1.41897
1.65596
1.88545
0.968876
0.810096
1.49653
0.721736
0.710472
0.95075
1.46013
1.33654
1.39627
1.71558
1.79682
1.44356
0.658295
1.09533
1.05762
0.760874
1.03852
1.04815
0.990031
1.71943
0.844547
0.929381
0.898374
1.05661
1.22536
1.06892
0.985977
0.910889
0.880094
0.517121
0.740157
1.3662
1.3193
0.671994
1.34265
0.84342
1.47775
0.647075
0.768661
1.04589
1.22183
1.06499
1.43838
0.681758
0.710205
0.742711
1.06226
1.39249
0.657995
1.38696
1.11427
0.446472
0.500651
0.950606
1.07617
0.81818
0.581375
0.972657
1.04525
0.934567
2.27155
1.15249
1.24672
0.488411
1.00043
1.03005
0.866183
1.17863
0.542671
0.659512
1.26141
0.831664
0.729907
1.16381
0.900643
1.50812
1.07019
0.546826
1.32503
0.562717
0.985796
1.12168
1.04689
0.610868
1.14969
1.54439
0.819159
0.887952
1.17312
1.37712
0.947209
0.992915
0.934955
1.04233
1.20973
0.785791
0.912118
0.620242
0.847384
0.786656
1.19125
0.853168
0.755245
1.05804
0.662984
1.05061
0.584169
0.734305
0.812162
1.0862
1.01678
0.954082
1.16379
1.08764
1.03469
1.15459
1.15231
0.916378
0.709992
1.1371
0.675604
0.841322
0.398119
1.06135
0.820613
1.03797
0.601214
1.50068
1.02086
0.648694
1.03313
0.88716
1.44284
0.652016
0.63391
1.13342
0.904158
1.38989
0.933109
0.382108
0.911077
1.37055
1.16233
0.59994
1.15926
1.16586
0.75613
1.00858
0.630872
0.965582
0.884882
1.4975
0.651306
1.44939
0.637896
0.45723
1.36946
0.852331
1.64355
0.915325
0.988282
0.908571
0.732065
1.45221
0.727992
0.770044
1.75825
0.850651
0.830389
0.935046
0.910893
1.06531
0.932594
0.98276
1.27772
1.04247
1.46727
0.76677
1.6087
1.03231
0.861015
0.854346
1.13343
0.811839
0.485687
1.75783
0.926083
0.844631
0.409809
0.335322
0.827228
1.11517
0.97803
0.883372
0.650372
0.578616
0.817426
0.876402
1.08456
0.685498
0.825612
0.530547
0.755824
1.4304
0.663704
1.13123
1.31841
0.634581
1.52042
1.50309
0.509664
1.33401
0.550459
0.613486
0.724488
1.15894
1.67924
0.529557
1.31677
1.37194
0.729568
0.982195
1.32041
0.528439
1.61645
1.57727
0.676406
0.812229
0.374773
0.888356
0.917466
1.28419
1.02362
1.0114
0.825142
1.17405
0.776748
0.742366
1.16418
0.871535
0.596003
1.38635
0.528919
0.67093
0.992061
1.3019
1.0113
1.72493
0.861865
1.10741
0.929892
0.859914
0.810777
1.11077
0.719276
0.878844
0.794655
1.16146
1.02574
1.28783
1.16083
1.18449
0.755204
0.91781
0.739177
1.37907
0.880937
0.937197
0.682843
0.794508
1.32962
0.889024
0.623635
0.619258
0.515179
1.2762
1.6913
0.878533
0.871413
0.927369
0.867514
1.4645
0.935442
0.732268
0.884001
2.00961
0.683693
1.8242
1.48908
0.890951
0.615731
1.52803
0.567542
1.2474
1.01933
0.985627
1.13012
1.67604
1.38851
1.31101
1.05681
0.692698
1.06916
0.816516
0.853918
1.32826
1.0561
1.00881
1.11068
0.842049
1.16445
1.89603
1.08697
1.57269
1.05499
1.12558
0.997003
0.92582
1.33134
0.600279
0.419008
1.02085
0.860456
0.660491
1.74362
1.30584
1.2503
0.603887
0.510156
0.980877
1.39933
1.76563
1.11798
0.646929
0.861607
1.00631
1.22737
0.81638
1.26305
1.08794
0.932202
0.994882
0.390099
0.836282
1.39288
1.26146
1.07396
0.821894
0.647462
0.858851
1.638
0.764585
0.529246
0.980848
0.490167
1.22415
0.566532
1.26723
1.13744
1.7287
0.991687
1.31015
1.00437
1.12257
0.632497
0.9564
1.28983
1.35648
0.907736
0.994825
0.766546
0.668329
0.509545
0.768955
1.19997
0.79931
0.787803
0.86918
1.518
0.990199
0.820253
1.16534
1.13627
0.9119
1.09562
0.52809
1.00855
0.762791
0.480975
0.793007
0.752889
0.874352
1.16305
1.22877
0.691393
0.915074
0.75223
0.966749
0.957269
0.895199
0.42026
1.4582
0.947087
1.17254
1.07645
0.605892
1.02497
1.28975
1.05702
0.967406
0.801197
1.18406
0.939034
0.647949
0.972705
1.06961
1.23187
1.37519
1.58936
1.5576
1.06129
0.802692
0.801215
0.872004
0.950199
0.714422
1.01372
1.15775
0.716656
0.805887
1.06751
0.845065
0.948507
0.501261
1.07508
0.689336
1.00928
0.788958
1.12931
0.950253
0.563389
0.94763
1.67696
1.1729
0.863442
0.892398
1.49762
1.27111
1.22439
0.628377
0.612745
1.61796
1.18168
0.681526
1.14621
0.885964
0.577621
0.795122
0.670197
1.28754
1.00789
1.11271
1.08227
1.29575
1.12768
0.566889
0.857659
0.798471
1.27836
0.947871
1.45645
0.878325
0.777636
0.700261
0.643258
0.924235
1.52025
1.50375
1.35866
0.929044
1.11576
1.1498
1.19377
1.45586
0.602182
0.824685
0.785434
1.26067
0.836539
1.0943
0.670427
1.35907
1.09662
0.645035
1.51041
1.28114
1.33119
1.13073
1.03939
1.20564
0.984126
1.30769
1.19049
0.801426
0.602623
0.769853
0.804947
0.878184
0.746205
1.53762
1.40501
0.762579
1.40963
1.31647
1.14928
0.98698
0.696504
0.550742
0.947877
0.962278
1.38258
1.07672
0.933265
0.72598
1.04452
1.62467
0.856234
0.945399
1.21464
0.957129
0.437569
0.585026
1.08644
1.14975
1.07645
1.18395
1.81711
1.04212
1.23346
0.997854
0.542479
0.947956
0.529043
0.909908
1.45835
0.946619
1.04419
0.901639
1.48377
1.16751
1.20582
0.662499
0.843982
1.31912
0.96117
1.11308
1.30217
0.880088
1.36373
0.962195
1.19761
0.691146
1.01081
0.939406
0.953282
0.835916
1.4506
0.819152
1.1379
1.03913
0.605001
0.726744
1.55664
0.918886
1.22674
0.55925
1.04551
1.18774
0.619969
1.02355
1.41147
1.03233
1.03827
0.761659
0.806552
0.98632
1.33667
1.30689
0.837992
0.811563
1.36559
0.914767
1.15277
1.30173
0.84599
0.926964
1.80757
1.25042
0.65266
1.17553
0.670938
1.11047
1.44047
0.930009
1.1341
0.788864
1.26483
0.849882
1.24426
0.546979
0.751383
0.812432
0.4017
1.01715
0.824935
0.859984
1.6031
1.2984
0.979443
0.670186
0.874816
1.20049
1.10288
0.786718
1.2188
1.10831
0.987751
0.877499
1.30143
1.47536
1.31701
0.348728
1.0353
1.24232
0.988482
0.865215
1.14714
1.42715
1.25188
1.70139
1.26704
0.694065
0.816971
0.770328
1.43059
0.80088
1.2934
0.975287
1.46212
0.926357
1.12735
1.07261
1.62798
0.986707
1.16951
1.69194
0.907006
1.02593
0.808966
1.65918
0.952957
0.666666
0.53679
0.843941
1.57631
1.76221
0.728971
1.05655
0.552347
0.65276
1.11789
0.514872
1.16425
0.64011
1.02521
1.63667
1.21546
1.42277
0.984827
1.24097
0.693832
0.647156
1.15219
0.787017
1.27952
0.864115
0.973549
1.10493
1.05875
0.8286
1.70824
1.20998
1.33739
0.860004
0.874344
0.962432
1.4795
0.738529
1.28429
1.29272
1.02378
0.842915
0.669556
1.03518
0.937735
0.719032
0.721829
0.895466
0.55415
1.4681
0.990629
0.886216
0.954782
1.41056
0.877045
1.19457
1.09275
1.55948
0.701548
1.15572
0.372935
1.26797
1.04867
1.30311
1.02452
0.700497
0.902288
0.771352
0.958884
2.22345
1.05568
0.933649
1.75648
0.625318
0.622612
1.01141
0.792411
1.56566
0.68474
1.03532
1.01728
0.634001
0.959581
1.11168
1.07083
1.43122
0.785297
0.969535
1.37422
0.696691
1.11436
0.777997
1.25974
0.64991
1.40626
0.732803
1.29998
0.786137
1.22179
1.33916
0.975411
0.722648
1.08306
1.33661
1.04602
1.10581
1.085
0.606665
0.609583
0.780435
1.37016
1.06441
0.687602
1.04397
1.49382
0.978043
0.588692
1.15897
1.44695
1.11833
0.979434
1.02908
1.00768
1.45837
0.871192
1.08831
1.50345
0.873281
0.551923
1.16633
1.10395
0.79733
0.55362
1.08201
0.565721
0.833448
0.748224
1.32153
0.819005
0.974953
1.10064
0.959026
1.01582
0.725497
0.515658
0.556031
1.11369
0.826897
1.12967
1.36048
0.813087
1.28818
0.57301
1.35576
0.686586
1.29289
0.625878
0.886969
1.25592
0.495725
1.12974
1.21645
1.06518
1.62246
0.937742
0.689068
1.31751
0.878604
0.649201
1.13078
0.768896
0.785547
0.41024
0.922846
0.909624
1.03853
1.29363
1.55943
1.14268
0.711794
1.08644
1.25853
0.926975
0.871747
1.33323
0.666874
1.19659
1.34655
1.24325
0.7286
1.24559
1.08597
1.44546
1.06836
0.927619
0.771804
0.395085
0.623084
0.760348
0.897308
0.707758
0.785624
0.800945
0.441502
1.43218
1.05425
1.76351
0.728932
0.919007
1.97297
0.581543
0.511811
0.656624
0.976998
1.02794
0.849719
1.29146
0.712572
0.582615
1.53823
0.507317
1.22533
0.996472
1.65767
0.897907
0.496123
1.64887
1.35889
0.688194
1.30455
0.874325
1.29784
0.69184
1.15313
0.82471
1.16305
1.22276
0.550169
1.12478
0.550714
0.639688
0.731025
0.816557
0.814764
0.913785
1.04549
1.12042
1.7726
1.01468
1.27524
1.42782
1.58853
0.674304
0.678941
1.2042
0.548871
1.08706
0.90907
0.897799
0.534065
0.571033
1.85051
0.936988
1.09362
1.00919
1.01837
1.24494
0.747845
0.696244
0.911289
0.983528
0.708719
1.08724
0.922418
1.1789
1.99036
1.02667
1.0901
0.653589
1.05165
0.533985
1.04721
1.48984
1.13524
0.681048
1.08566
1.14685
0.80984
0.767162
1.52495
0.869966
0.831719
0.716418
1.12105
0.905725
0.604
1.07086
0.793391
1.18805
0.621065
0.826599
0.855648
0.538313
0.752402
0.839286
2.02612
1.27178
0.61279
0.678722
0.655644
1.47936
0.782899
0.862047
1.211
0.725698
0.565444
1.31091
0.67864
0.561424
0.984212
0.976318
0.666471
0.908314
0.787332
1.30955
1.02487
1.12714
1.41781
0.793106
0.65808
1.35816
1.19876
0.65455
0.691107
1.63424
0.66744
0.878501
0.685413
1.20409
0.246946
0.837649
0.890429
1.4907
1.00339
1.03148
1.9992
0.705103
0.997935
1.1363
1.43238
0.514407
1.66554
1.57542
0.989316
0.654309
1.0675
0.602812
0.997925
1.61328
0.866877
1.30412
1.20153
1.4954
1.02722
1.29629
1.02874
0.711975
1.53979
0.708274
1.52503
1.43132
1.98587
0.883191
0.754099
1.07051
1.67959
0.992293
1.19519
0.81169
1.31778
1.17229
0.962928
0.597489
0.752547
1.36019
0.590645
1.1935
0.764522
1.33538
1.34497
1.4436
0.781733
0.863015
0.746429
1.28214
0.646355
0.67783
1.97246
0.574778
0.982891
1.12582
0.951924
1.02612
0.719321
0.922227
0.642986
0.99771
1.12127
1.28225
0.404048
1.08092
0.884131
0.993571
1.75494
1.59239
0.782522
1.18101
1.11202
0.930864
1.67802
0.62099
0.724144
1.69321
1.02677
1.05575
0.833543
0.744171
1.06496
0.776479
0.551829
1.06417
1.21735
0.96752
1.19597
0.368021
1.28019
1.03526
1.22716
0.918447
0.483069
0.319689
1.3807
1.45755
0.696092
1.33257
0.572639
0.732582
1.13923
0.651089
1.62361
1.50178
0.766297
0.9877
0.744744
0.882953
1.66349
1.08882
1.02758
0.872151
0.520049
0.980686
0.94397
0.999133
0.504755
0.815076
1.27503
0.511622
1.20451
1.07586
0.824741
0.937721
1.17904
1.21627
0.886458
0.775227
0.81814
1.01461
1.69096
0.914878
1.22105
0.861567
0.82718
1.76834
1.21566
1.20418
0.935463
1.14933
1.03364
0.774844
0.754078
0.703273
1.31358
0.866621
0.727992
1.25387
0.95101
1.11102
1.01809
0.678485
0.541343
1.47993
0.879805
1.04699
1.59179
1.12138
0.389534
1.16005
1.32598
1.2614
1.75655
1.57637
2.00515
1.11974
0.678105
0.671651
0.701259
0.831472
1.26552
0.83172
0.943928
0.749791
1.59266
1.15715
1.30624
1.15704
0.861381
0.468715
0.86355
0.53824
0.935886
1.5317
1.39216
1.24501
1.07375
1.0752
1.31105
1.12298
0.976762
1.08588
1.3555
0.826197
0.869093
1.39322
1.45575
0.491533
0.615875
1.3906
0.830033
1.33916
0.969092
1.00724
0.893276
1.04579
0.662064
0.966742
1.00322
1.18149
1.65859
1.64389
0.526592
0.836998
0.562437
0.964176
0.712863
1.22174
1.07739
1.04215
1.19369
0.744479
1.51969
1.34127
0.988806
0.458241
1.07852
1.17386
1.62205
0.754789
0.644358
0.592773
0.773124
1.1972
1.51668
0.810523
0.753514
1.29951
0.54623
0.714608
0.577142
0.518028
0.488656
1.46768
0.710979
0.44776
0.436962
0.697588
1.41713
1.33718
1.67429
1.29593
0.922657
1.20955
1.20022
0.864429
0.642832
1.04029
1.10304
0.661252
1.56807
1.63848
1.08317
0.731352
0.990965
1.18326
0.620761
1.6168
1.09494
1.46687
1.27401
0.462211
1.1833
1.38753
0.826296
0.384446
1.11584
0.491089
0.879259
0.835391
1.00605
1.12005
0.444702
0.613217
1.82873
1.30593
0.827469
0.568097
1.34916
1.46289
0.70768
0.914192
0.964548
1.25885
1.01731
0.855034
0.800028
0.854206
0.833343
0.912395
0.583178
0.896087
0.656828
0.677672
0.783911
1.41509
0.2475
0.995341
0.947992
0.651692
1.08679
0.463629
1.18622
0.855673
0.569929
1.21417
0.478061
1.39906
1.2133
0.650319
1.24594
1.17858
0.901233
0.835722
1.07855
1.1681
1.16023
1.10387
1.23806
1.19055
1.41506
1.41078
0.770026
0.870156
1.05258
0.951657
1.58766
1.21156
1.36024
1.01138
1.05051
0.913786
0.647465
0.945277
1.12023
0.687955
1.69511
0.938442
0.934134
1.48902
0.773551
0.59262
0.613595
1.1389
0.744658
1.30233
1.69908
1.69207
0.567513
1.798
0.579065
0.969106
1.07973
1.45983
1.32831
0.895872
0.661102
0.461282
1.2969
1.15421
0.89104
0.475343
1.08292
1.02371
1.28412
1.24421
1.96757
0.395176
0.842023
0.851928
0.974522
0.655127
1.27264
0.620871
0.807925
1.20612
0.876922
0.713864
0.934664
1.30232
1.59841
1.20108
1.9706
0.627755
0.560309
0.705022
0.400788
0.809671
0.868436
0.670198
0.394818
0.515335
0.623808
0.677723
1.40567
0.514601
1.63087
1.07148
0.921602
0.953376
1.13112
1.03636
0.935094
1.75616
1.1857
0.757261
1.32405
0.980009
0.790779
1.34973
0.646761
1.21061
0.720141
1.05591
0.982413
0.756453
0.970768
0.933619
0.884392
0.549841
1.37725
0.639509
0.75283
0.741042
1.66128
0.828494
0.709474
1.04579
0.605392
0.636534
0.95073
1.08407
0.9934
1.14875
1.13819
1.02344
1.23211
0.732319
0.706393
1.02018
1.08012
0.609162
1.25708
0.802056
0.506189
0.894681
1.09114
2.07112
1.72171
1.51628
1.11798
1.30418
1.32924
1.12956
0.977079
1.04149
1.02306
0.850383
0.503677
1.15364
1.159
1.7056
1.02882
1.35511
0.786062
0.662798
0.6172
1.32061
0.786714
0.825248
1.10917
0.324172
0.681267
0.505604
1.25566
0.644065
0.786919
1.45649
0.719218
0.425592
0.672515
0.690161
1.00229
1.0361
1.59426
0.802011
1.03919
1.11776
1.03539
1.30321
1.19673
1.94436
0.707483
0.629941
1.915
0.646853
0.631704
1.23035
1.19475
0.922138
1.06482
0.869358
0.889743
0.625141
0.787188
0.734631
1.15049
0.785468
0.799363
0.897025
1.07597
1.16524
1.27938
0.897508
0.939932
0.795503
0.625789
0.725772
1.18522
0.832854
0.82265
0.727463
0.683513
0.703537
0.58329
1.31022
0.506309
0.930525
1.83286
0.924802
0.884187
0.553784
1.09763
0.830566
1.27606
0.60333
1.55361
1.41898
0.865244
1.22756
0.990021
1.28839
0.900863
0.942124
1.14776
1.61915
1.02078
1.13216
0.828677
1.16478
1.23848
1.19892
1.10484
1.31855
1.35154
0.768696
1.58151
0.907879
0.937521
1.23839
1.12782
1.12663
0.632777
0.350048
0.872602
0.714273
1.00372
1.08509
0.836884
0.48753
0.784213
0.767895
1.21922
0.949101
0.94953
0.960407
1.05395
0.940357
1.10787
0.680628
0.905334
0.869588
0.669745
0.847256
1.10783
1.24205
1.71889
1.18077
0.964881
0.868239
1.2907
0.740618
1.07011
1.02674
0.728656
1.55382
1.0349
1.86094
1.27765
0.943735
1.17615
0.752608
1.33475
0.623973
0.974426
1.02989
0.660075
0.955361
0.715051
1.01815
0.658978
0.76652
0.974955
0.845292
0.502345
1.0734
1.0273
0.762018
1.35761
1.05552
1.24852
1.01294
1.45351
1.2492
1.29345
1.57873
1.68517
0.729136
0.999203
0.963252
0.859764
0.844813
0.843496
0.83908
1.29131
0.417429
0.537131
1.44645
0.47178
0.932696
0.728596
1.00557
0.67021
0.863881
1.29306
0.655558
1.37728
1.05398
0.614531
0.862617
0.826657
0.761078
0.856928
0.969168
1.03076
0.855447
0.507998
0.577541
1.01655
0.842531
0.838177
0.719362
1.34097
0.812143
1.16522
0.750946
0.433796
0.631019
1.22926
0.809788
0.724644
1.27193
1.11791
0.985546
1.0038
0.774971
0.93138
1.09785
0.631992
1.52578
0.560626
1.44677
1.28112
0.722603
0.910936
1.15455
0.544987
1.08316
0.535685
1.15309
1.42722
0.585831
1.15338
1.31053
1.11824
0.583347
0.952398
0.989749
1.21835
1.20704
0.974081
0.403568
0.568756
0.698893
1.25544
0.819901
1.22353
1.38571
0.639435
0.607613
1.06076
0.65544
0.878099
0.911255
0.533116
1.06335
0.861692
1.40605
1.10612
1.28277
1.87152
1.96763
1.42386
0.888746
0.443825
1.08817
0.51004
1.41048
0.833222
0.977997
2.26314
1.21057
1.00497
1.27169
0.474243
0.934298
0.716791
0.656238
1.45044
0.655621
0.733409
0.776202
0.826381
1.16048
1.36821
1.30403
0.931194
1.03735
1.08123
1.57396
0.983695
0.960943
0.794381
0.741037
0.806415
0.895596
1.13586
0.815566
0.881029
1.52727
1.39119
0.824821
1.48214
0.952609
1.62187
0.735187
1.25897
1.0387
1.15574
0.977411
0.574421
0.779649
1.10458
1.36233
0.528921
1.06937
0.948211
0.863051
1.20129
1.07802
0.890652
0.600868
0.627702
1.16708
1.04685
0.704166
0.542208
1.00508
0.754041
1.1366
1.00989
1.13768
1.00795
1.35539
1.09095
1.16436
0.930617
1.04861
0.764571
0.816396
0.864049
1.46045
0.681632
1.07685
0.458507
0.72467
0.790172
1.17506
0.985751
0.729184
0.403814
1.00867
1.21298
1.40138
0.909778
1.26894
0.761822
0.801228
0.851891
1.23818
1.16289
0.899841
1.56792
0.923953
0.887096
1.35216
1.17302
1.43566
0.663484
1.05975
0.870036
0.64193
1.42141
1.15515
0.848288
1.42108
1.10065
1.17078
1.26572
1.85098
0.913226
0.904298
0.622065
1.19389
0.809317
0.375747
1.46249
0.811939
0.700344
0.884203
0.920284
0.574591
1.11301
1.33202
0.76526
1.16957
0.858878
0.708229
0.865337
1.1621
0.717509
0.99809
0.958969
0.869693
0.557253
0.80999
1.03109
0.796716
0.729184
1.67553
0.877881
0.382635
0.711962
0.74902
1.01415
1.13114
1.16212
1.07911
1.08967
1.02767
0.663523
1.2017
0.627195
0.728983
0.944033
1.06371
0.631097
0.85629
0.675854
0.605174
1.24173
0.789157
0.970595
0.8825
1.07532
0.54062
1.08632
0.905023
0.357224
0.996892
1.19803
0.821026
0.908921
0.742965
1.57061
1.05542
0.477795
0.773718
0.952792
1.81884
0.89606
2.07561
1.05177
1.4119
0.919356
0.875455
0.893229
1.37402
0.760017
1.05011
0.777165
1.4063
1.13706
0.919449
1.80549
1.19184
0.725397
0.90686
1.30486
1.17484
0.714496
0.811767
1.73819
0.96995
2.32912
1.05148
0.803553
0.888617
0.900078
0.894064
0.671861
0.81671
1.03073
0.62955
1.06396
1.14784
1.20935
0.81729
1.34924
1.21655
0.768357
1.34624
1.01842
0.707722
1.79905
0.674739
0.581394
0.793272
1.14267
0.559002
1.10526
1.18191
0.674009
0.825137
1.10189
0.582036
0.998905
1.24854
0.798857
0.959471
0.788012
0.986083
1.2786
0.623836
1.13792
0.311088
1.00894
0.680356
0.853956
0.904455
0.81578
1.11278
1.54771
1.61448
0.534023
1.76938
1.23288
0.951293
1.09036
0.71908
0.92929
1.11865
0.870921
0.876381
0.842496
1.36735
1.44171
0.791916
0.524996
0.770944
0.811083
0.41493
1.21314
0.866315
0.886992
0.769989
0.883941
0.706812
0.706702
0.945964
1.43675
0.731212
1.13743
0.686733
0.535382
1.02173
0.889089
2.18141
0.713219
1.23504
0.493495
0.905042
0.816793
0.714802
0.750889
1.5719
0.926483
0.775112
0.633857
0.450871
0.773652
0.80477
0.866533
1.29939
1.27695
1.11538
0.469653
0.492048
1.18798
1.12672
0.520538
0.893432
0.731772
0.770096
0.773618
0.908553
0.730351
0.647461
0.92398
0.85977
0.643321
1.06498
0.829438
0.855025
0.681002
0.756549
0.691405
0.525358
1.52648
1.09726
1.81103
0.890589
0.929611
1.12967
1.24618
1.06715
0.776676
0.864012
1.30178
1.45604
0.904856
0.770215
1.38367
0.629876
0.62397
1.11904
0.938372
1.09518
1.17877
0.72246
1.08391
1.34016
1.78792
0.660102
0.963966
1.00018
1.55127
0.987712
0.862923
0.584007
0.46132
0.841471
1.72982
1.18755
0.899783
1.37786
0.791889
0.977124
0.984809
0.788917
0.727225
0.605931
1.16491
0.7064
0.686241
1.04633
1.7611
0.833997
1.00705
1.26261
1.04672
0.615098
1.40841
1.10195
1.12436
1.24611
0.480904
0.564339
0.977036
0.914753
1.40287
0.857065
0.549507
0.498293
1.29582
1.31453
0.677747
0.839015
0.459856
1.49347
0.933141
0.912703
1.1416
0.750825
0.954343
0.836468
0.899192
0.991779
1.11899
1.04384
1.02388
1.30577
0.441324
0.34717
0.72722
1.05137
1.11816
1.09973
0.952104
0.858781
0.506434
0.972994
0.78101
1.40798
1.5581
1.35303
0.942558
0.92515
0.831525
1.23083
0.905005
1.0464
0.686955
0.805272
0.934508
0.329496
0.762148
1.25016
0.796468
1.20726
1.02377
0.665826
1.39482
0.810814
1.05654
1.0836
0.935797
1.01537
1.19386
1.02
0.823954
0.774188
1.86636
1.56287
0.910152
0.921898
1.05925
0.690326
1.22255
0.738953
1.46233
0.953845
1.65386
1.25176
0.618481
0.639445
0.525467
0.865234
0.824288
0.965403
0.736702
1.06575
1.73456
1.77747
0.984429
1.13011
0.97172
0.934502
0.82307
0.62901
0.936613
0.763452
1.63706
1.62202
1.00367
0.927754
1.03885
1.28331
1.0274
1.24674
0.861414
1.02115
0.870065
0.875839
0.896053
1.15432
0.703564
0.876261
1.08667
1.03767
0.837777
0.958552
0.935839
0.650228
1.11116
0.90961
0.52862
1.27012
0.764687
1.00921
0.57228
1.1504
0.740241
0.825585
1.47831
1.14782
1.02662
0.714285
0.520197
1.10863
1.28783
0.791554
0.740936
1.09709
0.714225
0.905422
0.905204
0.922257
0.750811
1.77798
0.702828
1.00831
0.701353
0.737854
0.666773
1.36354
1.08054
0.922863
0.964765
0.868969
1.79499
1.33866
0.960937
0.506553
1.03347
0.715878
0.707594
0.822729
0.831389
1.24885
0.908865
0.775538
1.12344
1.07607
0.983055
1.5287
1.68444
0.597245
0.954311
1.08097
1.00503
0.621087
0.774608
1.1679
0.901991
1.16324
0.793762
0.920927
1.4642
0.474439
0.89419
1.23875
0.845681
1.14259
2.14388
0.491384
1.22439
1.19131
1.63255
0.781675
0.508267
0.852012
1.66237
1.12915
1.03925
1.18634
1.41238
0.539843
1.88876
1.14053
0.558564
0.720924
0.561872
0.563744
1.21383
1.14223
1.10005
1.30372
1.18281
0.848983
0.926067
1.05196
1.06626
0.872511
0.758226
0.946319
0.803942
0.489618
1.21223
1.49429
0.664362
1.17204
0.720435
1.51606
0.82749
0.768717
0.574166
0.92094
0.871658
0.84985
0.715272
0.964064
0.779531
1.19232
1.36023
0.721054
1.26765
0.841938
0.489947
0.890786
0.741848
2.25593
0.630425
1.38106
1.06773
1.52339
0.755784
0.768608
0.91165
0.88078
1.70372
0.996989
1.01323
0.977723
0.774364
1.0271
0.630895
0.613948
0.715102
0.602042
0.934998
1.4321
1.1384
1.19128
1.1446
1.16578
1.19483
0.941721
1.11365
0.724701
0.810648
1.19057
0.793521
0.932034
1.14448
1.89376
0.811634
1.09159
1.22294
1.4429
1.22241
0.925959
1.66302
1.14387
1.49397
0.769933
1.03742
0.602133
0.687645
0.67933
1.83162
1.21277
1.61188
0.513193
0.537439
0.788887
1.17681
0.355978
0.696615
0.703439
1.98729
0.704963
1.00083
0.709463
0.889912
0.739492
0.5781
0.863105
0.886305
1.2301
0.851728
0.885812
1.23761
0.38785
1.21511
1.16548
1.30601
0.752767
0.994757
1.37938
0.467247
1.10931
0.780569
0.522378
1.04014
1.03041
1.09826
0.628705
0.72673
0.721365
0.931322
0.635431
0.731629
0.911441
0.978388
0.628635
1.07487
0.768403
0.939872
0.793069
1.04734
1.09116
1.28497
1.45787
0.924592
0.600766
0.751538
0.75097
0.750774
1.41604
1.01451
1.07063
0.944316
0.71149
1.56244
1.53735
1.26189
0.834553
0.995857
1.28652
1.11997
1.06668
1.12578
1.34821
0.705834
0.665882
1.04119
1.30194
1.26113
1.05143
0.931119
0.828952
1.34847
1.01341
0.697052
0.618482
0.977517
1.19448
0.576818
1.00444
0.85422
1.08697
1.32684
1.05412
1.10955
0.952031
0.819899
1.23471
1.17717
0.84958
0.80586
0.667104
1.51508
1.56273
1.38653
0.731142
0.642013
0.695185
0.770577
1.24371
1.0949
1.04484
1.23154
2.50887
1.03256
1.1634
0.859076
1.21415
0.899422
0.891092
1.252
0.50345
1.15493
1.56414
0.7972
0.849484
0.781053
0.837383
1.36061
0.602533
0.668961
1.01698
1.35029
1.39822
0.903018
1.78362
1.23554
0.512384
0.656054
1.09268
0.728266
0.866436
0.695224
0.966504
1.1726
0.645062
1.29716
0.804799
1.03523
1.01662
1.59435
0.708614
0.692958
0.625039
0.98913
0.806838
0.397114
0.582931
1.03315
0.7052
0.931875
1.21029
0.995923
1.53957
0.908071
0.662575
1.20174
0.654953
0.690328
0.978644
0.625449
0.592633
0.717198
1.09187
0.673512
0.73245
0.922672
0.876433
0.87402
0.747437
0.675804
0.895941
1.19521
0.893552
0.872768
0.828731
0.42505
0.719849
0.708785
0.852837
1.17133
0.733159
0.507742
1.02223
1.83017
0.850338
1.08867
0.988594
0.806103
0.96758
1.19783
0.662293
1.7097
1.28878
0.70902
0.96112
1.18062
0.97796
0.748538
1.34258
1.22421
0.891853
0.924767
0.556081
1.22289
0.982102
0.79296
0.870489
0.812437
1.21475
0.721752
1.36472
1.40437
0.735836
0.976197
1.33273
0.542146
0.7218
0.75653
0.61339
1.06064
1.27344
0.968787
1.32581
0.832596
1.46796
0.834362
0.88452
0.844364
0.835298
1.07873
0.524282
0.930191
1.32629
1.22792
0.574265
1.0046
0.840515
0.796367
0.772065
0.809167
1.1237
1.46064
0.619218
0.924676
0.854534
0.763212
1.02633
0.740007
1.32562
1.03953
1.34738
0.838869
1.22566
0.81541
0.692151
0.741745
0.635599
0.607278
0.339491
1.00323
1.14972
1.82495
1.19791
1.92743
1.23955
0.98271
1.29246
1.24734
0.953755
0.845071
1.5502
1.54124
1.37035
0.811998
0.412894
1.53674
0.669396
1.27866
0.781362
1.15405
1.08602
0.949077
0.57234
0.759614
1.89671
1.20266
1.27441
1.17779
1.11564
0.778972
0.915735
1.25891
1.26773
1.24315
1.05688
0.87567
1.16783
1.2899
1.57997
0.913088
1.20199
1.15858
1.1153
1.331
0.996864
0.918285
1.77502
1.74928
1.62058
0.384734
1.11198
1.76112
0.721156
1.21494
1.03846
0.671163
0.653137
0.622898
0.978338
1.15485
0.693216
0.910728
1.45826
1.27968
1.16143
0.954093
0.954141
0.612256
1.39074
1.03784
1.01104
1.2789
0.872568
1.14774
0.840265
0.70765
0.97081
1.54044
0.541006
1.10722
1.51624
0.814512
0.811242
0.570809
1.06028
1.09086
1.43884
1.04466
0.556753
1.58751
1.019
1.30414
1.38479
1.12949
0.514412
0.662548
1.1848
1.14247
1.42972
0.620054
0.767665
0.801555
1.71249
1.54665
0.824799
0.68004
0.829
0.860529
0.882106
1.09075
1.06661
1.26533
1.91169
1.24055
1.13993
0.850097
0.37929
1.2249
1.3381
0.503578
0.950017
0.739789
1.275
0.724407
0.960266
0.971323
1.05684
1.23323
1.01938
0.796563
0.927542
0.800725
0.900778
0.890578
0.905431
0.772166
0.50899
0.72916
1.16983
1.41004
0.779669
0.662641
1.23035
1.2495
1.28645
0.827592
1.26121
0.868354
0.602105
0.774366
1.30724
0.808306
0.824909
0.743809
0.874179
1.65868
0.724407
1.21835
1.33084
1.28026
0.944422
0.672625
1.23558
1.45116
0.965943
0.719464
1.34676
0.941486
1.08494
0.707405
0.790126
0.787215
0.579705
0.815021
0.721508
1.44017
0.885525
1.02276
1.4612
1.0016
0.490426
0.711574
1.13339
1.25208
0.594897
0.908114
0.805644
1.08865
1.0822
1.55761
1.67747
1.15079
1.12227
0.869296
0.876212
1.13445
1.2088
0.449017
1.06489
0.786229
0.944518
1.1208
1.19941
1.72767
0.788522
0.825486
1.3402
1.51942
0.781244
1.1426
0.702737
0.489277
1.03269
1.55219
0.666318
1.05548
0.933149
0.70709
1.20842
0.911571
0.719411
1.10065
0.893259
1.00127
2.16957
1.02619
0.473184
0.93128
0.835008
1.14181
0.927273
1.17794
1.00079
1.19785
0.513705
0.919791
0.6924
1.45842
1.93672
0.959677
1.141
1.07636
1.64543
0.508755
0.979041
1.0107
0.84436
1.38578
0.854074
1.05721
1.56379
0.906536
0.755814
0.570022
0.879367
0.809695
1.05394
1.08954
2.20312
1.0563
0.49795
1.32376
0.497054
0.754404
1.04753
0.965552
0.832428
1.29344
1.37699
0.73581
1.38019
1.14391
1.06491
1.05842
1.18199
0.88849
1.25897
1.1506
0.864278
1.1885
0.885339
0.912181
1.31316
0.699698
0.784766
0.654439
0.72552
1.65797
1.56886
0.753489
0.723659
0.870559
1.01567
1.04787
0.877147
0.909408
1.75044
0.920449
1.34466
0.890037
1.56271
0.897161
1.0908
0.623287
0.740902
1.19713
0.860098
0.93938
1.09729
0.981552
0.398134
1.08686
0.618597
1.13233
0.894034
0.490882
1.04608
1.00955
1.20245
0.803986
0.666951
1.28939
1.13195
1.09097
1.05743
0.547383
0.814551
0.709416
1.44364
0.884803
0.844645
1.17806
1.36641
1.31418
1.56974
0.843618
0.99742
0.997688
1.07801
0.845338
0.683869
0.69716
0.762652
1.48015
1.08454
1.19808
0.95583
1.33616
0.778359
0.750533
0.656141
0.781994
1.52114
0.801134
0.552945
0.916331
0.957436
0.712421
0.636668
1.59535
1.02723
0.811958
0.999871
1.66654
0.829649
0.791725
0.775383
1.02839
1.00095
1.18522
1.09127
0.826098
0.941574
0.966523
1.03475
0.97509
1.65333
1.70177
0.933634
1.46344
1.00451
1.03973
0.70582
0.595746
1.47378
0.865315
1.47409
0.603028
0.992062
0.697537
0.813473
0.929305
0.733511
0.920627
1.33923
0.612365
0.990821
0.894928
0.763069
1.39231
0.812641
0.824445
0.964066
0.680503
0.98433
1.25505
0.843731
0.899675
1.67527
0.938734
1.1626
1.03621
2.02128
0.667682
1.11541
0.696126
0.873413
0.869018
0.772148
1.15426
0.492684
0.673535
1.07828
0.874804
0.955191
1.25207
0.667709
0.702208
0.96268
1.32259
0.581303
1.23133
0.775102
1.51158
1.65547
0.907671
1.41095
0.612715
1.29125
0.794355
1.42144
1.29417
1.3588
1.35558
0.877733
0.77173
1.01423
0.936026
1.0484
0.682271
0.765441
1.01762
1.19948
0.593659
0.946215
0.880387
1.0802
1.08473
1.57757
0.993946
1.17445
1.0801
0.972359
0.799633
0.968596
0.924304
1.36949
0.645778
0.924327
0.824974
1.38999
1.91081
1.07541
0.790468
0.959268
1.14357
0.718807
0.628331
1.59241
1.299
0.997048
1.12621
1.05002
1.40398
0.76252
1.09857
0.899347
0.988076
0.778486
0.945613
1.07008
0.618327
1.40359
0.766178
1.04476
0.990474
0.853473
0.971515
1.01395
0.749895
0.966105
2.3582
1.64032
0.82726
0.801856
1.2009
0.891935
1.15647
1.32706
1.17101
1.07833
1.3321
0.4794
1.06263
1.28652
1.80815
1.17355
0.88154
1.04459
0.652274
0.572234
0.950816
0.887504
0.700332
0.915873
1.12644
1.47364
1.23791
0.879605
0.980034
1.29276
0.492267
1.37539
1.06082
1.16895
0.686911
0.358848
1.40884
1.06472
0.911257
0.9004
1.3301
0.926373
0.911942
0.506584
0.969234
0.929486
1.13019
0.737271
1.34315
1.5196
1.11158
0.730541
0.678087
0.662957
1.15672
1.16304
0.868981
1.18695
1.06375
0.812922
0.952785
0.506199
0.681177
0.638261
1.17965
1.41322
0.990581
0.447771
0.760417
0.972705
1.2866
0.722611
0.973861
1.34282
1.0492
0.897835
1.12467
0.647756
0.831186
0.707825
0.849191
0.78682
0.921958
1.47047
1.14644
0.637537
1.05622
1.254
1.09967
0.488474
1.03545
1.09021
0.758749
1.38366
1.00965
0.963866
1.14125
0.607345
1.18408
0.896292
1.25724
1.98168
1.06774
0.66775
1.24354
1.11292
1.11069
0.662114
0.94047
1.28373
1.95144
0.668068
0.878848
1.09582
0.801156
1.06753
0.995835
1.22403
0.807494
1.54363
0.839586
1.02803
0.552784
1.11835
0.973565
1.3612
0.873091
0.717951
0.975486
0.962239
0.77968
0.823298
0.694665
1.1919
0.605591
1.50941
1.85307
0.713478
0.991319
1.46634
1.7099
0.589637
0.736234
1.15746
1.95509
0.72409
1.04046
1.12208
0.77133
1.54961
1.21585
1.35621
1.05095
0.422416
0.99456
1.47388
1.33421
1.429
0.807438
0.814946
0.555587
0.592118
1.07709
2.10168
1.17141
0.855301
0.975042
0.729057
1.2407
0.728968
0.836728
1.36024
1.04038
1.53745
0.871162
1.58552
0.856441
1.28443
0.830041
1.36386
1.24524
0.936243
0.92434
0.7042
1.49201
1.16106
0.646097
1.09941
0.612782
0.628957
0.994299
1.19554
0.959395
1.0355
0.739785
0.944481
1.59892
1.03262
0.803433
0.861421
0.831759
0.747343
1.32347
1.01084
1.19849
1.24909
0.770901
0.540791
1.1892
0.655247
1.15515
0.629945
1.13562
1.24505
0.802122
0.588916
0.97046
0.626122
1.347
1.03137
0.782515
0.640188
1.34762
1.38142
1.63477
0.839407
0.640628
0.697743
0.662275
0.948906
1.42709
0.898826
0.760779
0.707259
1.06805
0.792569
0.585351
0.674884
1.22901
1.07515
0.871304
0.814297
1.34142
0.601397
1.2934
0.671916
1.12597
1.35483
0.71922
2.01572
1.1031
1.02381
1.16971
1.78364
1.59861
0.583241
0.575424
0.902682
0.85121
1.0326
0.89885
0.904396
0.822288
0.974942
1.2714
1.01516
0.982048
0.993978
0.998075
1.08076
1.4913
1.10838
1.00156
1.27258
0.870484
0.97478
0.871466
0.659692
0.936706
1.05841
1.79392
0.750193
1.31383
0.966887
0.731227
0.886603
0.758183
1.29853
1.27291
1.16071
0.927483
0.750487
0.884805
1.31087
1.0818
0.589236
0.596741
0.65799
1.13091
1.30857
1.05862
1.32597
0.605917
0.765644
1.43575
1.14797
1.49299
1.02069
0.913859
1.07697
1.53611
0.711868
1.08023
2.01385
0.595598
0.963999
0.813928
0.966226
0.624318
0.772618
1.02392
1.12162
1.04091
1.17142
0.863418
0.791482
0.753472
1.6329
0.791311
0.704164
1.54233
0.892288
0.82443
0.466568
0.795676
1.01722
0.897805
0.798545
0.996284
0.5415
0.728795
0.86906
1.07092
0.861444
1.18682
0.830467
0.872787
0.860259
0.892512
0.877401
1.30176
0.937148
1.27333
0.990127
1.16533
1.07569
0.907392
0.959955
1.3057
0.526493
1.40291
0.955951
0.984067
1.34114
0.980159
0.942582
1.0185
1.27729
1.26105
0.777467
0.679188
1.25429
0.719223
0.902633
1.39745
1.37246
1.15345
0.918463
1.11442
0.526642
0.710658
0.448409
0.960947
0.597909
1.27305
0.446541
0.54764
0.693722
1.00031
0.891538
0.472475
0.715851
0.534699
0.914573
0.734286
0.851253
1.45705
0.816828
0.630276
1.18956
1.05626
1.32303
0.598246
1.71338
0.929536
1.01223
0.548879
1.19
1.0942
1.5323
0.992434
0.557725
0.529296
0.954287
1.31768
0.536007
0.557947
0.576957
0.799426
1.08131
1.34548
0.674109
1.33768
1.20337
1.02968
1.06093
0.830654
1.33193
1.06756
0.869624
0.642507
1.27328
1.22867
1.10927
0.915529
0.711494
1.43989
1.25234
1.13146
1.04361
0.760598
0.519903
1.65322
0.561098
0.403094
0.854649
1.03537
0.821762
0.835147
1.03823
0.823298
1.02891
0.791443
1.03029
1.22182
0.575882
1.26756
1.15778
0.777947
1.27461
0.40635
1.03224
0.87181
1.99822
0.78474
1.09288
0.989148
1.04611
0.658082
1.08833
1.06099
0.643656
1.82555
1.05749
1.03908
1.05382
0.95553
1.19615
0.671502
1.16466
1.21489
1.02947
1.62009
1.34711
0.72889
0.849876
0.859325
0.693188
0.687528
0.913462
0.686495
0.864005
1.21413
0.784944
0.627076
1.08294
1.19037
0.913529
0.854281
1.2509
1.29514
0.705778
1.10279
0.718547
1.27922
1.49828
0.405628
0.554993
1.03285
0.594111
1.54228
0.614842
1.37835
0.489257
1.21034
0.863503
0.464146
0.623624
0.594051
1.16775
0.808569
0.468259
0.437631
0.600143
0.739983
0.842548
1.0868
0.768292
0.750921
1.06221
0.484567
1.22665
0.980952
0.901159
0.951897
0.791723
0.659352
1.04508
1.31253
0.936511
1.94281
1.08759
1.32474
0.545565
1.63788
1.63665
1.78075
1.53577
0.374442
0.498894
0.764954
1.1974
1.5351
0.953815
1.36606
1.38978
0.932256
1.53085
1.07629
1.37308
1.08978
1.73815
1.01955
1.39206
0.773378
0.757059
1.19254
0.911005
0.939807
1.03995
2.03487
0.87901
0.841229
0.566724
1.17698
1.86897
1.22191
1.26561
0.938714
0.504835
0.868855
0.981985
0.853666
0.699586
1.12026
0.611012
0.826509
0.798778
1.22934
1.00946
1.64388
0.548516
1.13459
1.19917
1.33257
0.690277
1.99476
1.51849
0.930576
0.536756
1.21621
0.58006
0.571228
1.5447
2.11051
0.673239
1.03773
1.29968
1.04857
0.831433
0.990828
0.870464
0.976121
1.20829
0.661691
0.964814
1.37356
0.93983
0.434713
0.75466
0.554989
1.01202
0.999269
1.16972
1.61295
1.31323
0.633065
0.839984
0.807334
0.75384
1.35994
0.692004
1.07059
1.51648
1.02301
1.12161
0.778534
1.01558
0.858015
1.10354
0.9803
0.999647
1.06626
0.963206
1.5139
1.2679
1.22466
0.942969
0.780478
0.96258
0.72941
1.11551
0.638466
0.854047
0.758776
1.62481
0.781826
0.81191
1.19248
0.392544
0.563081
0.760082
0.654967
0.855962
0.35394
2.05985
0.40351
0.821419
0.877234
0.990594
1.96049
0.930187
1.26738
0.907719
0.556375
1.49352
0.94234
0.465438
1.23089
0.999581
0.89877
0.91993
0.99788
1.05043
0.704489
0.973044
0.655627
1.10341
1.24914
0.829153
0.993423
0.551685
0.797369
0.716523
0.930785
0.620515
0.561552
1.53215
0.508492
0.930114
1.07737
0.416563
1.16567
1.56662
0.770952
1.17004
1.01042
0.572579
1.33599
0.636973
0.936042
1.05345
0.896014
1.30358
0.857835
0.751963
0.661028
0.755844
0.869414
0.730504
1.33669
0.677211
1.00009
0.879398
0.83397
1.17666
1.00178
1.0693
1.05285
0.947754
0.712561
0.63812
0.910567
0.84501
0.920442
1.11539
0.574268
1.46723
1.97855
0.362115
0.842591
1.06325
0.599392
0.513408
1.0763
0.550717
1.37905
0.562778
1.273
0.613174
1.01379
0.688482
0.871291
1.05359
0.486371
1.45474
1.09248
0.922558
0.975862
0.887379
0.966406
1.71422
1.15908
1.05224
1.05819
0.662057
1.04544
1.74873
1.1945
0.638662
0.897241
1.32121
1.03341
1.71994
0.828219
1.67307
0.998458
1.13208
1.04155
0.797718
0.852621
0.765008
1.61312
1.13856
1.52722
0.779847
0.859946
1.3913
0.529141
1.05914
1.12367
0.950526
1.38977
0.84667
0.967423
1.05198
0.927841
1.13808
0.385485
0.506903
0.79569
1.43986
0.625439
1.07069
1.06106
0.840207
1.116
1.43019
0.603677
0.961722
0.567233
1.48607
1.03363
0.982447
0.966391
1.10597
1.70521
1.10466
1.40363
0.757803
1.09135
0.586997
1.04707
1.2612
0.55239
0.579861
1.2207
0.90813
0.793246
1.06935
0.757148
1.04456
1.34773
0.688745
0.663844
0.629701
0.999307
0.601622
0.696912
0.909534
1.42138
1.24241
1.09027
1.03561
0.685614
1.34221
0.757883
0.860835
0.883545
0.811644
1.03722
0.664757
1.54815
0.918206
0.824715
1.15408
0.578966
0.776759
1.21508
0.877175
1.31182
0.877579
1.17632
1.04077
1.08122
0.564635
0.770213
1.05931
1.16331
0.962346
1.38467
0.941795
0.685761
0.795115
1.17043
1.29011
1.4484
0.972929
1.1365
1.21322
0.850974
1.12193
0.850745
0.931366
0.54097
0.932721
0.687541
0.974034
1.24976
1.01211
1.51797
0.60301
0.849985
0.624199
0.977948
0.980582
0.958042
0.749269
1.07391
0.621253
0.922493
1.30603
1.2989
1.43262
1.0457
1.20817
0.442044
0.656248
1.1978
0.665143
0.40142
1.06838
1.23769
1.86303
1.14105
1.35504
1.04795
0.644122
1.17881
0.902302
0.523626
1.09638
0.597577
1.15935
0.996567
2.01123
0.938155
1.11161
0.955827
1.00476
1.12553
1.50516
0.919347
0.339217
1.47656
0.969261
1.20794
1.29079
0.958129
0.681953
1.11409
1.20324
0.918293
1.07312
1.13951
0.464164
1.63144
0.832927
0.91764
1.53619
1.09199
0.791561
0.797612
1.37523
0.618274
0.940914
0.813187
1.3546
0.698548
0.927618
1.27504
1.80443
1.33624
0.49272
0.78717
0.555539
0.719891
0.893565
0.601532
1.02238
1.23176
0.563145
1.08834
0.875195
1.33108
0.459719
1.0173
1.0696
0.499638
1.00303
1.39714
0.818385
1.444
1.16924
0.56529
0.76888
0.686772
0.577255
0.843311
0.986597
0.740999
1.38997
1.04334
0.853634
0.664713
0.697277
0.976996
1.50116
1.05625
0.778096
0.642206
0.916559
0.966539
1.08015
0.995213
1.43738
1.39047
0.749454
1.11808
1.56546
1.19715
1.21234
1.01402
1.2846
0.939795
0.793853
1.00367
0.966889
0.43375
0.645159
1.13903
1.36279
0.782235
0.680382
0.622223
0.858836
0.952972
0.810518
1.00239
1.65782
1.1193
0.540328
0.941388
1.19213
1.15239
1.34478
1.21663
0.778528
1.37905
1.10872
1.06562
1.24989
1.54101
0.606965
0.972946
0.809528
0.690058
0.715067
1.2013
0.759727
1.07365
0.857858
1.02907
0.635192
0.766556
1.75793
0.716414
0.960354
0.916823
1.01475
1.18712
0.57783
1.21097
0.8055
1.01129
0.816763
0.969851
0.879894
1.08695
0.891197
1.29978
0.755196
0.980772
0.895899
1.25284
0.831653
1.0715
1.20945
1.08409
0.455446
0.701834
1.26288
1.14897
1.01175
1.22963
0.952171
1.26728
0.485358
1.60329
1.27462
1.32627
0.865923
1.26168
0.539623
1.07333
0.767747
0.733819
0.743844
0.694768
1.12625
1.12133
0.799667
0.853896
0.72812
0.747951
1.37197
1.37837
0.53144
1.67009
1.15735
0.736782
1.0875
1.26914
0.71472
0.779986
0.89403
1.51703
0.944732
0.881653
1.74174
1.32889
0.604073
1.08655
1.24632
1.15531
1.14487
1.1309
0.728628
1.67626
0.915501
1.05007
1.05501
1.28826
1.7412
1.33769
1.16464
0.72231
1.24704
0.981263
1.29963
1.20538
0.76061
0.721111
1.135
1.07296
0.678323
1.18152
0.579031
0.811739
0.892232
1.38414
1.19279
0.998948
1.11236
1.31177
1.28893
0.835552
1.01729
1.00163
0.697111
0.909581
1.49663
1.51232
0.656292
1.16377
1.38221
1.1784
1.27812
1.24849
1.36164
1.3399
0.852394
1.34175
0.667569
1.08171
0.736465
0.43094
0.832742
1.69554
1.05262
1.0355
1.08688
0.748472
0.86636
1.26558
0.788348
0.656609
0.532119
0.413682
0.848818
1.40411
1.09791
0.498014
0.577218
0.948294
0.830727
1.53873
0.979602
0.605693
0.952876
1.45177
0.505214
0.788766
1.03905
1.16481
0.299274
0.365649
0.492446
0.750995
1.04919
0.442095
0.951617
0.617484
1.121
1.25653
1.18246
0.924016
0.730025
0.900827
0.97715
1.90045
0.438149
0.524772
0.978486
1.80918
1.68043
0.878077
0.894426
1.00683
1.12831
1.09137
1.30586
0.622891
1.04067
0.858126
0.895228
1.02534
0.963061
1.35406
1.4928
1.35501
1.64566
1.32741
0.80761
1.07936
0.582337
0.592165
0.936168
0.547422
0.881123
0.494264
0.84015
0.866927
0.708464
0.538211
1.43569
1.10797
0.997419
0.947241
1.01447
1.26554
0.821383
1.59765
0.683453
0.65221
0.768982
0.622863
1.20589
1.34056
1.03714
0.787492
1.04326
0.989831
1.2759
0.735676
0.393843
0.696639
0.741581
0.941147
1.26651
0.751561
1.35118
0.49328
1.73599
1.11815
1.15751
1.06472
0.493804
1.04416
0.336553
1.33077
0.88607
0.902482
1.60712
0.946263
1.09271
0.590529
1.0134
0.885195
0.920666
0.844329
2.03272
1.12895
1.03688
0.576148
1.20341
1.42278
1.12289
0.622821
1.10519
0.754722
0.594307
1.11775
1.17957
0.628528
1.00708
0.896156
0.762269
1.01932
0.911833
1.15401
1.12407
1.05151
0.833592
1.44977
0.65844
0.99905
0.630916
0.817582
1.01689
1.38985
0.825206
0.813078
0.926469
0.466556
0.975265
0.856098
0.737429
0.777784
1.32579
1.01808
1.37977
1.28423
0.852916
0.41308
1.28765
0.993766
0.706936
0.83696
1.11507
1.41926
1.5321
1.13862
0.985304
0.948563
1.52904
1.40552
0.855869
0.82476
1.02299
1.30843
0.562497
0.815722
1.38307
1.2394
1.15996
0.791744
0.816241
1.3516
1.07786
0.419338
1.338
0.787434
1.09613
0.56584
0.64597
0.953923
0.708322
1.23334
0.750184
0.92947
1.22998
1.11457
0.833363
0.697057
0.922958
1.27234
1.56278
1.19179
0.659199
1.4351
1.10735
1.5011
0.947875
1.11722
1.49946
0.630147
0.896534
0.734481
0.910269
0.684822
1.12217
1.00782
0.833859
1.09603
0.771835
1.43797
0.962074
0.914793
1.17467
1.92551
1.0759
0.62032
1.08136
0.760718
1.17558
0.585258
0.959957
1.44302
1.05014
0.757187
0.941818
0.634215
0.725829
0.977017
0.594999
1.00855
1.2502
1.24416
1.00799
1.52523
0.957227
2.00073
0.914876
0.53817
0.555454
0.575892
1.09833
1.72218
1.50133
0.863918
0.662298
0.819959
0.902063
1.32681
1.24106
0.371709
1.20063
0.877543
1.12934
1.72166
1.82317
0.87524
1.19045
1.07249
1.05585
0.99364
1.31376
1.12339
0.825228
0.794866
1.61362
1.08684
0.993321
0.807924
0.631701
1.0314
1.17367
1.27689
0.790241
0.867271
0.857022
0.778641
1.30491
1.09678
0.683001
0.879967
0.884865
1.11482
1.40803
0.972566
0.894089
0.73832
0.846183
1.3301
0.409231
1.19695
0.809247
0.736503
0.511983
1.28654
1.08695
0.711536
1.10355
0.985269
0.643508
0.925401
1.40973
1.03056
0.432982
0.42708
0.98028
0.670348
1.58946
1.21869
0.784905
1.50859
0.740475
1.64258
1.02879
1.17649
0.96584
0.716006
1.1501
1.31547
0.805308
1.0567
1.38804
0.735899
0.801813
0.947379
0.900312
1.44627
1.5351
0.857603
0.771685
1.02309
1.33085
0.985578
0.877967
0.532168
0.737831
0.35746
0.768059
0.779584
0.973268
1.3221
1.00729
0.751226
0.701102
0.869874
1.12578
1.2827
1.38705
0.923948
1.8322
1.15124
0.614882
0.89464
0.913082
1.13576
1.07265
0.661495
1.12907
0.842369
1.35444
0.842306
0.914796
0.878196
0.828807
1.0827
1.06793
1.16374
1.16638
0.860479
1.1107
0.557305
0.652332
1.3974
0.971771
0.677813
0.833857
0.519749
0.782893
1.38979
1.02055
1.01778
1.13941
1.11753
0.818419
1.05189
1.31233
0.676884
0.523047
1.02622
1.08583
1.20217
0.698554
1.3329
0.877112
0.668882
1.11473
1.07333
0.625507
0.879144
0.880849
1.09626
0.705086
1.17686
0.944109
1.26159
0.85947
1.04202
1.10795
1.10811
0.865452
0.863103
1.29069
0.466823
0.585977
0.818079
0.900283
0.889508
1.15377
0.861555
0.818224
1.03935
1.25692
1.20521
1.58736
0.981949
1.13901
1.39485
1.11665
0.856961
1.07591
0.853971
1.22316
0.402239
1.21417
1.1525
1.09777
0.977897
1.61344
0.936289
1.4684
0.815251
1.55257
0.909829
0.742597
0.96704
1.36474
1.30753
0.664424
1.20609
0.940462
1.07086
1.69234
1.3224
0.595623
0.689202
1.69128
0.773493
1.60141
2.27869
0.692742
0.62752
0.493971
0.864938
0.841856
0.479211
0.824011
1.28931
0.838302
1.21798
0.553158
0.911596
0.855157
0.830683
0.857764
0.56367
0.834117
0.762491
1.12361
0.912953
1.15068
0.803432
0.979537
0.880864
1.29287
0.95625
0.512479
0.526494
1.4429
0.834053
1.00746
0.499337
1.10992
0.854135
0.623859
0.718315
0.470363
1.07907
1.52348
0.977849
1.4134
0.985381
0.958079
1.14943
1.25947
1.02803
0.951014
1.75446
1.19754
0.601439
1.1535
1.67413
0.989826
1.06055
1.87595
1.00974
0.775756
0.876977
1.08451
0.705475
0.32719
0.911615
0.971709
1.51658
1.23709
0.758443
0.657806
1.60356
1.00333
1.46173
0.944997
1.11979
1.65812
0.680736
0.82678
0.850629
0.598091
1.07793
1.16534
1.2258
0.666507
0.810617
0.639732
0.535716
1.18172
1.07833
1.60296
0.747024
1.13257
0.995908
1.00508
1.24182
0.729157
0.715882
1.4815
0.884491
1.00628
1.00209
0.606888
1.9032
0.937412
0.969894
0.689856
1.05022
0.519099
1.33341
0.752823
1.28441
1.44704
1.20029
1.05786
0.848187
1.53388
0.641053
0.755814
0.654634
1.08322
0.969441
1.06935
1.11777
0.993505
0.903112
0.976465
0.855641
0.949311
1.0593
0.748008
1.24527
0.589592
1.33749
0.848878
0.780338
1.87498
0.911991
0.658488
0.961125
1.05518
0.87114
0.707686
0.382209
0.851512
1.16844
0.784161
0.882351
0.522618
0.809428
0.961163
1.35755
1.33956
1.1229
1.1398
0.911344
0.74506
1.44155
1.7975
0.753702
1.12954
1.177
0.970967
0.945844
1.02943
1.48
0.993363
1.53728
0.713385
1.15325
0.625881
1.35247
0.928589
0.86571
1.03284
0.578956
0.951082
1.06451
0.835466
1.0318
0.650834
0.842962
0.96792
1.40472
1.85385
0.781334
0.952432
1.59418
0.895043
0.986717
0.991698
1.16485
1.29087
1.06207
1.1652
0.525702
1.26114
0.587388
0.587756
1.22377
1.31165
1.04097
1.62476
1.12558
1.00963
0.70819
1.35772
1.45289
0.892753
1.2717
1.26808
1.22187
0.69062
0.923768
0.776871
0.777283
1.1889
0.402706
0.718675
1.44818
1.65409
0.817165
1.28455
0.761679
0.86446
1.32737
0.795341
0.828006
1.40101
1.21245
1.11031
0.961995
0.976166
0.852715
1.28886
1.47684
1.00645
0.950029
1.36101
0.969898
1.34107
0.465643
0.97716
0.794671
1.23776
0.660634
1.35222
1.11228
0.915018
1.05035
1.13833
0.530638
0.522941
1.5049
0.58439
1.10862
1.62575
0.579861
1.26691
0.987144
0.567951
0.709369
0.740724
0.894367
0.689863
1.26044
0.884152
1.28123
0.74148
0.584361
1.30481
0.491289
0.865014
0.995218
0.853461
1.28555
1.10996
1.07535
0.433715
1.10697
0.817434
0.572929
0.727953
1.1857
0.957779
0.734141
0.444286
0.848309
1.49742
0.610581
1.00218
0.870033
1.18556
0.923506
0.851248
0.917794
1.32801
1.09334
1.58715
0.704861
1.24748
0.631785
0.900133
0.727348
0.908563
0.735765
1.14702
0.722599
0.918345
1.01663
0.855477
1.09939
1.11262
1.48894
1.01616
0.713147
0.42012
0.751084
0.840427
0.825738
1.28207
0.780593
0.647252
0.951258
1.03809
0.989904
1.2129
0.677475
0.954758
1.34237
1.23059
0.94067
0.952084
0.656305
1.86436
0.898561
0.909135
0.669822
1.32922
0.624627
0.716091
0.979114
0.841906
1.69153
1.10611
0.401469
1.0094
1.20291
1.06395
1.31971
0.711955
0.629397
1.03169
1.11765
0.470384
1.03555
0.780419
1.86107
1.16674
0.819093
1.60205
1.10913
1.61602
1.35008
1.4371
1.094
0.784608
1.15266
1.61749
1.48913
1.33363
0.817583
0.885033
0.990435
0.680224
0.34908
0.71497
0.644541
1.35971
0.734281
0.70335
1.03325
0.757178
0.912431
1.09348
0.856723
0.617056
1.18372
1.07159
1.37973
1.20962
1.18768
0.555636
0.9728
0.932487
1.07272
0.512551
1.25654
1.32917
0.589846
1.13189
1.02069
1.20473
0.888027
1.00307
0.495417
1.25743
1.2428
1.2412
0.924308
1.57086
1.23952
1.20395
1.29663
1.19737
1.41533
0.976229
1.31916
0.758825
1.06291
1.93156
1.28331
0.750769
1.17723
0.917531
0.81663
0.680715
0.434407
0.736335
0.62852
1.12283
0.656672
1.08078
1.16782
1.40834
1.40663
1.39418
0.930699
1.52109
0.855507
0.454347
1.1766
0.469266
2.23289
1.25726
0.701101
1.1641
0.872142
0.930998
1.49262
0.827987
0.860522
1.12672
1.00997
0.844352
0.664039
1.23169
0.641092
0.706775
0.957166
0.872669
0.861866
1.08048
0.841012
1.61051
1.97778
0.775033
0.789077
1.16421
0.938392
1.34242
0.735808
0.474811
0.979077
0.626169
0.869474
0.718511
1.15981
0.859045
0.718412
1.18042
0.958693
1.75579
0.869594
0.615672
1.13185
0.493465
1.18625
0.811242
0.910181
1.10328
1.18073
1.09794
1.10101
0.869433
1.0842
0.799518
0.979853
0.485376
0.936732
0.966606
0.726825
1.47672
0.503925
1.29758
1.532
0.957336
1.59903
0.480024
1.10305
1.03
0.971511
1.5131
0.75218
0.777701
0.898135
1.29322
0.895109
0.869034
1.9
1.16574
0.923782
0.706649
0.612785
0.79974
0.540573
0.696331
0.85067
0.737693
1.27916
0.750703
1.32421
0.883823
1.22514
0.65412
0.575387
0.654945
0.549452
1.00285
0.700723
0.777752
1.0307
0.590233
0.565797
1.33471
1.40919
0.964669
1.1633
1.27648
0.596292
0.88985
0.750002
0.741478
0.627002
1.44577
0.963768
0.514936
1.26949
1.10112
1.10256
1.44771
0.697083
0.868497
1.15241
0.5919
0.990913
0.782752
1.10513
0.800291
0.554325
1.14886
0.907811
1.82514
1.49987
1.63001
1.00422
0.857973
1.00463
1.03775
0.872802
0.535529
1.07979
1.08444
0.861445
1.08086
0.961015
0.821148
1.02147
0.866582
1.34324
0.958807
1.36785
0.476928
1.91455
1.15815
0.904906
1.35582
1.04913
0.491369
0.631211
0.529416
1.45887
1.01252
0.699971
0.943452
0.976104
1.07644
0.956072
1.33499
0.791468
0.65091
0.825053
0.630525
1.23811
0.65965
0.658278
0.829242
0.604142
0.97374
1.22836
0.737137
1.10421
0.591373
1.023
0.870234
1.04689
1.54462
0.949964
1.23435
0.504076
1.87575
1.03493
0.605243
2.17817
1.47399
1.30135
0.776133
0.899418
0.465329
1.95622
1.35052
0.880886
1.24751
0.846249
0.761846
0.636081
1.37745
0.524503
0.57553
1.31537
1.23709
1.11312
0.826457
0.463978
1.1671
0.926379
1.55022
0.970577
1.55227
1.10211
0.792759
0.775464
0.986832
1.48412
1.75912
0.947923
0.9069
1.05802
0.669219
1.51375
0.566349
1.07018
0.689389
1.66855
1.5471
0.789937
1.16409
0.322801
0.904355
0.94938
1.60698
0.559379
0.789279
0.415159
1.43982
0.455012
1.52029
0.790751
0.820981
0.806677
0.628537
0.930973
1.06756
1.72899
1.22625
0.700213
1.09684
1.61558
1.71574
0.748028
0.854246
1.09471
1.51631
1.11607
1.78844
0.882158
1.13188
1.00323
1.15809
1.13818
1.37934
0.589617
0.839966
0.46198
0.93183
1.13321
1.36731
1.10261
0.645667
0.54684
0.973533
1.55019
0.928535
0.837975
0.769008
1.10641
0.657513
1.39995
0.492915
1.07104
0.85051
1.15806
1.04222
0.878984
0.841719
1.24979
0.828326
0.569401
0.758041
0.812649
1.31213
0.874135
1.96504
1.12079
1.13066
1.146
1.2065
0.611179
0.648951
1.08398
1.20969
1.13632
1.23678
1.18764
0.614648
0.778524
1.1053
0.848805
0.661496
0.988485
1.09282
1.43167
1.05389
1.26664
1.13176
0.637698
1.19144
0.879824
1.44135
0.812775
0.531475
0.512758
0.949032
0.696477
1.33142
0.713432
0.808613
1.08117
0.319164
1.66617
1.20422
0.939293
0.873224
0.749936
0.760823
0.796567
0.856722
0.646304
1.2386
1.41247
1.35558
0.568905
1.02434
0.846506
1.50991
0.81507
1.22523
1.44768
1.07437
0.816945
0.667216
0.648072
0.532283
0.891505
0.776333
0.501829
1.33985
1.2166
0.923173
0.978815
0.908174
0.6235
0.699352
1.16067
1.62711
0.511548
0.785603
1.0857
1.27161
0.954953
0.811204
1.01992
0.942566
0.529681
0.63481
0.720972
1.5529
0.905104
1.19517
0.962569
0.847132
0.71683
0.854177
0.917272
1.13009
1.14938
0.504663
1.5865
0.616671
0.655336
0.729902
1.4909
1.26841
1.24597
0.678973
0.929291
1.08202
1.7426
0.700927
0.956041
1.53784
0.854889
0.737853
0.776309
0.736969
1.14987
1.02103
1.14402
0.357875
1.75675
1.43642
1.09726
0.857344
1.09369
1.00053
0.677743
1.33969
1.10431
0.950319
0.683994
0.756945
0.895909
0.82452
1.30787
1.11497
0.587314
0.951057
1.10362
1.03242
0.886649
0.814216
0.636151
0.723872
0.89208
1.24152
1.10765
0.778661
1.35054
0.661214
0.829862
1.48141
0.670176
1.28642
1.52728
1.76209
0.873595
0.442837
0.628036
1.34589
0.90653
1.44015
0.619306
1.31196
1.17546
0.947697
0.898132
0.737579
0.557288
0.890037
0.997281
1.13213
0.857348
1.15973
0.646968
0.837865
0.944444
0.900173
1.00738
1.26436
1.39837
0.948895
0.8916
1.23133
1.62904
1.03135
1.0897
1.31415
1.04731
1.2
1.10396
0.735514
1.34976
1.40289
1.13099
0.7674
1.06198
0.608068
0.663854
1.19261
0.740382
1.89752
1.38019
0.719777
0.741061
1.1388
1.41058
0.684405
0.938345
1.22603
1.5093
1.76548
0.970792
1.06076
0.41092
1.17356
0.847721
1.08868
1.00912
0.969754
1.26477
0.932298
0.569676
1.52578
0.510459
1.06416
0.402809
1.05909
0.602623
0.576204
0.622391
0.768066
1.01457
1.25564
0.532631
1.00695
1.22236
1.37609
0.900196
1.11243
1.03348
1.56856
0.701208
1.09702
0.914826
0.915918
0.653212
0.762588
0.646717
0.797601
0.952934
1.53462
0.957051
1.1766
1.12506
0.63227
1.25211
0.933059
1.17209
0.480013
0.60339
2.00847
1.23949
1.59745
1.3392
0.778368
1.53266
0.548233
0.688077
0.969754
0.907333
1.31708
1.16564
1.1212
1.05744
0.755991
0.953866
1.12054
1.20826
0.389648
1.52174
0.785657
0.9531
0.741222
0.834593
1.50421
1.48535
1.14084
0.435382
0.962645
0.822769
0.64544
1.05797
0.552918
0.830321
0.988925
0.670213
0.606567
1.19104
0.796117
1.10596
1.20219
0.671372
2.27404
1.02725
0.7426
1.17914
1.06638
0.774573
0.88322
0.5609
1.35763
1.29884
0.952706
0.696126
1.45155
0.721794
1.08395
1.08942
1.7322
0.855104
0.977901
1.35251
1.26577
0.670165
0.894556
0.795743
0.763868
1.46894
0.839805
0.954801
1.46819
0.756826
1.23603
0.689739
1.38088
0.760051
0.966894
0.660998
1.36132
0.526287
0.862947
0.756297
1.31045
0.688009
0.483358
0.698208
0.918893
1.24318
1.15868
1.33355
0.589048
1.00945
1.80984
0.995885
1.22864
1.24097
0.975038
0.994467
0.641996
0.784202
0.690791
0.425232
1.30711
1.32314
1.08081
1.69957
0.770497
0.894009
1.33263
0.617151
1.40662
1.43716
1.34715
1.41861
1.2137
1.1828
1.27558
0.4858
0.849165
0.645369
0.875477
0.354404
0.779302
1.28543
0.711133
1.28051
0.692279
0.866068
0.926683
0.937728
1.27439
1.15564
1.09515
1.35493
1.59157
0.87335
1.51327
1.09189
1.17833
1.35033
1.24486
1.09454
0.881506
0.873806
0.996308
0.889485
0.844348
1.09329
0.961056
1.32378
0.758139
1.18848
1.18326
1.09508
1.67035
0.50762
0.948232
1.09155
1.18849
1.3881
0.738586
0.543562
0.857307
1.26768
1.12954
1.24731
0.873217
0.89647
0.702888
0.406136
0.654371
0.504388
0.615775
0.573423
0.935813
1.52266
0.744889
0.583654
1.29016
1.28884
0.962813
0.69061
0.341154
1.29297
1.23897
1.23316
1.04058
1.24118
0.648751
1.44058
0.568144
0.426633
1.10915
0.77282
0.910348
0.710952
0.836623
0.992437
1.08249
0.945668
1.02417
1.03539
0.721507
1.48344
1.30388
0.701846
0.752785
1.76607
0.479568
0.93697
0.540376
1.26497
0.65866
1.47879
1.13062
0.933121
0.348616
0.282611
1.02366
0.834004
0.46725
1.0664
0.974759
0.925582
1.43942
1.3711
0.92808
0.909751
0.524702
0.649899
0.717356
1.3627
1.16145
0.807625
0.497903
1.09299
0.929641
1.3511
0.979575
1.22176
1.04665
1.21157
0.806518
0.514125
1.72317
1.8216
0.813034
1.2175
1.72183
1.00144
1.13068
1.38077
0.571678
0.85864
1.49604
1.05851
0.850485
0.634272
0.783275
0.823683
0.55933
0.548431
1.01372
0.916173
0.942195
1.01209
0.836544
0.977254
0.963326
1.06591
1.32576
0.803247
0.257898
1.00985
0.477808
1.15022
0.989692
0.934925
1.02466
0.831057
0.675449
0.939751
1.3544
0.622955
0.719846
0.929181
0.601129
0.838245
0.762662
0.725848
1.29847
1.08379
0.474392
0.89866
0.622543
0.671475
1.37477
0.858473
0.930295
1.18177
1.33418
0.505833
0.481117
0.408058
0.500872
0.473617
1.36574
1.12963
1.14788
1.25676
0.66994
1.49544
1.23509
0.722715
0.93042
0.773991
0.836044
0.518475
0.856124
0.721032
0.869582
1.49983
1.22567
0.956636
0.943048
0.673978
0.862127
0.751637
1.08581
0.708899
0.622971
0.880971
1.21613
0.628945
0.972391
0.406957
1.23085
1.22812
1.7932
1.19025
0.626234
1.05915
1.30247
0.702237
0.708761
1.13719
1.22895
0.643058
0.826124
0.981777
0.724326
0.793284
0.883041
0.985074
1.00243
0.93285
0.622635
1.59251
1.10351
0.777606
0.9264
1.05997
1.2726
1.25717
0.579138
1.1347
1.35069
0.952584
1.26143
1.16762
1.09868
1.00832
0.512028
1.28873
0.883192
0.634213
0.749355
0.770275
1.26416
0.644021
1.0589
0.796186
0.520095
0.688127
0.853057
1.03412
0.980052
0.660838
0.795604
1.65005
1.22971
0.517258
0.872684
0.83397
1.00988
1.2106
1.00288
1.96007
1.13329
0.498343
1.12893
1.43598
0.70323
1.13693
0.790768
1.15167
0.680445
0.709043
1.63458
0.880243
0.757088
1.52411
1.00396
0.665045
0.48555
1.01294
0.641051
0.721069
1.16204
0.684503
0.744876
1.3062
1.16572
1.21313
0.928355
0.609965
1.20097
0.918098
1.33803
0.673181
0.929621
1.22311
0.641949
1.26608
1.06425
0.845684
0.84697
1.14629
1.36574
1.2676
1.0182
0.904773
0.869421
1.33816
1.16668
0.813606
1.26908
0.892972
0.989451
1.20861
1.34532
0.787362
1.38186
1.00775
0.810287
1.23464
1.43285
1.49779
0.750931
1.18722
0.802322
1.3273
1.29185
0.854671
0.510501
0.502653
1.23607
1.09226
1.0603
1.7732
0.912938
1.5602
0.864772
0.734557
0.732484
1.32496
1.02099
1.73574
0.8911
1.36363
0.653694
0.882432
1.02276
0.796589
1.19706
0.777025
0.951494
1.02168
0.706971
0.789327
1.55466
1.2835
0.29304
0.980678
1.3652
1.56912
0.719893
0.876095
1.60245
0.826145
0.725063
1.23731
1.46289
0.809616
0.990411
0.757227
0.745877
1.18374
0.970834
1.23374
1.03426
0.932954
0.698122
0.883955
1.35885
1.35809
1.03461
0.721533
1.55232
0.986138
0.762203
1.09764
0.893892
0.831624
1.09333
0.883967
0.891168
0.957375
1.12238
1.13472
1.08965
0.660569
1.49588
1.30923
1.04035
1.10981
0.840288
1.36692
0.759593
1.03363
0.648243
0.948114
0.783683
1.22204
0.691895
0.452469
0.811324
1.04681
0.876316
0.660897
0.680892
0.777877
0.813057
0.938791
0.624918
0.982707
0.822197
1.41819
1.75597
0.645044
1.08594
0.359255
1.07386
1.12169
0.986073
0.94938
0.993279
0.825219
1.24886
1.11072
0.923465
1.29553
1.27623
0.39706
1.19141
1.34253
1.49026
1.11183
1.4201
1.27379
0.668044
0.939353
1.24184
0.709977
0.529178
0.933654
1.26823
0.795917
1.36965
1.10216
1.14942
1.00923
0.559242
1.30862
1.013
0.799801
0.578276
1.05516
1.64061
0.708081
1.10609
0.495292
0.992908
1.31912
0.774276
0.843461
0.998228
0.515815
0.747465
0.799255
1.87637
0.527295
0.854317
0.573378
0.715267
1.06286
1.57386
0.486326
0.57377
1.05175
0.64316
1.43928
0.7325
0.868387
0.736066
1.29873
0.691855
0.783579
0.510981
1.30169
0.88989
1.40462
0.845929
0.712121
0.753579
1.10857
0.781217
0.776435
0.802959
0.654929
1.24255
1.39073
1.33027
0.673572
0.753275
1.33974
0.590353
1.20713
0.534527
1.93945
1.03872
1.2315
0.858783
0.681869
1.22048
1.30389
1.45373
1.04414
0.974154
1.02483
0.860655
0.789347
0.797806
1.97837
0.988212
0.715554
0.838524
0.936744
0.925268
0.66931
1.36019
0.647075
1.02251
1.42824
0.944006
1.28551
0.922593
1.14115
0.585435
1.30782
0.760876
0.680514
1.39559
0.788508
0.919828
0.75578
1.65877
0.894371
0.65714
0.915043
1.4488
0.693188
1.03819
0.946427
1.2794
0.98623
0.822449
0.774809
1.17181
1.41055
1.03577
0.947822
1.12059
1.34964
1.20836
0.659094
1.42858
1.25608
0.833527
1.01092
0.872418
0.799502
0.797067
0.701521
1.54535
0.748792
0.278271
0.948953
0.393896
1.18289
1.83328
0.506533
0.741557
1.07013
1.3083
0.505404
0.914912
1.72611
0.781056
0.960402
0.927993
1.06341
0.392694
1.97674
1.20755
0.814487
1.13496
1.10078
0.873471
1.15088
1.25314
1.07271
0.808709
0.746745
1.19312
1.24274
1.06208
0.848751
0.760324
0.598809
1.09651
1.08732
1.19258
1.28723
1.15192
1.03718
0.40578
1.16368
0.698237
1.2333
0.703694
1.31922
1.5002
0.738149
0.552442
1.24648
0.901109
0.502631
0.789476
0.880988
1.01413
1.0224
0.302626
0.616955
0.952669
0.808669
0.511488
0.80363
1.23244
1.24715
1.357
0.761852
1.18357
0.608485
1.26216
1.28979
1.2808
0.528896
0.885686
1.67976
1.06999
0.331747
0.802366
0.690944
1.35898
1.41054
0.808082
1.3641
0.902084
1.55448
0.600029
0.976488
0.751784
1.43646
1.32445
1.06749
1.44427
0.795903
1.0052
1.3641
0.944408
1.24004
0.844233
0.693906
0.871268
1.16753
1.07756
1.03106
0.963246
1.14583
0.658561
0.822617
0.725003
0.71301
0.95669
0.912358
1.14429
0.987497
1.29697
1.4157
1.3507
0.782815
0.889534
1.36
1.3623
1.51839
0.510256
1.03461
0.580021
0.74332
0.759302
0.618679
0.982814
0.443735
0.753269
0.460901
1.32604
0.825541
0.634261
0.991202
1.29853
0.863311
0.773752
1.08952
1.08593
1.13435
1.08311
1.10505
1.17852
1.83922
0.799285
1.4469
0.858946
0.898412
0.546381
1.08624
1.09825
0.883323
1.05974
0.865471
1.43928
0.825103
0.773254
0.900867
0.858753
0.562164
0.880149
0.605951
1.11682
1.44358
0.983228
0.742687
1.07791
1.17548
0.664525
0.7937
1.01277
1.91868
0.855877
0.781532
0.808329
0.614295
1.33598
1.26837
1.02999
1.35812
0.844475
0.772635
1.38767
0.762931
0.58729
1.07906
0.501957
1.01313
1.25116
0.993757
0.689044
1.00399
0.847283
0.733107
0.967447
0.398513
1.00557
0.879165
1.43201
1.13194
1.01391
1.65964
1.1189
1.17163
1.37428
0.882048
0.512548
1.5936
0.620034
0.909676
1.22907
0.586228
0.695393
1.24331
1.03381
0.77367
1.40207
1.03565
0.84019
1.02693
0.957101
0.800821
1.09086
0.719822
0.546721
0.69202
0.98763
0.834737
0.41127
0.907205
1.5509
1.17295
0.913361
1.53632
0.805359
0.43253
0.926176
1.04745
1.01524
0.775554
0.94512
1.22702
0.976791
0.676081
1.15357
1.24519
0.722827
1.45317
0.944755
0.842628
0.816051
1.22571
0.844474
0.879792
0.847007
0.886975
1.0221
1.33445
1.0965
1.057
1.22332
1.61063
1.13963
1.01098
0.73988
0.784077
0.705893
0.98872
0.838474
0.598529
1.11389
0.601102
0.91175
1.4973
1.08297
1.05308
0.951243
1.14963
0.968222
1.03528
1.6735
0.635458
0.993533
0.674287
1.03182
1.64216
0.836284
0.643507
1.54561
1.42634
0.962739
1.13636
1.13553
0.791049
0.878778
0.98366
1.35493
0.998869
0.71519
0.694387
1.2948
0.994386
1.30932
0.831302
0.973639
0.991135
1.4735
0.913616
1.09204
0.913104
1.72867
0.948182
0.908005
0.996985
0.471951
0.755091
1.71517
0.784742
0.984239
0.703109
1.18267
1.51937
0.4268
1.45673
1.09249
0.817782
0.624415
1.11986
1.09522
1.21361
0.724383
0.780507
0.769707
1.12624
1.07212
1.54995
1.27174
0.720603
1.13578
0.812577
1.51238
1.06709
0.447603
1.01988
1.18898
1.3791
0.909387
0.817265
1.5301
0.638057
0.601078
0.767087
1.03784
1.25914
0.686369
0.855358
1.10606
1.71027
0.771519
1.19534
0.727695
0.980011
0.733262
1.30987
1.54485
0.507603
0.722808
1.74435
0.811333
0.983722
0.992915
0.602842
0.717579
0.94149
0.885683
1.02984
0.871269
0.97155
0.948079
0.850315
1.34665
0.907399
1.14746
0.990042
0.641825
1.53834
0.610324
0.522022
1.40345
1.10086
0.820916
0.623337
0.378496
1.19499
1.22611
0.839002
0.577491
0.696115
0.911964
1.4351
0.559554
0.997101
0.379123
1.14507
1.56925
0.51157
1.12227
0.553375
0.877474
0.637808
0.835769
0.783945
1.40427
0.806464
1.34179
0.4756
1.04892
1.1517
1.27293
1.16285
1.09322
0.941404
1.03292
1.26118
0.867419
0.997734
0.689932
1.45513
1.04585
1.22411
1.59589
0.883114
1.20571
1.155
0.995574
0.98341
0.84211
0.730064
0.913437
1.2732
1.08076
1.13866
0.701679
1.70254
1.07046
0.787342
1.14101
0.657538
1.75277
1.50277
0.697738
0.533959
0.904823
1.01787
0.885805
1.83302
0.899949
1.46743
1.06255
0.722864
0.626087
0.599408
0.672405
0.948694
0.843278
0.681034
1.1304
0.566333
1.06908
1.64207
1.16309
1.13491
1.46277
0.902199
0.635912
0.788889
0.850466
0.715492
1.01067
0.38027
0.738977
0.758001
1.15131
0.728014
1.49154
0.721646
1.34316
0.592627
1.26346
1.09436
0.748632
1.05137
1.04571
0.901494
1.4685
1.03053
1.05728
0.735011
2.01539
0.905637
1.18483
1.06025
0.755638
0.757433
1.14836
0.858142
1.57657
0.712205
1.01914
1.21838
1.16262
1.03565
0.673071
1.22634
1.18612
1.36354
0.717625
0.912124
0.771286
1.18737
0.875196
0.676878
0.59419
0.990595
0.695466
1.11693
0.859666
1.26922
0.738541
0.965644
1.08246
1.08344
0.759563
1.29217
0.91863
0.879895
1.3409
0.846187
0.770991
0.679281
1.56143
1.18735
1.06104
0.458654
1.12082
0.743671
0.721493
1.24185
1.00135
0.901819
1.79872
0.917718
0.858232
0.752227
0.64466
0.789426
1.10855
1.33769
0.857529
0.461831
0.936021
1.33527
1.2715
1.35967
1.72195
1.08871
1.10777
0.875219
1.00068
0.973473
1.21791
0.881627
0.568831
0.992373
0.628628
1.40362
1.62724
0.908303
1.97762
0.857353
0.917322
1.26171
0.967784
1.23507
0.723805
0.737581
1.15629
1.83672
0.854143
0.91383
1.19898
1.05496
0.824062
0.857038
0.945309
1.26061
0.754387
1.12481
1.01589
0.643558
0.915561
0.727899
1.23903
1.0109
1.03717
1.26405
0.713491
1.18924
0.389663
1.28866
1.24311
1.65543
1.4467
1.10025
1.36026
1.16452
1.37837
1.37423
0.861301
0.923936
1.75273
0.797816
0.952297
0.917209
0.95122
1.23194
1.02926
1.11736
0.811446
0.804681
1.07575
1.21235
0.698686
0.523001
1.51831
1.20224
1.10112
0.570777
1.02353
0.804532
1.54978
0.393482
0.89656
1.23537
0.974209
1.11532
1.13903
1.10313
0.833171
0.892345
1.17046
0.987731
0.75393
1.07395
0.997484
0.989054
0.758407
1.24388
1.00799
0.469024
0.915064
0.934382
1.39546
0.334798
0.789391
0.649222
1.07108
0.917368
1.31369
1.25696
0.967155
1.0643
1.3576
0.675809
0.881712
1.34148
1.09032
0.695114
0.926983
0.480117
0.726775
0.788561
1.03714
1.23956
0.982652
0.978125
1.09002
1.58556
1.17737
1.13824
1.10527
0.750123
0.779752
1.07663
0.678263
1.5884
0.749892
0.67805
1.1576
0.936619
1.24592
1.10756
1.03634
0.965681
1.25787
0.625443
1.3338
1.23911
0.746067
0.965839
0.579652
0.959115
1.36269
0.59177
0.881223
0.758599
0.609363
1.4306
0.920469
1.44114
1.44992
0.735971
0.623775
0.906878
0.637864
1.37695
0.70607
1.04563
0.814264
1.2219
0.692753
0.769488
0.773505
0.914182
1.47004
0.70148
0.91294
1.06675
0.790096
0.691062
1.22218
0.404467
1.20922
1.52278
0.879059
0.708013
0.602043
1.78235
0.912508
1.68835
0.7757
1.36157
0.764689
0.98176
1.95
0.798852
0.740978
1.03076
1.16926
0.900572
0.924902
0.860294
1.00977
0.856199
0.839824
1.17565
0.784231
0.913282
1.5312
0.998979
1.55402
0.518612
1.24186
0.652915
0.913351
1.17815
1.38192
0.696765
0.836835
0.869679
0.978725
0.602342
1.07663
2.23446
1.07727
1.29735
1.29042
0.939395
0.39199
0.819931
1.07173
1.25389
0.987973
1.04348
0.59517
1.59529
0.983995
1.83449
0.97465
0.737075
1.90696
0.972272
1.83897
1.11177
0.599116
1.12298
1.34156
0.96356
0.773774
0.965129
0.854327
0.874883
0.597519
0.945306
0.761847
0.759462
1.09477
2.03308
0.965891
0.914707
1.19408
0.584296
1.34693
1.28989
0.945968
1.32538
0.640963
0.981319
1.46541
1.29829
1.1582
1.29573
1.62316
1.07834
0.713001
0.872418
0.696496
0.909058
1.38061
1.31739
1.58889
0.826991
0.78083
1.05111
1.65197
1.12924
1.14413
1.42688
0.756164
1.29681
0.621572
0.805524
1.11765
0.890991
0.721127
0.991343
1.06597
0.92365
1.41014
1.00187
0.93407
0.80109
0.891969
1.21041
0.984715
1.27052
1.02499
0.896858
0.493326
1.34601
0.69552
0.960003
0.774945
0.816056
1.00277
0.821693
0.758929
0.94453
0.769173
0.89961
1.12917
0.799717
1.02364
1.03623
0.640941
0.807226
0.543021
2.02531
1.13004
0.570538
1.15872
0.986167
0.582908
0.729646
1.19913
1.33009
0.860423
1.49526
1.14389
1.10818
0.855525
0.85593
1.70275
1.16954
0.709556
0.881082
0.441463
0.752385
1.30888
1.34895
1.26126
1.37611
0.86769
0.855586
0.924888
0.432037
1.24425
1.12243
0.792284
0.737056
1.23384
1.00371
0.579048
1.83461
0.434077
0.939833
1.10844
1.30121
1.15536
0.63844
0.929214
1.31617
0.689194
0.942297
0.613899
1.13109
0.890964
0.701727
0.944144
0.823062
0.617165
1.34426
1.16962
0.596127
0.617419
1.02049
0.838449
0.896996
1.07578
1.60392
0.706849
0.566511
1.27456
0.552307
1.02838
0.902274
0.951153
1.96418
0.553546
0.715333
1.51211
1.04463
0.70264
1.11773
1.68268
1.26663
0.685693
0.798907
1.3723
0.695672
1.26024
1.43707
0.808196
0.426369
1.24642
1.10554
0.726059
0.837398
1.0409
0.564933
0.481596
0.974037
0.851452
1.2284
0.726018
1.02994
0.861162
0.723318
1.15427
1.00717
1.21078
1.12703
0.62398
1.31459
1.26661
0.757645
0.834949
0.720558
0.74106
0.653262
0.889662
0.659969
1.29877
1.30227
0.675814
0.597449
1.35341
0.694176
0.623602
0.474612
0.91604
1.62628
0.758479
1.12813
0.992184
1.21905
0.516187
0.774445
1.34854
0.958035
1.05232
1.71993
0.500074
0.729798
1.01358
0.978384
1.21398
0.670283
1.24571
1.23502
1.1986
1.29795
1.12141
0.891551
0.65395
0.592804
1.05075
0.986504
1.15607
1.10693
1.38211
0.957605
0.704217
1.75535
1.12297
1.39061
1.27222
1.21231
1.15676
1.01477
1.3235
0.507783
0.895267
1.01165
0.561672
1.38262
1.07517
1.39105
1.49536
0.641517
1.03642
1.21663
0.986978
1.48555
1.49569
0.8614
0.963948
1.20496
0.963417
0.659006
1.35288
0.730492
0.666414
1.01071
0.366871
0.711049
0.715523
0.528287
1.16558
0.836505
1.18663
1.28264
0.955537
0.357771
0.4247
0.843799
1.45021
0.912999
0.882781
1.39237
1.12727
0.660589
1.06731
1.19464
0.979231
1.66508
0.881387
1.65361
0.653304
1.2346
0.669564
0.913215
1.13768
1.12142
1.06896
0.864192
1.09199
1.20719
0.966615
0.943888
1.16651
1.18189
0.877223
1.08719
0.831204
0.543708
1.28856
1.03844
0.867537
0.801997
0.649361
1.11447
1.17994
0.822211
0.737607
1.3031
0.965556
0.726801
1.2475
0.917449
1.35665
1.14443
0.781046
0.776986
1.07991
0.831972
0.950693
1.42251
0.522403
1.09975
1.25033
1.34201
0.752562
0.609171
0.852247
0.765174
0.765106
0.998514
1.20083
0.82624
0.749934
0.808437
1.18292
0.464587
1.09643
0.803985
0.842504
1.73444
0.390754
0.765887
0.751224
0.659233
1.41897
1.48318
0.764056
0.79673
1.08278
1.42035
1.04684
0.806637
1.02022
1.01698
1.24825
1.35547
0.83309
1.39475
0.753355
1.18433
1.26182
0.790213
1.32186
0.751013
0.769806
0.499439
1.30683
1.0234
1.21236
0.997232
1.06824
0.944511
1.27586
1.00684
0.651425
0.776731
0.839278
1.37174
0.867623
1.04849
0.657139
1.02966
0.921841
1.32851
0.779997
0.899186
1.51238
0.735874
1.25331
0.584064
1.32043
2.07903
1.3203
1.24075
0.970107
1.2186
1.13892
1.35277
2.104
0.800262
0.612993
0.773094
0.698317
0.823709
0.895884
1.04209
0.517601
0.651517
0.688826
0.732893
0.909394
0.719526
1.59965
1.70783
0.472739
0.959111
1.05534
0.837511
0.933923
0.655351
0.937422
0.461097
0.933983
1.06013
0.884754
0.992596
0.908726
0.952519
0.720331
0.857996
1.50194
1.04586
0.958816
0.931142
1.22148
0.705263
1.34
0.806872
1.0608
1.53782
2.16988
0.810757
1.0119
0.80004
0.832744
0.727267
1.22787
0.668914
1.20022
1.09825
0.554564
0.419438
0.627773
1.32642
0.752054
1.01415
0.707238
0.973984
1.29516
0.724408
0.992236
0.961086
1.6047
0.628112
1.07417
1.85882
1.12316
1.00059
1.00895
1.51056
1.4028
1.16491
1.00697
1.26542
1.14528
0.550796
1.1759
0.911633
1.02434
0.89229
0.661934
0.715835
1.38568
1.86413
0.572873
0.589707
0.827902
1.28872
0.997663
0.575183
1.1554
1.26698
1.28476
1.36949
1.51942
1.04787
0.804471
0.974919
0.729627
0.748761
0.666534
1.12036
0.608226
1.22127
1.25128
0.863965
0.99412
1.09587
1.19492
1.01997
0.889764
1.14009
1.16512
1.01181
0.807349
0.943573
0.824134
1.24346
1.21895
0.94082
1.08884
0.791212
0.59984
1.00042
1.17195
0.865276
1.50952
1.12483
0.462401
1.09621
0.963334
1.22144
0.652296
1.17051
1.05548
0.815716
0.659035
0.596925
1.01725
1.16401
1.03879
1.22891
1.07985
1.59011
0.684318
1.65567
1.20514
1.30998
0.637468
0.745598
0.850131
1.86732
0.950676
1.18007
1.32622
1.06574
1.20088
1.18451
1.41176
1.3319
0.958475
1.09373
1.12098
0.874269
1.13609
1.30636
1.04921
1.58988
0.814811
0.882722
0.723235
0.599409
0.966372
0.841724
0.81321
0.781975
0.346414
1.92579
0.61373
1.69827
0.87019
1.06153
1.4222
1.30901
1.02804
1.40423
0.984518
0.647947
0.964485
0.44194
0.894416
0.786217
1.26979
0.833303
1.00216
0.958516
0.791426
1.53639
0.741488
0.860647
1.25959
0.47303
1.24385
0.957443
1.291
0.778373
0.647818
0.627005
0.414257
0.983225
1.53834
0.915277
0.537517
0.428423
0.83907
1.65387
0.820835
0.992879
1.02692
0.674028
1.25557
0.879335
0.883313
0.364754
0.92222
1.16773
0.553326
0.873993
0.981035
0.566208
0.718152
1.26968
1.24023
1.06293
0.988653
1.1688
1.59235
0.78988
1.31115
1.13689
1.43798
0.731336
0.817361
1.49875
0.649784
0.833888
0.723239
0.977961
1.3129
0.713419
1.02824
0.821883
0.764507
1.09452
1.20186
1.32476
0.950539
1.13811
0.72185
0.569809
0.604764
1.00922
1.12783
0.928762
1.24794
0.627785
0.96283
0.779934
1.25268
1.02657
1.57868
0.889541
0.804432
0.481538
0.876979
0.79862
0.858619
1.05208
1.24418
1.1766
0.888759
0.840534
1.77488
1.17762
1.20316
0.475196
1.3632
1.17759
0.707734
0.536829
0.563835
0.519247
0.82754
0.833288
0.882286
1.30479
0.742228
0.872668
1.1258
0.738059
1.05032
1.39688
0.871706
0.704229
1.3959
1.44726
0.836548
0.5931
1.06712
0.82986
0.707598
1.11344
0.88024
0.52705
0.732673
1.25354
1.17601
0.802919
0.743244
0.514561
1.37674
1.10307
1.04307
0.678224
0.844074
0.485676
1.13151
1.75477
0.988223
0.897863
0.932626
0.79559
1.19917
1.15559
1.18826
1.43352
1.09496
0.969005
0.513371
1.2823
0.960963
0.861751
1.00622
0.762415
0.815856
1.32893
1.36576
0.582911
1.11251
1.08938
0.689078
1.29751
0.909928
0.802142
1.03098
0.549545
0.963058
0.947991
0.851236
0.658242
1.43614
1.44847
0.951525
1.14155
0.754266
1.33429
0.546517
0.792641
0.932183
1.03757
0.62803
0.762413
0.783897
0.680368
0.567096
1.13087
1.07039
0.964667
1.0424
1.08205
1.08605
0.878619
0.767437
0.950778
0.850001
0.577597
0.552617
1.17508
0.758003
0.453319
1.13152
1.04234
1.34072
1.14522
0.885216
0.857629
1.50812
0.665326
0.663397
0.383575
1.97353
0.814003
0.585666
1.01361
0.726112
0.926625
1.33484
1.19131
1.27771
0.707593
0.858963
0.925577
1.06228
0.857476
0.716424
1.83114
1.6826
1.29215
0.906868
0.695001
0.63881
1.15501
1.13545
2.001
1.08783
0.543999
0.919024
1.11091
1.30867
1.02563
0.553881
1.10235
1.33266
1.41073
1.00697
0.408697
0.965597
0.699224
0.864546
0.68768
1.58869
1.0787
1.03985
0.817399
0.620283
0.814556
1.31187
1.16993
0.852002
1.47191
0.337787
0.583546
0.785086
1.50536
0.338007
1.009
1.07454
0.69413
0.693376
1.2711
1.17237
1.63333
0.886863
0.615037
0.781141
0.925612
0.770388
0.859652
1.11591
0.553744
0.580715
1.05592
1.8094
1.34402
0.762844
0.872418
1.3533
1.26135
0.998024
1.14107
0.676903
0.859729
0.835819
0.676829
1.14916
1.38916
0.626334
0.926874
1.38808
1.51692
0.70383
1.44738
0.875856
1.1077
1.9298
1.03352
1.56023
0.621555
1.03117
0.918009
1.09402
0.980513
1.61936
1.03281
0.729343
0.580167
0.692688
0.911868
1.04577
1.04241
1.19464
0.455272
1.79712
1.15078
0.910701
0.350372
1.1051
0.621018
1.65922
0.852684
1.43248
1.11968
0.735449
0.620857
1.00018
1.15276
1.01656
1.68684
0.980714
1.6228
1.45049
0.795788
1.17928
1.37035
1.56568
0.73356
0.90033
1.10904
1.2485
1.22739
0.79956
1.35713
0.79166
1.84841
0.739442
0.662861
0.666675
0.706148
1.21022
0.721438
1.57998
0.958778
0.815942
0.989293
1.3361
0.96019
0.96878
1.08122
0.850438
0.967077
1.13362
1.06723
1.14497
1.32935
1.5007
1.08986
1.01777
0.996352
0.86627
0.894926
0.65551
0.626415
0.988087
1.35704
0.890745
1.66564
0.764853
0.906208
1.05411
0.727543
0.904698
0.606259
0.980198
0.919592
0.511568
0.936754
0.966936
0.887431
0.896368
1.1657
0.882596
0.971646
0.899039
0.695014
1.15212
1.7099
1.20396
0.541357
1.31183
1.43866
0.887681
1.13828
1.01433
0.931232
1.16719
0.913019
1.30235
0.839368
1.10928
1.47013
0.943374
1.10772
1.10769
0.433741
0.893025
1.39939
1.56267
0.698639
1.27252
0.65768
0.676731
1.27181
0.836913
1.60291
0.969567
0.84988
1.26784
1.13469
0.870001
1.31177
0.8726
1.03124
1.27749
0.775757
0.544274
0.92287
1.07244
1.04607
1.04868
1.24934
1.04955
1.11738
1.03865
0.907844
1.55451
1.13131
0.802159
0.833143
0.843346
0.600655
1.46807
0.897799
1.13126
2.17257
1.19554
1.34429
1.52809
1.11426
2.20781
0.501469
1.13447
1.14168
0.704599
0.951235
0.684336
0.787227
1.19226
1.11773
1.13189
1.04557
0.702963
1.31345
1.56857
1.21915
1.54349
1.23778
1.19512
0.849289
0.725508
0.560486
1.41979
1.21833
1.03218
0.573421
0.75127
1.07628
1.02768
0.911728
0.966031
0.935897
1.10915
0.987623
0.600697
1.43137
1.01505
1.27931
0.744092
1.05261
0.662474
0.963475
1.1376
1.11641
0.490083
0.87605
1.33764
0.966662
1.20675
1.03391
1.01334
0.69469
0.601276
0.972532
1.26012
0.90956
0.824413
1.35577
0.870867
1.18282
1.69604
0.545414
1.11318
0.546507
1.03346
0.736555
1.23784
1.48157
0.907672
0.583717
1.38527
1.16848
1.1405
0.807931
1.08261
0.928119
1.00506
0.585877
1.23355
0.690893
1.59288
1.18233
0.934637
1.09386
1.03713
0.867827
0.89833
0.781059
0.860006
0.750488
0.735722
0.945678
1.09417
1.4672
1.53581
0.996565
1.41119
1.31769
0.928306
0.619664
1.17358
0.922101
