1.89484
0.0847948
0.467776
0.288264
2.04305
0.379988
1.8551
0.12335
5.2595
0.111725
0.443393
1.1014
0.346934
0.848471
0.44605
0.439262
1.92935
0.617724
2.51449
0.790836
2.96811
0.789846
2.34028
0.0771534
1.89531
0.262009
2.91025
0.425759
0.196096
0.550578
0.701631
0.00891789
2.90269
1.04872
1.53743
1.57726
2.40185
0.307904
0.540893
0.482361
3.14204
0.244601
0.28815
1.13322
0.657672
1.18826
0.68992
0.0213678
2.05674
0.814367
4.07537
1.04819
1.12796
3.45888
4.95785
0.468237
1.10066
0.297178
0.161343
0.430391
0.398477
0.90007
1.59422
0.552982
0.177203
0.64944
0.227275
0.357943
0.284465
1.93818
0.00081953
0.465297
0.86089
0.503761
1.55134
0.218056
0.817891
0.576807
2.47835
0.0500557
1.01982
0.663555
1.26108
1.13551
0.0694964
2.03482
1.16512
0.398474
0.416002
0.320252
0.594207
0.379117
1.42454
1.48594
0.0901645
0.254742
1.38385
0.788349
0.631014
0.311907
0.16764
1.60992
0.113278
0.0429294
1.09547
2.93979
0.849039
0.188838
2.0559
1.24949
1.00324
1.49526
0.393669
1.16115
0.201549
2.39655
0.696375
0.558097
0.821304
4.11886
2.12316
0.450987
0.756281
0.387928
0.999035
1.32716
0.76723
0.822803
2.53241
0.0608048
1.6372
0.672213
1.37512
0.159261
1.40356
0.295248
2.85464
0.886469
0.210179
2.49334
0.916273
1.00031
0.105792
0.431021
0.422694
0.248823
0.0986624
2.58359
0.997043
0.0510302
0.447651
1.20658
0.335033
0.453069
1.94536
1.02411
0.0469397
1.82847
0.229139
0.361222
0.770964
0.670479
1.14954
0.392233
0.276482
2.46717
0.193308
1.17627
0.468243
0.0918742
1.12181
0.230068
0.571224
1.78585
0.0503369
1.72978
0.525459
1.17195
0.591226
1.37719
0.823537
0.082004
0.85619
0.964947
0.457724
1.55043
0.0240626
0.087048
1.53438
1.74347
1.99962
0.0613429
1.52242
0.1566
0.631387
0.576185
0.382795
0.999883
0.621532
0.931063
1.38375
0.222925
0.0243204
0.92237
1.0152
0.628293
0.740834
1.8357
0.072602
0.249296
0.604142
2.87675
1.05811
2.52488
0.516192
0.630807
0.403541
0.719025
1.14465
0.0651177
2.58095
1.39271
0.680775
0.347326
1.71825
0.350805
2.21001
0.0187666
0.933779
1.57591
0.146912
0.589764
0.694333
2.11856
1.47256
0.0221966
0.607205
1.94447
0.0937313
2.84991
1.42136
0.625009
1.55133
1.20859
2.82388
0.866034
0.188304
1.31398
0.0925522
0.323899
0.00950425
0.498131
0.37843
0.118119
0.604451
0.788899
0.622293
1.71827
0.372396
0.640997
0.342118
0.263487
1.04786
0.376239
1.4414
1.58316
0.931585
0.710044
2.40602
1.67872
0.257478
0.605579
0.371274
1.06292
0.136247
2.22109
0.182907
0.958905
0.192917
0.178511
0.369439
3.06768
1.35314
1.6232
2.58629
0.111035
0.420589
1.41217
1.66725
0.517877
1.58598
0.911559
1.70399
0.516398
1.69105
0.336069
1.14391
0.128065
0.0642651
0.281496
3.05924
0.954964
2.28215
4.57436
4.31049
1.16955
0.00344558
0.106291
0.573088
0.717227
2.97214
1.06844
0.260142
0.96891
1.38903
0.213255
0.0540349
0.0838139
0.764951
1.16901
2.29778
0.315376
4.6124
0.256684
1.3844
0.881525
0.190969
0.861161
3.03784
0.987511
0.28267
1.56739
4.32443
1.0712
0.351883
0.792971
4.50031
0.306491
3.16356
1.03042
0.657924
0.591415
3.37602
0.613756
0.210202
0.535623
0.204558
0.911872
0.527108
0.145567
0.488127
0.611124
0.401498
0.605551
1.63912
0.434561
1.20764
4.75422
0.322818
0.834411
0.953539
0.0605044
0.993607
0.781174
1.39454
1.43213
1.50971
0.240995
0.620063
0.0346978
0.00078038
0.791185
0.812554
0.689591
1.47392
1.36963
2.53071
0.195702
0.174588
2.29988
0.0680212
2.17253
0.148317
0.16157
2.31064
0.947807
2.33967
1.31902
0.543554
1.57904
2.38754
1.07685
0.0841318
1.56912
2.23988
0.542535
0.880359
0.16018
3.55853
0.62827
4.8605
1.73395
0.472301
0.730433
2.68299
0.288357
0.774963
0.782136
0.837495
2.21077
0.00613776
0.277685
0.306493
0.506058
0.661868
0.818819
0.245515
0.469154
4.31638
3.28166
3.43977
0.0724031
0.27589
0.0207361
0.521891
1.58077
1.7498
1.52926
0.04231
0.0811824
0.0615342
0.0792475
0.906135
2.02265
0.996159
2.15353
0.0236794
1.68873
0.0683201
5.67377
0.616292
2.26069
0.0704686
0.214814
0.108242
0.325368
1.76023
0.0160516
0.373039
0.263496
2.26807
0.0311825
0.0331537
1.06145
2.3983
0.152186
1.65127
2.00899
0.325787
0.869033
2.1507
0.165292
0.296423
0.956721
0.225086
0.104093
4.22645
0.704954
0.13645
0.314938
0.206248
0.00330263
0.97859
2.42612
0.0647853
0.967991
0.0875354
2.83007
0.240737
0.37968
0.269899
3.36295
0.721744
0.430466
0.419958
2.38835
0.0199589
0.311835
0.540727
0.187695
0.185561
1.22601
0.582219
0.32853
0.598847
0.835989
0.976212
0.630878
0.0165134
1.12852
1.49776
0.713454
0.979161
0.20211
0.0334261
1.78471
4.5218
0.354609
0.75483
0.0277152
2.82692
1.40864
1.10127
0.953925
0.626214
0.304825
0.237539
0.518526
0.0973476
1.13862
0.332298
0.0614204
0.806281
0.923095
0.407831
0.368182
0.0339981
0.0274289
0.0270396
0.366404
1.01214
4.4664
1.24185
0.71757
0.317474
0.234332
0.923539
0.382907
0.900822
0.280896
2.01325
4.85112
1.92607
0.310017
0.664004
4.08588
0.998483
0.0271929
0.210728
0.740759
2.64231
1.69955
0.935886
0.193823
1.32622
0.0815238
0.837427
0.380007
2.37903
0.0248094
2.18035
1.30829
0.483785
0.200774
0.638839
0.0152389
2.27951
0.667756
2.6822
0.194352
0.495632
1.49684
1.48173
1.94879
0.384529
1.0576
0.440144
1.15123
0.623808
0.319748
1.85355
3.30861
0.52408
0.30528
0.271015
1.96966
0.579446
0.442896
4.05778
0.857328
1.11534
0.556411
0.578526
0.0759085
0.0120837
3.41964
0.929896
0.950252
0.334583
0.208459
1.49879
0.754442
0.27035
0.351357
0.222604
0.136743
2.05225
2.62497
0.361889
1.28753
0.110328
2.91857
1.02041
0.185286
0.245225
0.854147
0.481402
1.79954
0.0480661
0.43992
0.0987089
0.188963
4.8504
0.609059
0.969812
0.469609
0.495382
1.74808
0.668593
0.305981
1.59818
0.993531
0.325101
1.47886
0.617063
1.65493
0.292815
2.03549
0.79808
1.40346
0.317599
0.993826
0.368819
1.24083
3.17603
1.10432
0.713613
3.38922
0.881801
0.199226
2.00759
0.196412
0.321355
0.345409
0.15357
1.63502
0.705135
2.22747
1.21752
1.54273
1.456
0.231893
0.483888
0.0115445
2.52519
0.382527
0.789844
0.170752
3.01124
3.09382
2.36961
4.32092
1.14537
0.11413
0.192734
1.89387
0.242556
0.397165
0.675579
1.88073
2.76259
0.933356
0.643258
1.89555
0.387122
0.190839
1.32723
0.435041
0.264747
1.07866
3.19113
0.194767
0.547893
0.363122
5.37469
0.695205
0.276283
0.146596
0.466951
4.47856
1.78975
0.634655
1.20062
0.37448
3.80144
0.28451
1.14383
0.97758
0.111601
0.730499
2.74218
0.232207
0.730963
0.00282212
0.117961
0.312131
0.474753
1.2814
0.978962
0.661728
0.547315
0.0897969
1.58581
0.441522
0.575307
1.54564
0.599392
1.11379
0.3282
0.0801853
0.00927164
0.597653
0.610638
0.338302
0.301572
5.63921
0.184384
0.30428
0.0189537
0.126706
3.2616
0.221912
1.00824
1.91939
0.111007
0.334847
0.127836
0.486647
0.269138
1.55536
5.12005
0.00929114
0.0913707
0.883565
0.921794
0.546582
0.103038
0.541211
1.26991
0.344858
1.44317
4.10522
0.0606245
0.925343
1.37296
1.60897
0.797354
1.30188
0.445716
1.4651
1.34
0.829187
0.262802
2.42621
1.49043
0.698377
0.102426
0.749072
0.598902
0.953887
4.84114
0.120092
0.969172
1.15836
0.0429548
0.304318
2.78868
2.1486
2.27125
0.0758924
1.01297
0.625416
0.0468389
0.907298
0.833938
0.856322
0.240796
1.73877
2.13139
0.837319
0.325825
0.934001
1.1935
0.133619
0.0725196
1.17393
0.272586
1.28168
1.21075
0.490978
0.241317
0.625981
0.0830997
2.67305
0.384282
0.419151
1.56322
0.941063
0.297774
0.409685
0.0669548
1.31106
0.0557846
0.13192
1.49696
0.281703
0.636004
0.553918
0.0483825
1.08428
0.410269
5.1591
1.55155
0.219372
1.66702
0.201817
0.0553151
2.19042
1.8727
1.28624
0.434351
1.70223
0.348437
0.51351
1.09372
0.281316
0.837899
0.920847
2.50487
0.321985
2.76886
0.0900499
1.25108
2.0986
0.529249
2.05302
0.387346
0.401976
0.97759
1.37738
0.0680479
0.398561
1.9028
0.0623723
0.511916
0.574772
0.95139
0.0800414
0.00604098
2.40448
0.730312
0.00566624
0.463978
0.0635493
0.00873148
2.68287
0.528751
1.43226
0.37218
0.234817
3.55654
1.87353
0.953919
1.45562
0.914463
0.400621
1.35232
0.199394
2.54218
0.900292
0.433348
5.47
0.78239
2.94498
4.15371
1.02106
1.48901
0.150962
0.955495
0.407389
2.86512
2.02899
0.463637
1.91174
2.0944
2.96921
1.78274
2.52443
0.933319
0.6656
2.91134
3.20301
1.76492
1.14772
1.74546
2.62203
0.690604
0.631148
0.116328
2.76709
0.900067
0.190657
0.864176
0.762583
2.24504
0.361443
0.461857
1.52707
0.2342
0.00784669
0.637417
0.465144
0.147254
0.163193
1.35584
1.13817
2.65853
0.636634
0.182496
0.136845
1.10564
4.78973
0.659788
0.255723
0.835106
1.53785
2.93499
0.913029
0.233373
2.13491
0.64508
0.415843
1.48761
0.615557
0.699569
0.535598
0.269044
0.832879
1.84617
0.188815
0.138761
0.157861
3.05846
1.11793
0.34992
2.25172
0.157198
0.269293
2.57138
1.05274
0.192121
3.95564
0.0039518
0.419674
2.22929
0.0962984
1.6765
1.22347
0.593326
1.80302
0.168672
0.571451
4.29234
0.165771
1.22145
1.29401
1.76808
2.1844
1.64903
0.185651
0.281445
1.13517
0.835416
0.125274
1.28624
0.589524
1.95117
0.490072
0.167395
1.05737
0.2421
1.20112
1.07349
0.823412
0.276352
1.16388
0.97844
0.0879594
0.918364
0.683045
0.579664
0.26611
0.994001
1.3562
1.21855
0.360584
0.826186
0.816686
0.802668
0.984339
0.306663
2.03021
2.53903
0.0209819
0.973589
0.767014
2.51371
1.39447
0.529657
0.462539
0.243273
0.424023
9.50722
0.614519
6.68135
1.75921
1.79825
0.723036
0.374593
0.705272
1.21904
1.16628
0.773692
0.559465
1.00014
0.0583044
1.42037
1.81105
0.39235
0.0725254
0.3524
1.17153
1.78586
2.89082
2.08904
0.741682
2.75439
0.214992
0.760606
0.127765
0.247565
0.305497
0.504835
1.47287
0.55947
0.154679
0.162865
0.0659647
0.0258909
0.846157
1.07256
0.466893
0.644129
0.406454
0.0234871
0.829449
0.410743
0.85846
2.63403
0.253375
0.489663
2.37416
0.245137
0.231721
0.413139
0.876467
0.993717
3.97217
0.147585
1.33536
0.930959
0.981675
2.06076
0.357103
0.053649
0.0293503
3.32336
0.441501
1.15884
0.794833
0.200339
0.591356
0.671767
3.01441
0.179585
0.0573663
0.363727
1.35197
0.193268
0.176611
1.07208
0.0141993
2.47711
0.0409913
0.583304
1.53694
0.1047
0.544218
1.34774
0.963816
0.342018
2.06471
0.251734
0.607421
0.0551125
0.868473
0.570113
0.390566
4.09351
0.529361
2.31507
0.609999
0.681552
1.72481
0.00525676
2.24442
1.36359
0.173118
1.20188
0.59071
0.769896
0.634837
0.688587
1.86138
2.8867
0.429734
0.0835861
1.05356
1.14975
0.269808
0.0114825
0.171359
0.405275
0.127081
0.369
2.918
0.543835
0.0323637
0.250363
0.312225
0.967651
2.58726
3.47038
4.29075
0.0500079
0.478104
0.218585
4.2557
0.241164
1.48282
0.699111
2.94683
0.0847365
0.690254
3.85039
1.6077
0.237339
5.13664
1.52089
0.724562
0.767957
1.82013
0.477627
4.01468
0.718948
0.0951037
0.268722
0.102776
0.922255
0.343683
3.95345
0.050405
1.89129
1.2617
0.165273
1.23731
0.300969
0.481921
0.589628
0.655799
0.5185
0.0343297
0.468994
1.13185
1.12654
0.794647
2.44374
0.130507
1.36235
0.85639
1.8894
0.17534
0.645922
0.0843693
0.652892
0.521228
1.61679
0.39645
0.261637
0.834664
0.395442
0.68174
0.825519
0.571323
1.68421
4.24107
0.0734976
0.167255
1.12093
2.38906
0.369663
0.0500019
0.314188
0.363731
0.0207625
0.880851
2.90328
0.908748
0.136242
0.32388
0.198129
0.0882577
2.37968
1.43609
0.0558611
0.0741923
2.19475
0.0450061
0.379835
1.0781
0.883994
0.139049
1.03029
4.29033
0.541363
1.02763
0.507236
1.50848
0.0209031
0.930693
0.150338
1.424
0.649006
0.383132
1.12202
0.577249
0.2078
0.633625
0.577749
0.0927098
0.976291
0.449371
1.78584
1.03016
0.136698
2.65419
1.539
0.748175
0.0558943
0.327825
1.28646
0.12157
1.15997
1.0105
0.329801
2.80163
1.94545
0.0486639
0.0316149
1.39274
0.431568
0.155872
0.421805
0.0274636
2.46783
0.0253025
1.11714
0.077406
3.13109
0.332686
0.539626
0.14575
0.186179
2.11042
0.691748
0.0307697
0.00367978
0.653411
0.275468
0.355884
2.28285
1.83092
1.02768
0.442379
1.70968
0.544976
0.123594
2.19421
0.25294
1.41574
1.38413
0.241754
2.22329
2.30977
1.2684
0.394406
0.199709
1.42321
0.326072
3.85809
0.41873
0.547162
0.29136
0.146837
0.391682
1.87249
0.011934
0.000408046
1.15447
2.69183
0.0131401
0.0695573
0.105063
0.632171
0.0310956
1.13219
1.66682
0.228986
1.41984
0.200057
0.00891126
0.0242299
0.668548
0.636061
0.586003
0.782542
1.23575
1.16594
2.61819
0.378523
1.29611
0.548094
0.223231
3.96332
0.600535
1.6416
2.1342
0.315866
0.748799
0.492022
1.99382
1.32522
0.789207
0.20555
0.065084
1.21174
0.853688
0.710923
0.612632
0.639795
0.290701
0.415019
2.23137
0.726374
0.961546
0.578389
0.373863
4.37815
0.53774
0.134482
0.863818
1.03177
0.261493
0.902648
0.569865
5.92171
0.339608
0.971615
1.41707
3.41291
0.825438
0.0064301
0.246707
0.236324
1.77727
1.22572
0.818063
1.37403
0.0614174
0.675024
1.4307
0.383612
2.3052
0.411937
1.24539
0.581236
1.30999
0.850253
2.35421
0.414859
0.910949
1.91559
0.21336
0.517034
0.256807
0.0659539
0.718816
1.07607
0.0619885
1.1378
0.351154
1.30713
1.4698
0.394269
0.525452
0.274655
3.61549
0.814351
0.0501365
0.609762
1.36096
0.0728054
3.4336
1.49703
0.221083
1.57132
0.450988
0.721572
1.06633
0.0612257
0.479898
0.0585485
0.0485826
0.192351
0.684252
0.125313
0.123692
0.312538
0.335088
0.690557
3.22559
3.55184
0.0107947
1.93823
0.615869
3.05213
0.985183
1.08076
0.971906
2.18668
1.17214
0.534182
1.24934
1.01912
0.545421
0.972112
2.2212
0.0711324
0.989544
1.5488
1.31041
0.380502
0.435252
0.418397
0.400433
0.043188
0.110763
2.62351
0.684451
0.0532652
0.112339
0.820141
0.828887
0.0717883
1.40032
0.024221
1.93638
2.20068
1.21739
0.506551
0.313625
0.867533
0.0176143
0.118769
0.272863
0.240605
0.229423
1.0633
0.157354
0.356023
2.78206
0.390819
0.359355
1.47843
1.03689
1.42851
2.22018
0.307442
2.56508
3.02054
2.11289
0.269002
0.310768
0.776368
2.70264
0.258497
0.377232
0.724859
0.106619
0.880035
1.47926
0.386692
0.541248
2.53503
0.364767
0.27148
0.125451
1.05712
0.935788
0.606817
1.81008
0.38299
0.0605016
1.28206
0.653287
2.74583
0.116078
0.089792
0.761173
0.499509
1.26496
0.279204
2.48025
0.264056
1.2883
2.43777
0.420103
2.29233
0.597095
1.59692
0.00320464
1.50799
0.649609
1.76406
0.949053
0.578665
0.950152
0.0583265
0.0132426
0.530048
0.470143
0.957263
3.12005
0.705057
1.24155
0.698152
0.133873
1.42547
0.672376
0.464822
0.291169
0.306863
2.10555
0.439893
0.10471
1.18192
0.150163
0.0229421
0.964196
1.08441
0.417547
0.597303
0.735371
0.133907
1.39609
0.170997
0.418705
2.40422
0.702034
2.29699
1.51875
1.83573
1.50959
0.608316
0.146018
0.806471
0.126997
0.399414
0.0902476
0.337004
0.423309
0.285975
0.606898
0.233941
0.435165
0.689927
3.32004
0.227675
0.250375
0.174587
0.0977182
0.834947
0.663175
0.59351
4.99049
0.961077
0.148531
0.538164
1.63277
0.724726
0.598328
1.38669
1.57586
0.0184226
0.666342
0.225973
0.34059
0.147192
0.67072
0.104296
1.11392
0.884584
0.0297257
0.597249
0.747949
2.57471
1.45102
0.362862
1.51592
0.00746897
0.467535
0.943154
0.200242
2.19866
0.00667625
1.58335
0.120036
1.56825
1.09587
0.4346
0.787705
0.199295
2.42076
2.74206
0.287807
0.133877
0.26621
1.07269
0.453806
0.705302
0.533788
2.05497
0.462137
4.69782
1.27131
0.822871
1.51521
0.0113761
1.248
0.217203
1.34703
1.50465
1.03344
1.14293
0.850556
0.367767
0.532219
0.70774
1.01991
1.2903
0.34312
1.82768
3.1231
0.0645184
0.102711
2.48733
0.667018
0.441947
0.364994
0.413624
0.259091
4.54366
0.242068
1.07108
1.65629
0.912059
0.702351
7.43135
1.44648
0.194834
0.27328
0.427682
0.995614
0.551836
4.19724
1.21697
0.0392762
0.662144
1.4483
3.00159
1.92189
1.72133
2.11511
0.0963895
1.03984
0.23553
0.530138
0.200811
0.315499
0.472162
1.71356
0.0954357
1.04582
0.529112
0.232276
0.0525082
3.18147
0.0924483
0.745491
0.245823
2.86225
0.101467
0.679056
0.305511
0.00577501
2.77269
1.66206
0.0157183
1.95263
0.0678785
0.341212
0.745469
1.42186
0.48821
1.40964
0.943948
1.13695
0.486547
0.83578
0.274271
0.0958987
0.360594
1.67918
0.203484
0.528484
0.548269
2.25764
1.28639
0.852171
1.67278
0.188236
0.145157
1.33673
2.87768
0.826786
2.74403
1.87543
0.324823
1.99373
2.45151
1.98315
0.102486
0.528233
1.2387
0.0190087
4.7441
1.59451
1.90196
1.11946
0.0520444
0.491955
1.26194
0.587149
0.279829
0.149105
2.1209
0.777193
1.37691
0.106851
1.42833
2.13998
0.195466
0.401801
1.57592
2.83936
0.878016
0.675603
0.98228
1.2547
0.349784
0.492682
0.891061
0.0982131
1.90785
0.249334
0.595194
1.02839
0.983466
0.0915391
0.955824
1.4986
0.729541
0.35112
0.806846
0.108159
0.453789
0.172194
0.653329
1.04941
0.423874
0.0204548
1.9129
0.722399
0.38558
1.18901
0.276988
0.692974
0.56703
0.637774
0.26386
0.50701
1.19846
0.926385
0.0383264
0.0863488
0.0709583
0.469016
2.2383
0.522622
1.02376
0.134986
0.200175
0.694884
0.30402
0.61508
0.36339
0.488845
0.681214
0.287496
1.86514
0.506681
0.654823
0.231171
0.416893
1.11321
0.0676115
0.129362
1.04763
1.06133
3.61712
0.249484
0.311366
0.0478553
0.0541946
0.657059
2.81999
1.36431
0.948425
0.534381
0.694224
0.0267095
0.649751
0.889986
0.157129
0.561797
0.512471
1.02243
0.772506
0.546936
0.318605
0.119086
0.509407
0.0685927
1.24624
0.670921
0.117849
0.778347
0.199096
0.0439745
1.01638
0.609481
2.89617
0.764854
0.571254
1.64561
1.73969
1.79469
0.760689
2.1933
0.782746
0.745643
0.643058
0.0612451
0.212444
1.03983
0.000621869
1.55963
0.409559
1.24165
0.413675
0.489274
1.83614
2.09825
0.91849
0.300173
1.60061
1.69442
0.413701
3.00546
2.43709
2.86259
1.89974
1.05402
0.212482
0.0213093
1.63707
2.81271
0.616751
1.20723
0.578643
0.428794
0.906904
1.28761
0.830998
0.825579
1.41449
1.78985
0.576814
2.20474
0.820194
1.92117
2.42159
1.44071
0.0617588
0.0270904
2.28408
1.24575
0.709113
0.0334316
0.0918829
0.310369
1.70391
2.08037
1.33567
2.57401
0.191967
0.0146408
0.907308
0.573851
0.709397
0.0468588
0.676239
1.30748
0.0903185
0.630928
0.24143
0.65475
0.18581
0.646384
0.472188
0.558299
0.981008
0.574902
0.335875
0.830824
0.330291
0.120097
0.169968
0.252673
0.438211
0.872263
1.42639
0.764163
2.12444
0.0454461
0.854994
0.719612
0.164
1.10468
0.808496
0.133855
1.49147
1.39355
0.730476
1.46457
0.242683
1.21586
0.0647025
1.54688
0.40243
1.12581
1.25293
1.0949
0.329955
0.861957
0.131095
0.835412
1.03965
0.337302
0.82977
1.20301
0.274089
0.152044
0.503
1.9463
2.49758
0.578713
1.23583
0.219267
0.0147938
0.261008
2.76782
0.313901
0.746144
2.61504
0.123443
0.384017
1.61308
0.415082
1.57436
0.444196
1.30071
1.83373
1.68796
0.631337
1.47106
0.468785
0.984185
0.749178
2.66812
0.976559
0.014364
0.389195
0.00938857
0.20506
1.74727
0.0242611
0.324978
0.734896
0.0264554
1.02247
1.61293
0.67143
0.102355
1.07556
1.2728
0.714957
0.49993
2.87908
0.53524
0.163954
0.413122
0.906789
2.23574
1.50175
1.24851
0.240745
0.345575
1.75881
0.794381
0.509139
2.58206
0.307311
3.34355
1.75389
2.63731
0.657931
1.1335
0.46722
1.72941
3.28989
1.03676
0.119467
1.94444
0.536964
1.10379
0.214419
0.338744
0.208753
1.18056
0.144573
2.79185
0.119378
0.574138
1.54854
1.09529
0.413005
0.0501067
0.841517
0.992007
0.575571
0.361084
0.757962
0.436953
0.435259
1.47432
2.32303
0.0687369
0.719853
0.261541
2.32776
0.229772
0.604163
1.87372
0.847523
1.12882
3.43032
0.434438
3.11467
0.586303
0.932905
0.342166
0.152197
0.762336
0.17556
0.768137
0.237666
0.26166
0.964214
1.3121
0.13887
2.77586
0.651598
0.199187
2.02963
0.417312
1.50964
0.692792
1.22245
0.910619
1.76579
0.125398
0.963584
0.562074
0.785269
0.244155
0.121429
0.504457
0.0892228
0.368456
1.52664
0.0453972
2.26765
0.0692003
0.547597
0.0194562
0.494094
0.0545085
4.24001
3.03901
1.24456
0.38915
2.70442
1.21381
3.17873
1.07832
0.148234
0.513849
1.31124
0.243532
0.686838
0.0165008
0.401342
2.24591
0.139588
1.22348
0.813531
0.0280724
1.5915
3.1532
1.9763
0.153536
0.38874
3.83311
0.693108
0.181612
1.23396
1.12071
1.11102
4.04225
1.06051
6.16139
0.0190969
0.171166
1.79366
1.94871
0.290174
1.74691
0.0299734
4.11548
0.0471506
1.38159
0.490101
0.307297
0.659035
0.578519
0.662068
0.886219
0.790594
1.82261
1.69586
2.6961
2.23027
0.694565
0.879297
0.915676
0.358874
0.958537
1.18395
0.585148
1.22462
1.95501
0.730049
1.37308
0.118588
0.198541
1.37581
0.0668162
0.543429
2.1772
0.46377
0.783895
0.46852
2.68271
0.232925
1.49346
0.6075
0.251721
0.27582
0.523008
0.380715
0.391478
0.0728204
0.0155237
1.66118
0.304213
4.60946
0.222674
0.0660092
2.80183
0.396294
0.830788
0.715624
0.0694941
1.24602
4.6001
0.165534
0.720678
1.44086
0.179978
0.223801
1.58011
0.3443
0.176921
0.146438
0.387525
0.677131
0.561296
0.218169
0.537825
1.58681
4.73763
0.673943
0.403016
0.0716621
0.191515
4.70534
0.406745
2.30243
0.726299
0.185086
1.3038
1.33246
0.93415
0.393535
0.715081
0.0170429
2.53212
2.00958
1.39985
0.13013
1.54504
1.17494
3.29766
0.47455
1.20707
0.350293
0.497467
0.865272
0.555072
0.564292
1.96107
2.77123
1.11143
1.00923
0.178717
0.259611
0.635901
0.593075
0.0494704
1.04815
0.335353
1.089
0.234763
1.4306
2.58423
3.08361
0.977919
0.53918
2.41318
0.0700946
4.44463
0.0635472
0.131264
1.1943
0.0997378
1.75364
0.681798
2.64716
0.231108
1.78604
0.0693108
0.910109
2.09078
1.06807
0.86562
0.589788
0.0892742
0.738078
0.777756
2.27304
0.1737
0.0679385
1.74823
0.938528
1.47804
0.112009
0.735679
0.776562
1.34721
0.513201
0.0815852
1.37388
0.793224
0.755487
2.03051
1.46723
0.106801
0.878302
0.87614
0.931319
0.828798
3.69013
0.610446
1.21211
2.87689
0.206589
0.271016
3.65039
0.0636367
0.696835
1.35487
0.0125136
0.589636
0.656995
1.11703
1.33246
0.659983
0.117395
0.403315
1.43822
1.66746
0.00679602
1.03619
1.21501
0.644646
1.45539
0.392719
2.51295
0.138694
0.655565
0.671748
0.840935
0.97414
0.783838
0.12244
0.122348
0.235238
0.351214
0.563432
2.58068
1.26705
1.16861
3.32568
1.90041
2.38849
0.274882
0.272462
0.52079
0.851528
0.14578
2.53384
0.634954
0.651021
0.91495
0.0831905
1.34464
1.30678
1.37629
1.09431
0.0102258
1.17071
0.439843
0.737005
1.27577
0.00400106
0.611005
0.700474
0.337971
2.01046
1.69475
0.467265
5.09043
0.75774
0.399161
0.107147
0.618311
0.859739
1.1797
0.737431
2.05521
2.30554
0.835172
0.881579
1.34047
0.680059
0.516315
0.0335976
0.522261
0.116772
0.695929
0.459836
1.80208
2.15657
0.195639
0.997765
0.541292
0.457173
1.22938
0.62924
0.511215
0.463913
0.535897
0.176223
0.319307
0.276263
0.721314
0.215402
1.12753
2.42504
1.15844
1.90345
1.899
0.495563
0.569713
2.16679
0.448504
0.67784
1.4601
0.0629303
0.368152
2.4436
0.344131
1.6784
2.01423
1.33412
0.166115
1.60623
0.066857
0.621116
0.17572
0.888192
2.9946
0.741732
0.942128
0.728893
1.20465
0.686139
1.11884
0.256533
0.080604
1.66496
0.790584
1.10614
0.499369
0.610048
1.06873
0.852255
1.47396
0.129002
0.19734
0.147983
3.0331
0.369138
1.08605
0.0378063
1.17743
0.979229
1.77097
3.33712
0.722783
1.09477
0.659032
0.615043
0.28927
0.492723
0.029139
1.71774
0.836984
1.27159
0.566214
0.910907
0.156636
0.245846
0.802435
0.440294
0.0689935
0.493146
2.20454
3.03289
0.48636
0.71739
0.0129465
3.11865
0.179927
0.596337
0.446056
1.08032
0.133845
1.67295
0.21304
0.67546
0.323976
3.87214
0.190582
1.97483
2.11295
0.0797744
2.33923
0.558736
0.0882424
0.228123
1.80412
0.288881
0.878607
0.40163
2.28199
0.0951583
0.570114
1.30756
0.00341885
1.00732
0.490311
0.119017
0.0299627
0.0185999
0.0571354
0.359733
0.116722
3.67193
0.000343357
0.0910682
1.37028
0.19341
0.74538
0.737291
1.30372
1.9969
0.0381765
0.46101
1.69379
0.337028
7.32345
0.569821
2.78986
0.627548
1.80457
0.531271
0.170486
1.39423
1.86479
0.953667
0.186565
1.30653
2.74897
1.99072
0.945624
0.728797
0.768488
0.235528
0.318659
0.213663
1.02905
0.681008
0.918712
1.57607
2.47175
0.661097
2.39635
1.82208
1.9443
0.22776
1.13757
1.76055
0.310191
1.00862
1.46343
0.387187
1.41375
0.226119
0.256627
1.95854
0.741985
0.107543
0.849687
0.557838
1.6121
1.32157
1.3593
0.00297018
0.504783
0.193245
0.442795
2.00117
0.0216543
0.192097
0.774811
0.198445
0.225689
0.836952
0.143592
0.475489
0.976212
0.00237221
3.30947
0.177827
1.50087
0.788356
1.04649
1.67645
0.683128
2.7037
1.48507
0.799011
3.52769
0.631958
1.29746
0.0154662
0.564673
0.912788
1.31626
1.83473
2.69181
2.09709
0.527184
0.61685
0.87031
0.367997
0.0833749
1.96033
1.0916
2.26665
4.34351
0.155819
2.73553
1.95175
0.178695
0.804273
0.148816
0.542809
2.236
1.03739
0.754831
2.85403
0.184368
0.92148
1.08239
0.668687
0.554112
0.346685
0.61056
0.653328
1.11643
0.6117
0.141076
0.519406
0.302271
0.115238
1.39856
0.16121
0.766436
0.226535
0.408659
0.527982
1.85241
0.951748
1.5677
0.839968
0.713987
0.196168
0.717223
0.291651
2.00976
1.13971
2.31369
2.22863
2.42112
0.664865
0.0552186
1.14719
0.349479
0.529605
0.942593
0.135378
1.06002
0.479313
0.531092
1.30885
1.04854
0.712216
0.157512
0.190797
0.0596061
0.142989
0.036467
1.29733
0.939506
1.39175
0.938202
0.74056
2.54064
0.217039
0.702072
0.277516
0.52873
0.0509968
0.950614
0.884213
0.801499
0.622713
2.29988
0.810174
3.57817
0.128666
0.0913159
3.14244
1.22047
0.0610642
2.46299
2.24219
0.231872
0.00257638
0.538165
0.38977
1.14238
0.454334
0.237624
0.667212
0.877473
0.887348
0.183221
0.585303
0.217744
0.0812382
0.120165
0.616044
1.03272
2.799
0.252309
0.498766
0.103828
1.29077
1.96658
1.57746
2.27017
0.573281
0.403451
0.422214
0.67123
0.652381
0.435189
2.6641
0.37183
1.63957
1.71445
0.426276
0.432217
0.203813
0.861692
0.19088
0.572338
1.27224
0.671852
3.47567
0.60053
0.292815
1.29791
1.44538
0.126216
0.0276345
0.92047
0.301101
2.61018
0.82216
0.553862
0.603678
1.28066
1.25263
0.293211
0.302328
1.31971
0.837064
0.533938
0.713154
1.63384
0.535468
0.581938
0.294825
3.02998
1.45962
0.834014
0.525935
0.348432
1.25354
1.02917
0.110244
1.62657
0.0247564
0.199298
2.71589
0.434301
0.902561
2.14237
0.425247
0.183547
0.857221
0.151722
0.125347
0.419315
0.15587
2.07612
0.311533
0.516655
0.479983
1.26281
0.373829
0.89014
0.180526
0.108119
1.99015
0.38742
0.0412788
0.860086
1.2913
3.29682
0.576524
0.652564
0.70851
0.334401
1.50668
2.0126
0.0272631
1.28949
0.347796
0.878486
0.276416
0.921455
2.86895
0.146992
0.0349363
0.770645
1.06681
0.512882
1.96493
0.980366
0.0982012
0.396611
0.132031
0.0768947
3.32273
3.08253
0.587384
0.301723
0.0769191
0.0391841
1.68615
0.284237
0.344927
0.355317
1.01449
0.00800697
0.675887
2.27063
3.47967
1.34873
0.881786
2.47888
1.5764
0.0370841
1.18838
3.28195
0.255926
0.265502
0.271479
1.32589
0.176423
0.4105
1.42407
1.71575
1.09624
0.694932
0.197539
1.36041
0.655536
0.764646
0.0222111
0.309211
0.296727
0.510317
0.451766
0.590231
1.38121
0.855951
0.725666
0.393271
0.457869
1.08205
1.8268
0.300799
0.767761
0.194375
0.055216
1.29417
0.868224
0.482911
1.11553
0.514349
3.65164
1.19214
2.09094
2.34546
0.155871
0.144202
1.19647
1.44075
0.732508
2.00704
0.904248
0.13924
1.266
1.14468
0.683368
1.78466
1.34978
1.27369
1.08169
0.543432
0.796888
0.697866
0.0961065
1.80365
1.2711
4.85014
1.61029
0.770549
2.48427
0.61976
1.15037
2.58461
0.18919
0.251742
1.32468
0.910403
0.752136
0.381492
0.156417
0.655159
0.132742
2.51028
0.0793503
0.748678
1.00197
0.0455198
0.303346
0.50104
1.93836
0.225011
0.817322
4.585
1.77574
0.510329
0.65416
0.783994
2.82397
0.849313
1.15473
0.298099
0.0267058
0.869137
0.691862
0.939069
0.611381
1.1409
0.798242
3.19607
0.814626
0.502638
0.313348
1.86439
2.74841
0.327333
2.06525
1.0661
0.44318
2.59799
2.01083
0.645187
0.264031
2.70162
0.38705
1.48723
0.00856816
0.41688
0.401182
4.47264
0.470917
0.644303
2.07561
0.805111
1.18004
0.243656
1.76012
1.4857
0.610081
1.23954
0.504553
0.467171
0.632625
0.70776
0.67464
0.322867
1.76126
0.548374
0.945302
0.102219
1.63506
0.17757
2.94591
0.152811
0.360953
0.443276
0.669249
2.06798
0.0846758
0.308718
2.44899
1.14488
0.951982
0.838643
0.578778
0.2884
1.15794
0.819689
0.284864
0.513638
0.195986
0.220648
2.47775
0.496463
0.617851
0.280901
0.952862
0.401517
0.184568
1.12377
1.45082
1.20664
0.795791
0.0256711
0.360946
0.551592
0.0558776
0.0689493
0.301289
0.284203
0.216341
0.759871
2.00334
0.549409
0.0998376
0.447173
2.1152
0.0031281
1.32654
0.653701
0.0125536
0.254575
1.68203
0.487553
1.75649
0.134899
2.07367
0.19428
1.22305
0.0529298
0.19837
0.187764
1.77308
0.31987
0.531589
0.45129
0.744234
0.677593
0.137422
1.05744
0.0244839
0.299831
1.68854
1.39486
0.313089
1.98245
0.155664
1.78078
1.16794
0.295148
0.644342
0.114417
0.312569
0.26951
2.29265
1.30547
0.244194
0.225722
0.110289
0.275606
0.141315
4.90825
0.516763
1.59411
0.0294219
0.0789719
0.752894
2.05416
0.799964
1.41973
1.5207
1.6893
0.180911
0.326983
0.13942
4.65537
0.518533
0.279575
0.948011
1.36144
3.26139
0.727819
0.470375
0.0354301
1.16553
1.0057
1.69639
0.675023
0.972761
0.299687
0.273637
0.00633007
1.45397
2.60996
0.305897
0.138421
0.830132
0.127
2.12385
0.645246
0.136415
2.39513
1.1795
1.21011
0.187033
0.416765
1.11695
0.408129
0.174622
0.393374
0.124359
0.607628
0.0335557
2.77473
1.01404
0.136149
0.727224
0.21564
1.07785
0.0864816
2.34671
0.01194
0.552056
1.60038
0.443646
0.261941
1.32122
0.45765
0.516066
0.317182
0.373204
1.75628
0.212202
2.02443
0.978183
0.677652
0.0185813
1.92253
0.193039
1.78276
0.113302
0.652352
2.13918
0.250177
0.177978
0.210592
0.0777409
3.30096
0.0323209
0.0730601
0.581436
0.156654
2.39417
1.99969
3.03693
1.18062
0.0669026
3.05008
0.108393
0.293689
0.934036
0.18207
0.021821
2.61076
0.17255
1.16729
2.70342
0.257054
1.97092
0.458694
1.04891
1.54816
0.274926
3.68119
0.204028
4.36496
0.29795
1.06379
3.44617
2.12982
0.542911
0.0306172
1.06719
0.461202
2.45494
0.081574
0.0848824
0.477049
0.15992
0.815455
1.88782
5.21464
0.216954
2.45866
0.760915
1.91572
0.14385
0.471476
2.73937
2.08021
4.73936
0.50329
1.17276
0.578529
0.4824
0.575838
0.504999
1.12635
0.991578
2.4399
2.25628
1.04741
0.062056
0.119724
0.220371
0.0682934
2.05661
0.682512
0.869078
2.18505
1.80723
0.43302
0.927332
0.172062
0.798708
0.976669
0.143965
0.96192
0.0313941
1.01215
0.128288
1.04534
0.110617
0.337381
0.0101322
4.98605
0.29103
0.674414
1.00465
3.34536
1.58471
0.774115
0.775937
1.38415
0.270159
1.28338
0.972303
0.634169
0.571217
1.68009
6.57262
0.203413
0.428665
0.885223
0.265611
0.872827
0.450721
1.27409
1.62343
0.144427
0.931202
0.825358
0.245226
0.804198
1.85681
0.172399
0.218484
0.0273767
0.218153
0.849418
0.00373056
0.816413
0.382508
0.226916
0.644329
0.330072
0.282471
0.16304
1.44362
1.56274
1.48558
0.555761
1.08348
1.00913
0.0898833
0.28759
0.00195373
0.304486
0.121764
0.0820098
0.921001
0.360031
0.524349
0.271862
0.12137
0.203639
1.0111
2.13706
1.19758
0.304752
0.875529
2.79057
0.606094
2.95536
1.14501
0.0779016
2.59452
0.653121
2.6987
0.738127
1.2353
0.00579238
0.200757
1.62023
0.506587
0.412678
3.98935
0.733251
1.94046
0.269752
0.105162
3.02194
0.808382
0.237253
1.02639
0.337453
0.984934
1.46661
1.714
0.128119
0.0386298
1.22009
2.03255
1.83503
0.257602
1.11067
0.235229
0.762966
0.699828
1.92012
1.00305
0.199605
0.119338
0.501482
0.641596
0.563063
4.26141
0.379272
0.0198398
2.49068
1.60291
0.615677
4.32757
1.22551
5.15233
0.618663
2.87543
0.406845
0.126847
0.584941
0.0599353
0.549542
0.287787
0.158358
0.379589
2.14702
2.38347
0.0543788
0.0187425
0.200751
2.57693
2.78589
0.766765
0.688543
2.04112
1.67559
0.181169
0.382656
0.408559
0.875514
2.48985
0.135643
0.455909
1.1222
2.50622
0.461759
0.499511
0.918909
0.0769096
0.535196
3.86872
1.47837
0.0444461
0.46995
0.790126
0.0434384
0.484126
0.833721
0.086422
0.600656
0.0151944
0.179618
1.18831
1.10357
0.600656
0.115876
0.15543
1.25223
0.601992
0.0397795
0.488892
0.0834215
3.44314
0.694179
0.237149
0.31388
0.164043
3.54109
1.09426
1.14399
0.737829
0.349865
2.81379
0.734634
0.673295
1.61709
0.231771
1.38538
1.52269
6.06089
0.902366
4.19271
2.64013
1.57162
1.53832
0.452526
0.00505109
0.890583
1.33318
2.39335
3.39334
0.419306
1.35834
0.628858
0.055332
0.274978
1.52883
0.142485
0.266801
1.18408
2.93192
2.63687
0.024133
1.345
0.298216
1.06413
0.537353
0.0252392
1.20392
0.144486
0.204762
1.60439
0.508108
1.41296
0.485792
0.63642
0.309226
0.412609
0.264392
0.792186
1.69826
0.0693679
0.403274
0.374239
0.026488
1.57577
1.69473
0.303989
0.119207
0.687205
1.29266
1.78909
1.92073
0.758513
6.18537
1.1834
1.34179
0.905485
1.24997
0.196504
0.0260595
0.792339
0.954395
0.193838
0.0235429
0.847076
0.0171831
2.69643
2.7128
0.125826
0.910973
0.168879
0.00110267
3.35728
0.700487
0.0856896
3.23491
0.0307367
5.44095
1.3362
1.18426
1.49413
0.597304
0.804054
0.241433
0.80074
2.21258
0.52278
0.960746
1.22388
0.0110269
0.852653
0.339678
0.179413
0.660853
0.199124
0.997271
0.154428
0.962314
1.49167
2.35931
0.338034
0.550903
0.117095
1.51132
0.63858
2.2778
0.112879
0.201612
0.637622
2.68315
0.378471
0.645317
0.497924
0.347044
0.603331
0.331019
2.81447
0.576501
0.652708
0.341065
0.026968
1.71336
0.131896
0.678231
1.19424
0.361044
0.156477
1.13849
1.58593
0.399675
0.36089
0.214841
2.78265
1.31774
0.0200059
0.355875
0.326506
0.368897
4.24413
1.49801
8.32694
0.261005
0.0258935
2.88481
0.922378
0.77379
2.81194
0.540327
1.16066
1.84759
1.82748
2.20885
0.289745
3.63136
1.70761
0.846785
0.631928
0.059473
0.357107
0.206321
1.05859
2.05291
1.12536
0.292114
1.39643
0.703536
0.2481
0.690702
0.462432
0.964746
1.85197
0.771521
0.252097
0.893032
1.9649
0.381099
0.366508
1.3436
0.507864
0.296508
0.0737652
1.96634
1.05543
1.32216
2.90638
0.439072
0.300723
1.00435
1.93635
0.276096
0.850822
0.900802
0.397995
1.66787
0.442685
0.718908
1.16482
0.436207
0.0236116
0.889981
0.27487
0.349322
0.303784
3.28327
0.644193
1.63012
0.0326183
1.78125
1.94507
0.139323
0.188293
0.426867
0.041502
1.64166
0.171051
0.897348
0.00336372
2.45322
0.279127
0.588432
0.107373
0.814864
0.820366
0.269389
0.10118
2.03542
2.09709
2.06282
0.340944
0.926697
0.507102
2.24094
1.87237
1.11483
1.48255
3.3106
1.15853
2.37648
2.53127
0.150338
1.91952
0.872579
0.424996
0.311458
1.2117
0.64013
0.57231
1.8228
0.437061
3.4765
0.518637
0.137863
0.678026
0.334848
1.1534
0.525355
0.830659
0.310348
2.16335
0.209576
0.945566
1.6054
0.0737533
0.0330019
0.367986
0.0313618
2.27922
0.374729
0.126116
0.704313
1.16331
1.61063
2.73407
0.095947
0.413937
0.244705
2.68841
3.18766
0.112689
0.561468
2.33615
1.63889
2.41776
0.105743
2.31668
0.364865
0.761658
0.0376587
1.79219
0.11711
0.737593
1.29628
1.45868
0.941303
0.0716352
0.623764
0.427783
0.616688
1.37456
1.65867
3.51388
0.301479
0.869908
2.09284
0.827142
1.66037
0.343514
0.0916936
0.106797
0.540127
3.06161
1.38778
1.27619
0.816878
0.240719
0.250981
1.21411
1.61201
0.460877
2.9779
0.164521
1.70158
0.0914976
0.899259
0.08722
0.179507
1.14471
0.470106
0.644736
0.714719
0.191611
0.196944
1.86941
0.770663
2.44629
1.00304
1.57258
0.951697
0.30684
0.00911238
2.53945
1.25614
0.654095
0.361145
0.633914
0.480856
1.92932
0.20809
0.0523823
0.923521
1.76507
1.38103
0.0614397
0.865187
0.0174851
0.161811
2.11505
1.55769
1.95684
2.55986
2.38862
1.01102
0.65892
1.17182
0.0989414
0.250842
1.27991
0.407373
0.0439099
0.239073
0.28297
0.464946
0.515424
0.00669465
0.508322
0.289742
0.0784076
2.46555
0.390557
0.14453
0.745176
0.251124
1.58289
0.342005
0.0281858
1.98169
0.176018
0.500363
1.98039
0.182306
0.036616
1.765
0.279225
0.554373
1.16071
0.711597
0.0142209
1.19293
0.114329
0.158113
1.92316
1.58586
3.12059
0.394681
2.7523
0.250048
0.0429026
1.68857
1.02695
0.030841
3.62418
0.650056
0.157575
0.750661
0.599118
1.39713
0.884838
3.04772
0.46034
0.393131
0.147892
2.3275
0.495164
0.393676
1.99936
0.974804
0.401758
1.47496
2.60537
4.14673
0.296079
0.146905
1.01381
0.244503
0.605663
1.4175
0.664355
0.627503
1.2441
0.725484
0.927365
2.06766
4.76376
3.77467
1.39824
0.10563
0.72625
0.390225
3.01818
0.764723
0.47448
0.331618
1.83295
0.717249
0.746322
0.600888
0.0970742
2.74427
1.96364
0.485114
0.11909
0.0543671
0.142997
0.47944
0.545306
1.28853
0.828866
1.34808
2.30975
0.418445
3.03063
0.322171
0.137078
0.213842
0.547148
0.0242992
1.41237
0.27704
1.07687
0.635385
0.138516
0.372907
0.00832974
0.300082
0.475134
1.69841
0.883651
1.2123
0.0841083
1.00813
0.787029
0.815149
0.974933
0.339465
2.01019
0.181586
0.871536
0.248293
0.0902435
0.624266
0.429069
0.190317
1.39755
0.454129
1.37676
3.11347
0.277682
0.175677
0.287594
1.06957
0.0942848
1.76476
0.76567
1.08885
1.08417
0.220089
0.353761
1.42284
1.6267
0.0291895
0.597672
2.83856
3.38138
0.0566551
2.99436
0.133412
1.6114
0.353824
0.862825
0.0673051
1.78871
1.02918
1.9649
0.165684
1.16375
0.230998
0.286213
0.298166
0.69915
1.73752
0.681038
1.56413
0.405587
1.14233
0.0865117
0.426317
0.13248
0.294166
1.44191
0.978904
0.627823
0.209647
1.09873
0.225464
0.0477507
0.197935
0.841934
1.89327
0.272541
0.712716
1.09189
0.550183
0.59934
0.498196
4.68936
0.508918
3.67437
0.0240465
1.57681
0.728929
0.710101
0.373659
1.44888
1.81555
0.201738
0.0418317
1.5171
0.262694
1.11813
0.0516186
1.064
1.15572
0.399334
0.603697
0.178309
1.93164
1.03335
0.651788
0.426423
0.81832
1.94373
3.54681
0.931793
0.151275
0.0630736
0.899605
0.935779
2.64806
0.637165
0.429351
0.334223
3.24763
0.0660544
4.08127
0.852712
0.523204
1.77812
0.416728
1.66981
0.0751963
0.677089
2.17578
0.332601
0.29297
0.586488
1.06872
0.223342
0.206528
1.18858
0.200232
1.70203
0.341366
1.62348
2.31423
0.482782
0.182552
1.19604
1.28483
1.53071
0.790112
0.910591
0.472276
3.66387
0.505851
1.47834
1.1382
0.283599
1.98867
0.203334
1.26323
0.117125
0.403876
0.487424
2.95068
1.27724
0.16425
0.547515
0.933963
0.635548
2.05503
2.47376
0.442447
0.391326
0.365317
0.639047
0.328455
2.16473
0.72575
0.802776
0.186443
1.68405
1.01558
0.211036
0.186233
0.383027
0.327205
0.485134
0.470418
2.12472
0.378706
0.432464
2.31262
0.56218
0.0297791
1.6319
0.644479
1.40817
0.890566
0.137311
1.84997
0.591454
0.370212
0.0559083
1.64528
0.0284638
0.818585
3.37109
1.09145
0.923172
1.44189
0.0230694
0.0194417
0.433235
2.22601
0.333424
1.28136
0.0654115
0.060557
0.234526
0.0540875
1.07081
0.335655
0.381809
1.22716
2.31594
1.00398
0.184638
2.50129
0.597693
0.630625
1.63619
1.35429
0.633894
1.35513
1.21351
1.12086
1.5565
0.35756
0.254609
0.10899
0.364221
0.0886132
0.844506
0.384488
1.05729
2.59825
1.73331
2.00577
0.882039
1.75124
0.847574
1.63809
0.760119
0.0310313
1.5823
0.13463
0.0893007
6.42731
0.696106
0.0644779
0.402402
0.0873715
0.974104
4.09852
0.86702
0.184348
1.07619
1.54916
2.36805
2.03717
1.88607
0.170063
1.25687
1.78449
0.468545
1.72913
2.95241
1.75149
0.368914
0.0324088
0.632364
0.276676
0.402301
0.184767
0.337527
0.767228
0.289766
0.0192402
0.728413
0.403378
0.453962
0.145397
0.209689
0.298368
1.07939
0.446456
0.0950543
0.0428649
1.87083
1.30781
1.3127
1.01422
0.886186
0.0127946
0.191202
1.05086
1.5978
0.228311
2.58959
0.943569
0.451252
2.03026
0.383645
1.39755
0.601658
1.11685
2.90746
0.180459
0.134233
0.530716
1.35535
0.232821
0.105368
2.17154
0.681829
2.06342
0.386964
2.8588
2.33965
1.43098
1.53476
0.990737
0.156133
0.126759
0.739532
1.24401
0.352417
0.141618
1.06634
1.40797
0.401949
0.899764
0.271584
1.21161
1.77369
0.111096
0.989968
0.987058
0.838182
4.00357
0.238075
0.496608
1.85494
0.951599
0.466511
1.03274
0.568841
1.7459
0.18683
0.905057
0.835118
2.91078
0.9716
1.14272
2.35648
0.286481
2.47321
0.627454
0.981373
0.0113918
0.338873
0.810827
1.17334
1.11713
0.275539
1.93124
0.092819
0.149497
3.34801
0.139425
0.507525
1.30604
0.265954
0.928223
0.624114
0.0428788
0.0246015
0.435796
0.82902
0.500498
0.234705
1.85847
0.0743052
0.704346
1.24694
0.506759
1.9673
1.71391
1.37593
0.088788
0.309065
2.27406
0.56861
0.126941
0.153915
0.755666
0.104496
1.67911
0.122424
2.08226
1.24291
0.359537
0.495118
0.648952
0.895175
0.443593
0.384086
0.953071
0.255274
0.875369
0.080754
0.0184724
0.850724
0.098771
0.512743
0.685426
1.42356
0.862026
0.0261828
0.0888286
2.66811
0.694037
0.747742
0.787867
2.51922
0.7355
0.498692
1.35736
0.286719
0.284928
1.0681
2.23514
0.0547636
1.38316
0.100536
2.71528
0.347268
0.384686
0.221807
0.289514
2.74876
0.726656
1.18828
0.687141
1.08731
0.22498
1.65088
1.4403
0.693691
0.00994891
0.766757
0.74844
0.22886
0.501039
0.779143
1.1071
0.151586
5.24228
1.53201
1.65675
0.0585276
2.15356
0.23995
4.82615
3.09385
0.290623
2.49111
0.539161
0.0648732
1.70971
0.634133
2.08915
1.10921
2.43231
0.180189
0.901693
1.2253
0.502595
1.86051
0.474032
3.20917
2.28765
0.604189
1.5502
1.23308
2.60197
2.1914
0.345758
0.439345
0.0135971
0.662621
0.097786
3.41987
0.25476
0.378554
0.159991
0.0599663
1.14161
1.32792
0.681844
0.988142
1.41448
0.0613758
1.08055
0.830454
0.0484693
0.486216
0.0656358
1.37065
0.797805
0.138187
1.9549
0.283082
0.0173509
0.610885
1.44941
0.268911
0.830871
0.22455
1.00441
1.51945
1.83936
1.57219
1.12822
0.879707
0.135408
0.0335847
1.4049
1.0173
0.145651
2.25685
0.337706
0.209355
0.112844
2.84798
0.368491
1.38743
1.00414
0.154186
0.0896953
0.0618635
1.66976
1.9598
0.205497
2.43316
0.889647
0.486935
2.05398
0.181471
0.0186477
1.47349
0.776434
0.681654
0.828908
0.814728
0.138155
1.14978
0.252689
1.33712
0.17024
0.942126
0.381316
0.840386
0.566104
0.0702439
0.0243654
0.115309
0.474494
0.0359896
1.24261
0.634203
0.127232
0.0103993
0.857015
0.0645845
0.920189
1.96883
2.24206
1.06566
0.612415
0.0819015
0.316267
0.151843
0.599268
0.146953
0.905849
1.2709
0.213924
0.153634
0.229204
0.102005
0.633341
0.895837
0.127665
0.640925
1.26978
0.764801
0.811582
0.036925
1.0357
2.1496
0.732999
0.950312
0.182063
0.389383
1.67231
0.900123
0.223791
1.67406
0.914883
0.787884
0.511587
0.0466352
1.25146
1.18369
2.36653
0.555237
1.09616
3.39634
0.473675
1.71052
2.92243
0.385687
1.16931
0.0225835
0.606026
3.46748
0.475786
1.6874
3.00937
1.02882
0.700456
1.21662
0.419818
0.991251
0.600218
1.57819
1.38145
2.03684
0.370456
0.397768
1.73622
0.4219
1.92028
0.923615
0.484019
0.262707
0.896203
0.635965
0.32049
0.706563
0.641578
0.423342
0.669244
1.01555
0.0993086
0.407689
0.350001
0.721638
0.0456823
0.325646
0.847094
1.34334
0.520203
0.584722
0.408057
0.878928
0.723115
0.563559
2.3062
0.433055
1.06877
0.477466
2.52362
0.464184
0.179509
0.516241
0.357727
0.784152
2.57639
2.19506
0.996938
3.20345
3.78869
1.92624
2.02713
0.030705
2.6655
0.201674
3.10503
0.68004
0.472073
1.61908
0.525247
3.57125
0.415833
0.656341
0.384317
0.490587
1.27719
0.0192131
0.602668
1.44699
0.397324
0.65657
4.47854
1.9627
3.07003
0.79193
2.38888
3.71746
0.189481
1.32198
0.071605
0.451477
0.562142
1.0254
1.64642
0.215379
0.492404
1.27901
0.88322
0.528509
0.42235
0.388041
0.218877
0.297212
0.434484
1.80974
0.828773
0.253649
0.198635
0.126475
5.71679
0.0656295
0.724192
0.46866
0.126819
1.22975
0.444025
0.901517
0.951215
3.9766
0.133494
0.250583
2.71885
0.358637
1.11305
1.38182
0.276639
1.39153
2.06851
2.93292
2.39971
0.595615
0.202185
0.807404
0.139078
1.22848
0.105405
1.1008
0.766365
0.962759
0.0856791
0.680223
0.954567
0.147277
0.0530828
0.306491
0.436505
0.105216
0.582206
0.293404
0.564771
1.11092
0.338081
0.311638
3.00305
0.15426
0.00813871
0.66286
1.24544
1.21914
0.812218
0.0863684
0.180025
0.509369
0.00351379
2.3444
0.20068
0.0517366
0.598377
0.0917391
0.995362
0.115024
0.59429
3.38982
0.38446
0.297336
1.33228
0.955739
0.479975
4.83536
1.43033
1.42138
1.29931
0.433748
0.977585
1.72564
0.0667179
0.516463
0.34898
2.02696
0.920716
0.137161
0.247962
0.0309582
0.352366
3.10197
0.0770057
0.799898
0.0253376
0.779625
0.122268
0.327968
2.11254
0.779029
0.347067
1.2271
1.82727
0.314928
0.593454
0.693536
3.11674
0.625933
0.11478
2.39925
0.0660052
0.0639492
1.83773
0.0136059
1.44631
0.249116
2.65159
0.00799073
0.255784
0.112886
0.498778
2.01984
0.445926
0.469524
1.43941
1.24157
0.80429
0.454498
0.393896
2.47294
0.991726
3.8436
0.229551
2.9523
1.44411
0.750722
0.0493215
0.692088
0.0432959
2.92707
0.525542
1.65812
0.161037
0.0963549
0.225297
0.103844
2.0873
2.96811
1.44848
0.521826
1.48346
2.44416
1.47874
0.514743
0.163487
0.714067
0.156556
0.090608
0.00165173
0.760401
0.789046
2.14759
0.22941
0.259565
0.408065
0.139893
0.0351436
0.830127
0.0778671
0.176729
1.17023
0.351897
1.5286
0.320138
2.14515
0.699682
2.17995
0.239314
1.79912
2.03435
2.68106
0.220064
0.105784
0.561983
2.71499
1.54316
0.0749785
0.229217
0.318977
0.667002
1.13321
0.311162
0.254794
0.377797
0.785744
4.43927
1.63205
0.656506
1.54528
0.713028
0.250211
0.0162195
0.989686
1.45195
1.50613
2.49456
0.716981
1.01375
2.21532
2.6338
0.57177
0.0197502
0.854602
0.371786
0.470664
1.67069
0.406846
0.193819
0.245394
0.0569612
0.120892
1.00365
0.332035
2.18394
0.890854
2.54549
1.65713
0.929813
0.743719
0.0165797
0.793604
0.293765
0.934838
0.14696
0.90707
1.69069
1.41905
2.58366
2.09415
0.954419
0.612456
0.955145
0.0609286
0.148066
0.708665
0.835999
0.854049
0.497537
0.915717
0.606296
1.15732
0.786098
0.158058
0.15691
1.82717
0.193058
0.643241
1.00618
3.77888
0.61293
0.563821
3.78878
1.52685
0.424791
1.82303
0.310456
0.496318
1.65116
0.617127
0.688851
1.46854
1.78275
0.0598747
0.940328
0.46737
1.29092
1.50648
1.2148
1.76633
1.7633
0.111397
0.00377723
0.128487
0.771541
0.981055
1.20606
0.253771
0.280757
0.212128
0.789605
0.518343
3.01786
0.14032
1.18974
1.57743
1.00777
1.92652
0.682097
1.04592
0.829111
1.26468
4.35097
0.490123
0.583244
2.31147
0.201796
0.718478
0.256701
0.159856
0.399152
0.985772
0.683207
1.8507
0.763559
0.651233
0.162299
0.71119
0.480802
0.352953
2.24738
0.577114
0.17478
0.462317
0.136724
3.3924
2.18477
3.4588
1.07877
0.834877
0.658997
0.426217
1.52908
0.41596
1.19358
2.19833
1.8085
4.51157
0.38408
1.31957
0.395731
0.664627
1.65132
1.97506
0.118722
0.861218
3.42021
0.0217775
3.74457
0.0524503
0.219351
1.00753
0.613366
0.28708
2.91831
0.901028
2.32535
0.672961
0.474132
0.486241
1.49733
0.332138
0.295739
0.0403901
0.417568
0.181886
0.469282
0.0554981
0.118458
1.24086
0.349331
0.78559
0.454829
0.0809965
0.0768276
1.32624
0.970209
0.347549
0.470488
0.769228
1.18343
0.0569523
1.53246
1.98678
0.159549
3.85969
0.215247
1.31402
2.36662
0.437923
0.292121
1.43613
0.0257824
2.60826
0.778404
1.67302
0.584733
0.319386
0.474748
0.0433078
0.764691
3.57203
0.0676472
0.384546
2.0183
1.89372
0.46673
0.717135
0.358406
2.67152
3.57681
1.52773
0.0265484
1.58776
0.345279
0.900434
2.12482
0.398627
0.197584
1.87178
3.08065
0.966413
0.59469
1.45074
1.37833
0.0383331
1.07932
3.46838
1.04601
0.43962
0.739195
0.295957
4.94923
2.00502
0.604564
0.475097
0.211659
0.694795
2.7863
0.135716
0.136398
0.522769
0.175922
0.179853
0.0828141
0.915103
0.586386
3.28842
0.944648
0.534212
0.997355
1.95643
0.133612
0.629378
1.40782
1.09187
2.77749
0.840263
4.10374
0.582719
1.46647
0.307202
0.936776
0.360101
0.587363
2.13527
0.157305
0.799459
0.349662
0.815968
0.898802
1.01923
0.464105
2.69113
1.01857
0.994522
0.0433372
0.101199
1.50143
1.46034
0.156152
2.00946
0.697032
3.51452
0.620812
0.409378
0.31434
0.413629
0.413868
0.625545
2.6785
2.65893
0.976759
1.24791
0.983082
0.0594458
0.435779
1.07277
0.671592
0.239607
0.971344
0.410474
0.331192
0.781865
0.585854
0.941476
0.796772
1.60293
0.294608
0.137267
0.0698706
0.234954
0.592802
3.76204
0.0465927
0.0676357
0.342725
0.630584
0.303339
1.0204
0.334689
0.0407044
0.764332
1.44565
1.09659
0.156424
1.03332
1.80001
0.131295
0.307061
0.103906
1.63767
0.0986061
1.72947
0.766595
2.59923
3.8556
0.399928
1.19391
0.375483
1.03544
0.39635
2.62336
0.26424
0.595673
2.12499
0.221046
0.0938933
0.157963
2.02098
0.65106
0.104891
0.325325
0.141899
0.792211
0.688462
0.656837
1.45995
0.469986
1.04857
0.729361
0.0330049
0.306102
1.72174
0.269905
0.62062
1.96959
0.662315
0.179624
2.92297
1.67763
0.542121
0.752074
0.436816
0.888461
0.633512
0.409694
1.49328
0.308432
0.517721
0.405579
1.1345
2.09519
5.56111
0.379116
0.0601408
0.124227
0.251341
0.157925
1.38576
0.543377
0.89513
0.0810621
2.52714
0.176668
0.321818
0.52395
2.0478
0.0652376
0.48491
0.367846
1.38576
2.08873
1.46493
1.52747
1.62036
1.9822
1.54538
0.414622
0.202631
2.42229
0.124535
0.0922994
3.52965
1.53509
1.44986
3.07315
0.430792
0.00612243
0.95356
0.608294
0.869619
0.213463
0.347231
0.74908
0.539383
2.10275
1.04615
0.165121
0.602367
0.692747
3.74662
1.04741
0.254019
0.66741
0.614566
0.480405
1.45687
0.326317
0.563437
0.0105573
0.288645
0.607672
0.496717
0.453826
2.88507
0.67572
1.46105
0.121893
0.332496
0.464164
1.2238
0.0223797
0.909492
0.752497
0.702375
0.189582
4.42263
0.255322
0.371949
1.10571
2.732
0.298961
0.452037
0.536327
0.0993209
0.356267
0.333922
0.355513
0.0798982
0.522658
1.49335
5.05521
0.0894446
0.639036
1.3069
0.272371
0.788139
0.314858
0.521992
1.01511
0.215021
0.0998375
0.47634
0.268788
1.11266
3.44214
1.44711
0.350856
0.0590582
0.470073
0.535504
0.508205
1.70983
0.314017
1.70869
0.121586
1.08852
0.706163
0.252832
1.53165
0.209707
0.441378
1.11692
0.339728
0.146358
1.19118
0.265031
2.58249
0.689616
1.76356
0.90372
0.843897
0.880297
1.11792
0.897515
0.100476
0.0665532
1.26375
0.197609
0.769866
0.754485
0.338056
0.319848
1.2895
1.35373
0.425634
0.0561883
0.079659
0.574027
0.472952
0.168902
5.23881
1.39285
0.606441
0.517622
0.00300067
0.934749
0.26274
1.84239
0.536503
1.38451
0.208773
0.862305
0.22586
0.0244699
1.06915
0.401941
2.37663
0.587325
0.352883
0.35206
0.315169
1.91122
2.92897
0.236901
1.59013
1.39548
0.170599
0.422246
0.263195
0.0401289
1.91273
1.57926
0.00864233
1.74633
0.110594
0.265142
0.928606
2.47974
0.0666604
0.791469
1.32534
0.396844
5.55966
0.109488
1.85741
1.7268
1.04782
0.331714
1.87261
0.0683787
1.99974
0.0913652
3.63138
0.951119
0.523406
2.17592
0.622658
0.70169
0.128279
0.684414
0.141958
0.540334
0.217224
1.92543
0.21438
1.4909
1.7524
0.819525
1.06879
0.207346
2.17623
0.872393
1.64663
0.955331
0.304742
2.95898
0.419741
0.715854
1.94839
0.275207
0.496455
0.126182
0.243439
0.0234224
0.884402
1.15688
1.01292
0.107538
0.406432
0.446609
0.275225
1.12017
0.249377
0.403965
1.17922
0.588724
2.91962
1.70345
0.643369
1.12778
0.0500656
1.54082
0.240128
0.891776
3.00441
0.0385841
0.761229
1.55512
0.423081
0.111548
0.219801
0.269926
0.97228
0.264642
0.63794
0.301437
2.01911
2.2904
0.182056
0.0839334
2.87289
0.529446
1.98842
0.081937
0.404604
0.153173
0.534032
1.15958
1.63236
0.28078
1.00584
0.135459
1.28778
2.21837
1.69311
1.456
3.7262
0.178439
0.66324
0.566685
0.354381
0.165938
3.0983
0.501201
0.485346
0.168467
0.574867
2.54803
1.31301
0.304015
0.79526
0.253649
0.0466613
0.526611
0.453877
0.638225
0.595472
2.05795
0.0250872
0.809875
2.50262
0.352561
0.225456
1.0884
2.22938
0.115277
0.60229
3.99999
2.46229
0.246991
3.18038
0.50003
0.220365
0.856132
0.00172559
0.721191
0.39592
0.883765
1.04232
0.659721
0.898387
1.26775
0.957164
0.42573
0.0182394
0.959009
1.48235
0.810476
1.15202
0.859716
1.06384
3.11628
2.22054
1.24839
0.151158
1.65389
1.34431
0.129201
2.36344
2.07356
0.441069
0.0190546
0.534941
1.7303
0.0747957
0.353952
0.832384
0.481168
1.59699
0.202944
0.0913598
0.298281
1.1833
0.580764
0.792908
0.486304
0.488111
0.832395
0.375088
0.227084
0.739935
4.25553
1.71203
0.0189132
4.96909
2.74667
0.539409
0.0184674
0.983979
0.474422
0.3962
2.62975
0.522635
0.370496
1.72473
1.56215
0.240774
1.10744
0.803193
1.64755
0.950079
1.28262
0.903895
4.35302
0.550044
1.09393
1.335
0.879334
0.622821
1.31677
2.17623
0.782079
0.347863
0.589072
0.506371
0.981935
1.31556
4.32461
0.127897
0.586351
1.52713
1.73993
2.13099
0.733208
0.303055
0.746666
3.77101
2.49639
0.164555
1.10201
0.5626
0.485691
1.18721
0.564823
2.85952
0.750127
0.998593
0.0697078
0.630761
0.179509
0.116347
0.140368
0.655033
2.1928
2.1856
0.153908
1.08471
0.172701
1.60775
0.00159229
1.40879
0.353961
0.67715
1.11437
1.20302
2.93226
0.505614
3.31515
0.288105
0.449935
0.45092
2.27894
1.08064
4.06002
0.840524
0.658832
0.911832
1.03327
2.77155
1.11831
0.499035
0.60436
0.931125
1.68257
0.699354
0.75146
1.26289
0.980301
0.459966
0.655233
0.483802
0.565186
1.28324
1.73583
1.45196
0.226191
0.146625
0.561754
0.478852
0.452548
1.44359
0.16771
1.31253
0.47258
1.1616
3.25429
1.32754
1.05135
0.181428
2.31678
0.0242132
0.372927
1.69887
0.716749
1.03866
0.342958
0.0525839
0.445723
2.52466
0.921567
2.25604
0.148174
1.84475
2.39796
3.53466
1.96587
0.725412
0.959421
0.398882
0.0970518
0.350367
2.45743
6.52736
2.15202
1.35666
0.116452
0.653124
0.12086
2.36346
0.144796
0.708149
1.07577
2.65566
0.926286
1.54435
0.247324
0.593471
1.94453
0.114167
0.474509
1.61969
0.0444135
0.576222
1.56267
1.38756
1.49159
1.79147
0.0136115
0.239562
2.522
0.0666561
2.49784
1.5339
1.08347
1.77349
1.34522
0.560727
0.605498
1.00219
0.40913
0.114522
0.787725
0.780836
0.18257
0.402285
0.687455
3.984
1.88093
3.77959
1.86716
1.10359
0.0166126
0.744765
0.820011
0.304317
2.05172
0.376013
0.319208
0.0451885
0.562506
0.042709
1.85524
2.99806
1.14105
1.23178
0.415391
5.77204
2.31132
0.050704
0.315493
0.0191902
0.0212413
1.06074
0.0532377
1.29586
1.44032
1.69665
0.399448
0.534018
0.111814
0.34931
1.52025
1.59097
0.41407
0.0356771
0.0787035
0.00819731
0.634078
0.155975
0.523345
2.6958
0.184125
0.788747
1.67678
2.18937
1.94659
0.55426
0.948839
5.11219
0.327628
0.720465
2.01587
5.24609
0.20314
3.82146
1.20412
0.241688
0.189698
0.166502
0.579303
2.66245
1.08605
0.0150226
0.612761
0.941403
0.0853904
0.264814
1.57504
0.0506114
0.579581
0.530402
0.619657
1.59385
0.18939
1.44553
2.93611
1.93316
0.716786
1.15699
1.30526
0.511824
0.9491
0.799704
1.30327
0.179385
0.367769
0.423208
2.18673
1.19734
2.38993
0.789639
0.379017
0.731893
0.156885
2.15645
2.59387
0.219966
0.795931
0.489681
0.578825
2.39456
1.35148
0.434038
0.206867
0.615576
1.91006
2.00111
0.105696
4.47708
0.171321
0.151866
0.896512
1.0072
2.42154
0.962443
0.0394492
1.18988
2.53562
0.5438
0.00810162
2.56479
1.47893
2.18875
0.325433
0.547862
0.958365
0.649327
0.494456
0.62055
0.443002
1.56765
1.65746
1.30001
7.50801
0.165634
1.04472
0.00120385
0.296117
0.30415
2.9005
3.6238
0.908945
0.646186
0.281358
0.149103
0.291541
0.805198
4.45635
0.214934
2.2798
1.22583
0.295503
2.21975
0.615642
0.00451189
1.22845
0.0517796
0.746307
0.0101261
0.0346822
2.28615
0.039397
1.0773
0.897483
1.55374
0.354288
0.220437
1.34842
1.11827
1.94094
0.268001
0.093824
1.33682
1.3375
0.166519
1.46569
4.93589
2.71869
3.37133
2.06879
0.131745
0.669768
1.95455
0.910606
1.3376
0.308463
2.19122
1.65116
1.23125
0.149685
0.310626
1.35841
0.348225
0.657435
0.309351
0.675741
0.100883
0.21763
1.15645
0.452439
4.82758
2.58991
0.0318127
0.271834
0.597478
0.482049
1.50209
0.900422
3.26852
3.45669
0.470444
4.10822
1.58584
0.0747987
1.88597
2.37275
0.338947
2.19873
2.61086
2.43005
0.122222
0.585142
1.05229
1.38941
0.457877
0.274898
0.398703
0.990299
0.00788176
3.40007
0.938207
0.310906
0.0120313
0.732006
0.629473
0.490899
1.73974
0.00111926
0.07683
0.254541
3.43328
2.80348
0.0922706
0.323736
2.27328
1.02441
0.0116314
0.302469
0.351446
0.421963
0.129575
0.385156
1.34587
0.751475
0.423613
0.221303
0.399622
1.14492
0.999934
0.278466
2.58451
0.0773546
0.112317
0.802317
1.50403
0.0666225
0.0180541
0.0696509
1.29956
0.641001
0.671707
0.485395
5.02183
0.226672
1.7023
1.87079
0.882743
0.00651081
3.07153
0.520746
0.455516
3.45587
0.359499
1.15004
2.71054
0.593766
0.907905
0.93185
0.475351
4.86357
2.23916
1.12253
0.0319286
2.00963
0.197022
1.84335
3.14641
0.779366
0.512763
0.943231
0.0940991
1.66732
0.516744
0.834005
0.539944
0.583938
0.048243
0.192003
0.145089
1.32731
0.394328
0.479932
0.780596
0.764496
0.39662
2.6171
2.04958
0.801057
0.118883
0.300074
0.130787
0.0331217
2.05539
1.01585
0.101062
0.683581
1.48427
0.125603
1.05597
0.316661
1.05541
0.642805
0.134159
1.95599
3.3354
8.51738
1.49425
0.85681
0.14316
0.196717
0.138211
1.65139
0.630927
0.372928
0.893757
0.622493
0.334844
1.22319
0.350201
0.352854
0.857373
0.711737
2.72087
0.0459367
1.26906
1.54358
0.38693
0.0755423
0.266651
0.242998
0.49828
0.366927
1.17174
0.891573
1.91607
3.34204
0.765898
0.0408176
3.12537
0.0121146
0.167952
0.040173
0.252263
0.0129462
2.49685
0.446933
3.14601
0.150292
1.1264
0.518964
0.0684279
0.781546
0.330153
4.43301
0.263064
0.238067
0.845432
0.829594
0.286527
0.0429887
0.129128
4.26073
0.364089
0.547705
0.478491
1.42378
2.53936
1.01167
1.43309
3.15781
1.71506
0.305494
0.690264
1.75103
0.595836
0.0547077
1.55243
1.90508
0.507395
0.395003
0.916254
1.13207
0.722636
0.362615
2.13529
1.33609
1.17407
0.0691009
0.483756
0.424235
1.29908
1.52364
0.504409
0.129574
0.629232
1.20853
0.0867353
0.0881408
1.35658
0.182072
0.294936
0.165063
0.294239
2.33382
0.215584
2.3792
0.0840945
0.499503
0.0123832
0.793221
0.358517
1.15256
2.59377
0.737983
0.921261
0.00434042
0.298099
0.286592
0.49548
1.40894
0.0113746
2.04117
2.53007
0.573602
3.68305
1.04273
0.570264
1.34212
1.20307
0.581325
2.62821
0.271541
2.26368
1.50207
1.06748
2.12812
4.1118
0.160515
0.0534421
1.73375
0.603615
0.10761
1.13924
0.49405
0.605543
2.26576
2.14902
0.205452
0.694602
0.554684
2.13092
0.162954
0.742983
3.13408
0.483826
3.4977
1.04213
0.0774375
3.10931
0.558564
0.233123
4.35727
0.0278253
0.703051
1.37539
1.50712
1.82608
0.205644
0.15108
2.32705
2.66089
1.40909
2.15115
1.09691
1.88089
1.94714
0.0846581
2.0772
0.322068
1.22785
0.0153455
0.593475
0.20733
1.68318
1.47466
0.722307
0.207441
0.596375
0.453923
0.244784
1.94744
0.448785
1.17239
1.25415
0.859813
0.164579
0.899754
0.424574
0.47762
1.98331
0.0239745
1.55237
0.585366
0.278937
1.78206
1.09651
1.48526
0.821418
2.84084
0.417123
0.991233
0.53469
1.33805
0.820212
1.34243
1.7036
0.201459
1.83976
0.102759
0.808244
2.25093
1.12679
0.127177
1.76316
1.9322
0.0365579
0.591027
0.554942
0.095544
1.5238
0.489409
0.474489
0.48001
0.296605
0.827684
1.30627
0.347322
1.35225
0.125489
3.1179
0.807289
0.250655
0.113198
0.338705
0.638891
1.46945
0.264457
0.524784
1.69775
0.233646
1.66647
0.374337
1.84022
4.11583
0.128557
0.534161
0.0499756
0.531546
0.685939
0.162111
0.775965
1.52343
1.21138
0.417327
0.493165
2.93693
0.153837
0.730147
0.375599
1.88871
2.91096
0.714387
3.06139
0.298369
0.457274
0.0680215
0.421291
0.620839
0.547164
0.749702
1.04766
1.33761
0.280163
0.0614182
0.0354895
0.537172
0.0721559
0.22364
1.43011
0.0211926
0.770462
0.232518
0.311031
0.137666
0.755351
0.853134
0.576197
1.78496
0.114231
3.85379
0.563389
0.752309
0.128306
1.75653
1.69919
0.381611
0.791957
0.428194
0.460699
2.58327
1.81095
0.204056
0.106165
0.832073
2.10828
0.997809
0.339727
0.622867
0.950457
0.847411
0.9703
0.616749
0.897625
0.0100161
1.00767
1.61753
0.691363
0.758514
1.07054
0.166403
0.228812
0.634159
5.58191
0.41143
0.47677
2.07354
0.878747
0.278746
0.0598052
0.187192
0.154997
1.54728
0.571668
1.13429
1.6691
0.349577
0.172331
1.49628
0.730135
3.67666
0.984275
0.955526
2.20085
0.682943
0.632231
2.72732
1.07249
0.694811
0.163258
0.081138
0.205167
0.15374
0.354882
4.92802
0.433039
0.582054
0.0888799
0.377629
0.834552
0.281734
0.198167
0.0613797
1.03881
0.480104
0.201808
1.11364
1.06644
1.36266
2.90503
1.59761
0.27182
3.06708
0.195768
0.140988
0.573161
1.82803
0.989597
1.35796
0.279406
0.875295
1.95934
0.940376
0.19947
0.767274
0.266564
0.853426
2.11121
0.474229
1.08014
2.78995
0.0460701
1.75791
0.619422
0.826964
0.176056
0.00606712
0.819249
0.124806
6.12721
3.54564
0.0269088
0.550974
0.533068
0.0288254
1.14261
0.271579
0.24533
3.96646
0.459997
3.6403
0.04964
0.535049
0.19925
0.761355
0.852179
2.07121
0.276152
0.461424
2.49891
3.78521
1.205
0.21995
0.469849
0.293892
2.64473
0.295913
0.383984
0.119453
0.000809284
0.0365537
0.213143
0.916071
1.13271
2.3041
1.161
0.87406
0.248647
0.86799
0.273812
0.0437116
0.363326
0.37776
2.96186
0.14314
1.0012
0.097638
0.824115
0.901118
2.35125
0.691339
0.792971
0.6023
1.44544
1.81772
0.0663927
0.820867
0.0967361
0.258962
0.286088
0.512915
0.310992
0.156005
0.390643
0.558811
0.329938
0.376047
3.55287
0.795776
0.05965
0.154361
0.0174803
1.14872
0.169534
2.94568
0.13972
1.78791
2.31532
0.804018
1.8785
2.37876
1.14426
0.929816
0.271421
1.04507
1.89342
1.01489
1.94215
0.0948661
1.4394
0.0394657
1.93923
1.78968
1.35002
0.411617
0.212789
0.395931
5.71188
0.148187
0.523649
2.015
0.389518
1.08341
0.744818
0.0370093
1.83272
2.06059
1.60741
0.164102
0.655642
1.28583
0.96273
0.634926
3.76261
0.151875
0.456207
0.614177
0.779631
0.282199
1.6187
0.895659
1.11807
0.170322
0.237166
0.809384
1.06061
0.0189647
0.768965
0.560693
0.675682
0.0100724
1.17501
0.934676
2.07905
1.00981
1.01832
1.18073
2.03127
0.234267
0.698508
0.331934
1.35141
1.90431
0.311595
1.8277
1.48239
0.478985
0.926777
0.521999
1.87587
0.128796
0.385057
1.77699
2.29715
2.06113
0.0585693
1.34558
0.283575
0.336599
0.704088
0.932424
1.26752
1.3135
1.45038
1.42218
0.437559
2.91053
0.0726115
1.26031
0.0519113
0.634214
0.0724757
0.502318
0.553096
1.8755
1.96228
1.27472
1.68132
0.175802
0.182793
0.488416
1.21703
0.847855
0.294364
1.42869
0.0972478
1.16989
0.570572
0.41427
1.9415
3.33511
0.452482
0.26822
1.41287
0.680079
2.14438
1.13245
0.519781
0.0706788
1.57847
1.20845
0.685545
1.6956
0.190811
0.632449
0.856532
2.08288
0.405249
0.00357629
0.421504
0.426896
2.73227
0.851376
0.191217
2.31478
2.61254
0.247483
0.715439
0.208515
0.556242
1.39609
2.6824
0.685172
0.593577
0.291543
1.19969
0.408212
0.0323924
0.22795
0.0866592
2.26882
3.39865
2.03621
2.66342
0.340479
0.702066
0.787751
2.2402
0.346644
0.603811
0.884826
0.512865
0.0247903
0.576757
0.681664
0.374076
1.05083
0.182341
0.191215
1.95817
0.462984
0.014114
0.522389
3.95531
1.1273
0.441102
0.695746
0.914582
1.72195
1.31926
0.577968
0.577726
0.173252
0.413364
0.229891
0.366914
0.00887474
0.82888
0.49441
0.743211
2.73466
0.691428
4.98665
1.09623
0.539553
1.24393
0.307925
1.26134
2.87956
0.435461
0.691146
2.65677
0.653025
0.0565484
0.293684
0.59611
0.279959
0.498009
0.447618
0.64322
3.01271
0.221837
0.211101
0.336484
0.582896
0.169793
0.996381
1.31288
0.457269
0.0761862
0.848723
0.31946
1.42114
1.19707
1.46618
1.98769
0.765691
0.0149613
4.5433
1.43001
2.77684
0.569064
0.349416
0.0559807
0.348952
0.474589
0.200177
0.740991
0.393636
0.268588
1.11728
0.441455
0.343864
2.02059
0.080576
0.154289
1.66654
0.816202
0.246176
1.1432
0.196938
0.00533389
3.07988
0.291441
1.7918
0.50974
1.14292
1.27363
0.789673
0.544633
0.390752
0.693862
0.459746
2.89352
1.3754
0.435183
2.3509
4.85952
0.40357
2.03393
1.28608
2.02864
3.01656
0.521815
0.411641
0.348527
0.361515
0.447529
0.0400384
0.620266
0.586234
0.781644
1.72501
0.253294
0.914972
3.14513
1.16019
4.93265
1.18413
0.653685
2.0709
0.31113
0.228402
0.30815
0.227606
0.0161969
0.74118
1.56969
3.16043
0.539883
0.426197
0.35063
0.0686316
1.33579
2.1408
0.077479
0.107254
0.542919
0.0944095
0.552645
0.56209
2.94333
0.649867
0.577004
0.428237
1.37863
0.096719
1.46126
6.26977
0.835881
1.35591
3.38738
0.0246542
0.669061
1.35257
2.61571
0.499531
0.471837
1.23412
0.0481156
0.486522
0.135296
0.723619
0.433012
1.61252
0.170213
0.124391
0.389785
2.58512
0.216998
1.50297
0.577762
0.283477
0.131697
0.729738
0.465618
0.853182
0.998651
0.315424
2.21898
1.04277
0.369698
0.34134
0.231569
0.14682
1.56882
0.320549
1.88449
1.28945
0.419742
0.331912
0.184752
0.932503
0.118309
1.82708
1.88845
0.0421598
3.19439
0.425014
2.28197
0.726937
0.887986
0.884692
1.56503
1.35687
0.686906
0.169963
1.10673
0.15477
0.612255
0.470694
1.27088
0.119648
1.05823
1.12349
0.938174
0.303756
1.29492
0.895127
0.715329
1.50018
1.65757
0.139924
0.055532
0.230147
0.82254
0.0170231
0.383701
0.314882
0.483226
1.11313
1.0786
0.254281
2.86039
0.0505705
5.14728
1.56072
1.75402
1.56022
1.29668
0.850334
0.604675
0.948575
0.987396
0.248898
0.174771
0.292894
1.1713
0.460847
0.912135
0.37968
1.74462
3.82522
0.251656
0.918552
1.2812
0.0923234
1.06806
0.407249
0.503519
2.17952
0.23099
0.301599
3.3698
0.74424
1.24235
0.0995172
1.24185
0.122242
0.642814
0.0706893
0.0674683
0.31203
0.248664
0.138363
0.219107
0.283732
0.163999
0.388251
0.454574
0.079001
0.311125
0.603744
0.12367
1.44238
0.801678
0.902938
0.503912
0.119751
0.671697
0.644846
0.14022
0.946459
0.125342
0.346892
0.112627
1.36235
0.81503
1.66108
3.12628
0.139806
0.276603
0.478428
1.16906
0.735496
0.0830701
0.516221
2.03217
0.467175
0.0763299
1.77347
1.54021
0.11281
1.61883
0.110048
1.57212
1.8058
0.288252
0.220688
0.486526
0.223004
0.0935965
0.276582
0.269849
1.34681
0.409991
0.219965
1.61838
0.00394508
1.71932
1.94884
0.649293
0.464826
1.22987
0.478583
1.37832
0.652776
0.0425246
0.0500228
0.0298546
0.669038
0.954906
2.22722
1.32566
0.649715
0.00569185
0.41782
1.17786
0.745154
0.23918
1.91821
1.51143
2.48181
0.855825
0.213106
0.299711
0.282547
0.630385
0.189627
1.36834
0.504744
0.433951
0.817962
0.386105
0.764553
0.0526673
0.806597
0.698988
0.103433
0.484239
0.0347843
0.735223
0.422365
0.819085
0.0778209
0.858669
0.5257
1.66339
0.288299
0.117744
0.29507
1.262
0.0696397
2.81684
0.772384
0.54158
0.211557
1.14529
1.35893
0.929562
0.00313308
0.234129
0.480198
1.24971
1.02676
0.837109
0.119914
0.461556
1.71494
0.917193
0.0641523
1.91198
0.377496
0.879317
0.0725898
0.478053
0.659739
1.43708
3.22798
0.767314
0.143524
0.711258
0.111422
0.454873
1.08435
1.61889
0.885311
1.75497
2.06472
3.19241
0.341794
1.12003
0.174186
1.19276
0.534482
1.3762
1.0621
0.301166
1.02475
0.66891
0.195456
1.04394
1.16475
0.648387
2.10229
0.271053
0.0237419
0.873839
0.995135
2.19805
0.507969
0.0155736
2.12111
2.25726
0.648022
0.015637
0.821523
3.69276
1.88719
0.283509
0.024273
0.647035
0.0521606
0.0132535
0.213795
1.0773
1.59514
0.718858
0.0385843
0.697479
0.763117
0.300905
0.485433
0.100852
1.62501
0.00699825
0.231476
0.070407
0.0075732
1.53092
0.105825
0.373212
0.33552
0.897949
0.688441
2.26247
1.98157
1.20962
0.121412
1.06623
1.95556
3.74753
2.03904
0.589225
1.66528
0.231601
0.526388
0.300129
1.42812
0.882499
2.03268
1.33812
0.756828
0.452643
1.14343
0.550739
0.915283
3.19874
0.164588
0.641372
1.77923
0.764676
5.70664
0.375297
0.352453
3.93237
1.66262
0.689136
1.2482
0.80135
3.5315
0.412693
2.08421
2.33305
0.337103
1.28343
0.40857
0.162498
1.87457
0.211104
1.45147
1.32415
0.304874
0.239214
1.35493
0.886978
0.798584
0.99229
0.627143
0.339831
0.250328
0.384408
0.253606
2.18107
0.199939
1.75536
1.46474
4.70626
0.384753
0.646398
0.53075
1.17598
0.645539
0.405897
0.390682
0.436585
2.49976
0.832284
0.88476
0.450044
0.749528
0.809351
0.042142
2.94723
0.581231
0.956545
0.347695
0.936204
0.723432
0.0274761
1.58134
1.10955
0.334376
0.0309432
0.107191
1.20831
0.360844
1.26161
3.32156
0.140385
0.258785
0.686613
0.421829
0.161235
0.964256
0.0975248
1.24547
0.066795
0.241299
0.365456
1.57275
0.779189
0.0089384
1.57678
0.413096
1.88875
0.622527
2.27408
0.860292
0.298423
3.92524
0.424596
1.45046
0.522361
1.15714
0.120745
0.202901
1.18765
0.95306
0.93082
0.0743383
0.06691
0.996606
2.33681
0.075142
1.35178
0.726774
0.406255
0.0371348
0.309536
0.475328
3.55411
0.445394
0.442196
0.247103
1.10683
2.50761
0.618494
0.983363
0.312915
0.102737
0.34891
0.114635
0.144958
0.116033
2.86839
1.51081
0.113222
3.27244
0.269511
0.863831
0.309988
2.68038
2.88558
2.01826
0.199279
0.945708
3.24399
0.569742
3.63139
1.04728
2.18162
0.259564
1.6954
1.04222
0.680483
0.871948
0.369953
1.44733
0.429404
0.731586
0.48342
2.62351
1.04968
1.33129
0.639999
1.85195
0.00559224
2.05439
3.23561
0.0224454
2.09529
0.304862
0.825879
0.659763
0.932332
0.0384319
0.103929
1.6428
1.90885
0.426938
2.00332
0.947546
2.07373
3.79586
1.59998
0.887603
2.58918
0.567687
0.351234
0.0209705
0.130999
1.39454
1.18299
1.41487
0.198745
0.400581
4.00474
4.11089
0.438842
0.872434
1.87837
1.25301
0.994232
0.743691
2.86098
2.86849
1.0157
1.16071
0.769305
1.66342
2.089
0.0426603
0.414825
0.743878
0.995304
2.54817
3.64981
0.17458
0.581403
1.28482
1.71227
1.06594
0.374327
0.420522
4.67389
0.799414
2.34634
4.08646
0.159436
0.274585
0.173705
0.951908
0.512857
0.195707
4.37269
4.13955
0.687489
1.23662
0.365933
1.04088
4.29629
1.09468
1.49877
1.39656
0.802215
1.74586
0.84122
0.0487682
1.78715
1.23938
0.52861
0.010605
2.10626
0.440027
0.934628
1.47229
0.130341
1.61422
1.32915
0.59159
2.83183
1.13983
3.91435
2.88369
0.492853
1.25712
1.14341
1.54275
0.817601
4.6762
0.446483
0.0499269
1.32992
4.1056
0.557633
0.420662
0.997548
0.854832
1.53932
0.798697
0.803269
0.142267
1.55749
1.35841
0.775452
1.03376
0.625278
1.1671
2.21485
0.492833
1.21935
0.227365
1.38277
0.46764
0.475953
0.548955
1.6499
0.737269
0.206854
0.165836
2.00465
0.176947
1.18107
0.682064
1.31053
1.31433
1.13994
0.0236352
1.01737
1.23815
1.88349
0.309814
0.210838
2.24113
0.458706
1.76721
0.289355
0.253311
0.0878495
0.370724
0.14108
0.0423563
1.13117
0.869514
0.929425
0.0128873
0.15063
1.55255
0.535081
1.4222
3.43002
1.28288
0.323791
1.90066
2.11097
0.50303
0.125957
0.121055
0.223344
0.925466
0.392254
1.51977
1.20993
0.023497
1.6171
2.44252
0.306066
0.690849
0.236362
0.797599
1.3772
0.593662
3.48488
0.496869
0.822851
2.31452
1.3035
0.713308
0.11699
0.104447
1.15009
4.51423
0.621012
1.14451
0.0431369
1.35686
0.846773
0.641227
0.635811
0.825716
0.350891
0.346944
1.19128
0.173375
1.1843
2.28279
0.668737
0.34735
1.06172
0.600219
1.53926
0.986905
0.757978
0.257647
0.295622
1.02755
0.00451968
1.11394
0.454653
0.8439
1.07025
0.854531
0.218611
3.08835
1.69315
1.14034
0.987308
0.129707
1.47484
0.556983
1.14896
1.71215
1.34887
0.033653
0.487752
1.28486
1.2515
0.501844
0.468207
2.33141
1.39679
0.348169
4.91841
0.0378051
0.477813
0.608821
0.206833
1.76553
0.897972
1.68293
2.76766
0.275241
1.34883
1.91787
0.614477
1.23932
0.429478
0.782439
0.0969492
0.140289
3.28018
1.43198
0.819118
0.143183
0.878767
0.463247
1.75037
0.0249646
0.599092
0.760773
0.729049
1.65259
0.0262975
0.314337
0.0293464
0.204954
0.799379
1.08596
0.102823
1.15896
0.752149
2.69898
0.676448
0.578382
0.932877
1.09229
0.161709
0.116988
1.4866
1.4381
0.0267682
1.4367
0.119641
1.51618
0.0729876
0.787584
3.30633
2.05813
0.259233
2.59943
1.46398
1.90732
1.36954
0.825436
1.06328
0.318486
1.94866
1.52253
0.55051
1.5871
0.580594
0.120683
1.67309
0.971625
0.614036
0.608051
0.100435
2.46725
1.58071
1.02653
0.161495
1.55778
0.037322
0.850626
0.785079
1.37714
0.352868
0.332463
2.23237
0.0774869
0.456044
1.26126
0.222667
0.396615
0.54779
0.410179
0.268031
0.167659
1.89539
0.786481
1.13943
0.89218
2.79684
0.281192
2.39166
1.6659
1.2488
0.565469
0.83798
0.207587
2.09614
0.950702
0.86551
0.108614
1.56852
0.136013
1.10092
0.230192
0.0518869
0.296372
0.062834
3.72765
0.180372
1.2338
0.80291
0.230117
0.153767
2.46456
1.28674
0.38152
0.654751
0.139443
1.88074
0.908033
2.59015
0.125905
2.39067
0.166237
2.78616
1.70786
0.589041
1.06096
0.469059
1.18988
1.06105
0.0807421
0.966703
0.182145
0.887915
0.621506
0.187396
1.0583
0.941513
0.0687835
0.099044
0.361605
1.01517
1.36982
0.453987
0.755618
0.978706
0.913013
0.0820022
0.34469
0.237183
2.06195
1.91599
2.93435
0.202138
0.591201
0.354311
1.65023
0.469806
0.518804
1.27997
1.66148
0.998971
1.00836
1.08299
0.702331
0.859406
0.279901
0.712064
1.00484
2.41355
2.27022
0.454989
0.773054
0.123061
2.14256
3.26931
0.813728
0.536476
0.586548
1.00307
0.303636
0.0982157
0.418031
5.20414
5.00762
0.751933
0.103778
0.531615
1.35551
0.00334792
0.210921
0.236853
0.46616
0.453074
1.16213
0.862126
1.04877
0.51675
0.701862
0.884556
0.14465
0.397903
0.205728
2.73256
0.117144
0.6046
1.60325
1.23386
0.0549806
0.251432
0.456113
1.05549
0.454012
0.695805
1.67476
0.3775
0.0451306
1.63139
0.995031
1.00691
0.693991
0.465886
0.857421
1.67969
2.18048
3.31542
0.455211
1.67034
0.166596
0.795412
0.522135
2.72716
1.44786
4.07679
0.633552
0.371728
2.07928
0.00516849
0.533383
1.19833
0.172829
1.31216
1.20311
0.0800554
1.91313
0.14945
1.0986
0.7411
0.665178
0.0647999
0.243314
1.01948
1.97241
2.67277
0.719215
0.577897
2.21513
0.237493
0.0447142
0.52118
1.16045
0.315775
0.626103
0.117531
1.66442
0.692375
0.334001
0.178769
1.71942
0.230244
1.5332
1.15873
0.410128
0.416673
1.01378
0.292267
3.42297
1.55573
0.229964
0.37508
4.07414
0.187811
0.307816
0.369397
1.83155
0.17869
0.389495
0.961331
0.290625
1.23818
0.156086
0.468903
1.83625
0.794828
1.90417
0.514734
0.412729
1.39066
2.24832
1.37252
0.741417
2.16357
0.550359
0.455594
0.642611
0.83263
0.820224
3.08086
0.267596
0.0634056
1.09334
1.46059
1.41802
2.61355
0.0420322
2.64705
0.00732204
1.81592
0.0985959
0.959272
1.70555
1.50056
1.34609
0.986159
1.06684
2.16771
1.98266
0.22454
0.508883
0.902006
0.814045
0.11912
0.0767606
1.1953
0.749847
0.853189
1.78362
1.10501
1.06275
0.6115
3.81302
0.709142
2.23137
3.26098
0.636776
1.08511
0.3887
1.16171
1.51035
1.99644
0.684653
4.1835
0.537733
0.0831524
2.76489
0.603895
2.10051
4.3097
0.819395
0.0654387
0.410163
0.909181
0.389781
0.152882
0.660137
1.10123
0.131108
0.550387
1.85945
0.800814
1.7251
1.14412
0.0639731
0.110549
1.16881
1.29928
1.21917
0.423145
0.101537
0.64281
1.15835
1.52507
0.00345079
0.744004
0.226718
0.0146787
0.0579154
0.812865
2.75915
0.35157
0.82713
0.592345
0.217341
1.42268
0.479423
0.468033
0.833979
1.93565
0.130368
0.458772
1.47578
2.03454
2.04712
0.464368
1.9941
0.107571
1.68304
0.944602
0.0467451
0.184478
0.359491
5.25837
0.963017
1.92246
0.77429
1.20199
0.464278
1.74893
0.904615
1.03227
1.07347
0.526622
0.0162204
0.138469
0.261806
0.250773
2.79832
1.02301
0.351978
0.148922
0.354116
0.218916
0.228658
0.519862
0.00484375
0.419757
0.632517
0.2762
1.06435
0.00525352
1.48206
1.0056
0.916688
0.196499
0.0494486
1.5079
0.745014
0.623029
0.227201
0.634618
4.15713
0.849815
1.19149
0.422295
1.24725
0.362783
0.730498
3.69508
1.03598
0.708247
1.04457
0.113352
0.18559
3.12326
0.54524
1.12196
0.903803
1.50699
0.097636
0.414315
0.824264
0.614322
0.154066
0.136656
0.213932
2.27445
0.259368
0.0284276
0.438166
0.752017
0.64577
0.244909
0.138938
0.0500446
1.18773
1.16418
0.487934
0.445099
1.11269
0.802878
0.789523
0.730664
2.30314
0.0880192
1.61344
1.6291
0.890298
1.4902
0.279617
0.86981
1.32403
0.272336
1.84963
0.187863
0.32788
4.26879
1.12262
4.41109
0.456697
1.57459
0.317306
0.0553819
0.248564
0.00157772
1.3724
2.14324
0.194968
0.923438
0.180274
0.40311
1.05291
1.26335
0.883293
0.280117
0.560094
0.294836
0.730793
1.57052
1.79803
0.656461
0.148303
1.51179
0.0468479
0.135206
0.561548
1.08389
1.09303
0.0584861
2.63731
0.864495
1.50164
0.799879
1.10727
1.4729
1.77631
0.708377
0.654578
1.59508
0.171181
1.22774
0.213031
0.0468338
1.15614
0.161401
1.04391
0.148201
3.5831
2.52216
0.772262
0.86414
0.150733
0.869267
1.16362
4.70743
0.584298
0.250102
0.223864
0.972641
0.261169
1.38921
0.0575768
1.27574
0.00969451
0.285758
1.6086
0.763767
0.747884
0.00211311
1.70502
1.56787
0.661965
1.69418
0.521356
2.6245
0.336059
0.1175
0.131856
0.212633
0.462811
1.9482
0.707989
0.0726475
0.122557
0.594361
0.61531
2.75741
0.557155
1.73652
3.53851
2.92227
0.0504337
0.87973
0.430127
0.391362
3.05297
0.110959
2.29007
0.363223
0.178896
2.38369
1.55329
0.0626228
2.37792
0.81201
0.676199
0.696005
0.455529
0.124656
0.036199
0.514565
1.53531
1.68193
3.30621
5.03324
0.935662
2.01414
0.501238
0.0123657
0.159736
1.34082
0.159718
2.84957
1.00944
0.248767
0.36096
0.506771
2.48105
0.0276264
1.29048
0.821469
0.510276
0.125844
0.596884
0.630842
2.05169
1.83433
4.22972
0.832919
0.625657
0.89323
1.17018
0.0389101
0.49534
0.107051
1.21274
0.506936
0.182448
0.0932808
0.37917
2.46303
0.197309
0.0610441
0.0479202
1.27583
1.81254
4.40395
1.0805
0.907761
1.16679
1.04015
0.717921
0.148326
0.23421
0.0575366
0.183955
0.849706
0.0383784
0.244534
0.812454
0.0461597
0.0701864
0.716351
2.03435
1.24583
0.800328
0.382766
0.068777
0.0883337
0.449281
0.153031
1.30217
0.387904
0.761137
0.393772
2.08857
1.45503
0.405924
2.42198
0.70509
0.0735474
0.846071
3.53999
0.411321
0.701434
1.38766
0.638392
1.15875
0.239381
0.754536
0.084428
0.581343
0.756022
0.0295255
0.0608815
0.839708
0.300793
0.618521
0.202314
0.150471
3.50862
2.99456
0.463281
2.33724
0.982026
2.22769
0.0433932
0.479613
1.16113
1.34745
0.247059
0.493591
0.969489
0.491477
1.06269
2.2973
0.60931
0.884035
4.41089
3.78231
1.03188
2.39534
1.40448
0.0498265
0.669947
0.105499
0.282413
0.305554
0.544774
0.323121
0.676201
1.99253
0.469565
2.25361
0.260044
0.296056
1.29085
0.0771018
0.844754
0.167867
0.152099
0.362902
0.428557
0.684249
0.169439
0.648664
2.15453
1.26189
0.291063
0.29441
0.479021
2.22074
0.258039
2.06608
0.569487
1.30317
0.17097
0.809811
0.785522
1.29267
0.391169
1.23222
0.201745
0.0652951
0.279591
0.274059
0.367635
0.00893173
2.02514
1.26731
0.478285
0.947323
2.99425
0.238059
0.588353
1.87854
0.616317
1.04911
2.15032
1.32698
0.189066
0.207494
0.936992
0.891304
1.14444
1.158
0.00563699
1.2031
0.129291
2.52411
0.697988
0.461869
1.53398
0.113299
0.753947
0.49089
0.353535
1.76154
0.937164
0.15672
0.801122
0.225917
1.12985
0.99433
0.484109
0.67291
0.427949
0.803031
0.300983
0.143527
0.0355399
0.428833
0.704791
4.28427
0.864325
1.45987
2.11722
0.396205
1.29151
0.161132
0.82956
1.62249
0.442892
0.157192
0.501303
0.011635
0.583428
0.182891
0.117731
2.12344
0.0592482
1.05782
0.640964
1.52567
0.494106
1.87688
0.997138
0.719703
0.0800543
0.0894334
0.91217
0.673854
0.958215
1.84723
3.64301
0.0498612
1.08133
1.09944
0.232094
0.470833
1.46394
0.668053
0.222922
1.74372
1.0151
3.30008
0.555061
0.200146
2.20673
0.197581
0.130318
0.541012
0.306629
0.0580087
0.784317
3.32819
0.755094
0.998042
0.591394
0.11895
1.61218
0.952368
0.719594
0.708284
0.172311
0.271622
0.859751
0.78381
2.77069
2.0997
0.639561
0.952029
1.04358
1.49672
2.20453
1.06902
1.40368
1.08883
0.771007
0.10957
0.582604
0.408112
0.849723
0.779871
0.729092
0.270817
2.90635
0.099464
2.46225
1.24458
3.82891
0.330984
0.364694
0.442015
0.0195314
0.0734193
0.536714
0.825358
2.06623
1.34282
0.222905
2.63139
0.465652
0.451642
0.679378
0.375665
2.67561
0.160806
0.897627
0.739954
0.332201
3.7743
2.52703
0.321581
0.469649
0.822749
0.0308349
0.78566
0.291667
0.205809
0.300708
0.638117
1.4965
0.677574
3.07626
4.43692
0.50729
0.00957631
3.14546
0.743926
1.16961
1.15088
1.15844
1.09441
0.716218
0.78051
0.228613
0.485635
0.032151
0.846064
0.0921518
0.356419
0.555842
0.187222
0.195097
2.12461
2.42966
3.64647
0.544966
0.213531
0.928542
3.27905
1.01566
2.37762
3.80392
0.918697
0.142314
0.0772879
1.54632
2.53458
0.468635
0.951067
0.296266
0.270653
0.820498
0.549619
3.80734
0.600103
0.632305
0.199942
3.22864
3.00828
1.6075
1.70852
0.0663023
0.177177
4.12087
1.20319
1.44725
0.357456
0.573363
3.01918
2.66297
0.144734
0.364775
0.289103
1.12694
0.457816
0.219549
0.813452
0.0829982
3.46734
0.109615
0.917717
1.50691
0.603397
0.142101
3.85548
0.638432
0.342922
1.0347
2.09747
2.11889
0.715488
0.638654
0.0994401
0.790307
3.00905
0.0381775
0.3382
0.462041
1.44938
2.6279
0.130392
0.262877
2.32699
2.2691
0.299332
0.625763
0.837572
2.35384
0.311168
0.133939
1.08581
2.04232
0.622703
0.56336
0.376736
1.75432
0.36052
4.68331
0.500477
0.723848
2.0796
0.44161
0.239695
0.896287
5.23622
0.232305
2.9078
0.0922756
0.6088
0.935312
1.79041
0.0537763
1.63487
2.51113
1.14031
4.00112
0.173529
0.182851
1.23943
0.420628
0.669033
0.269682
0.934348
1.36187
1.28132
1.54489
1.69837
2.15316
0.095298
0.0693221
0.221215
2.36133
0.238985
0.0559873
0.507892
2.74792
0.581786
2.29669
0.406214
0.198419
0.59461
0.382378
0.906996
1.3082
0.602175
0.22927
0.0548521
5.94002
0.315834
1.33619
0.444896
0.427216
0.785914
6.83067
0.268867
1.69638
0.208702
1.12321
0.531514
1.65925
0.0965028
0.825791
2.7478
0.18827
0.145673
0.106429
0.760211
0.117173
0.164477
0.402149
2.57159
0.0108795
0.0141363
1.37963
0.0128071
0.408387
1.25555
0.79244
3.16169
0.777224
0.326822
0.430038
0.0489968
0.532632
0.587086
0.492503
0.721243
0.684926
0.137169
0.626093
1.56731
0.83809
0.249038
0.0150452
0.0528947
0.800823
1.79174
0.153016
0.0538149
0.0883304
2.52146
0.236074
0.620325
0.525817
0.525508
2.66893
5.57799
1.01368
0.856144
0.163311
0.0914209
0.030266
0.19784
1.08631
1.63632
0.102157
0.797162
0.213737
0.975604
0.533907
1.84138
1.54569
0.0290524
0.711776
0.615667
0.785925
0.430868
0.487775
0.414019
0.0716787
0.375194
1.2493
0.567321
0.213084
0.56799
2.61334
0.360104
4.28632
0.442889
3.66982
1.46409
0.73793
0.75314
1.3355
2.1811
0.305971
0.325276
2.48474
0.344439
1.31294
0.967973
3.09774
1.05731
1.11488
0.0760994
0.0524683
0.808118
0.366382
2.02585
0.236066
0.900556
0.564072
1.00943
0.295222
0.999962
0.996221
0.399174
0.802425
0.925579
0.45004
0.914048
1.13639
0.687278
0.0830388
0.973665
0.200103
0.702571
0.347603
0.603612
1.32536
2.55689
2.21769
0.0760346
0.512837
0.381643
0.143516
0.90016
0.0946176
0.675097
0.710905
0.640278
1.219
1.12223
0.737631
0.616203
2.14196
0.935162
0.148852
0.510289
0.76576
0.220634
6.20686
0.81383
1.33779
0.558344
1.71132
0.0473876
2.25047
0.300743
0.289576
4.46964
1.01881
0.368314
0.614898
1.12067
1.18259
1.84333
0.186255
0.18859
0.179319
1.46348
3.6422
0.20746
0.730807
0.206999
0.16252
0.90472
0.196494
0.0361359
2.89972
2.10945
0.409732
0.914503
0.542368
2.29574
1.19682
4.17177
0.0327175
0.143861
0.80216
0.10891
3.79747
0.147342
0.382705
1.41723
1.43032
1.75291
1.66282
1.26329
0.222501
1.91363
0.433739
0.612629
0.30613
0.277851
3.24104
1.72363
0.0925582
0.853901
1.00468
0.167109
0.0686423
1.15786
1.15896
0.72643
1.4342
0.642669
1.69153
2.59612
0.0825415
0.531349
0.631637
3.61088
1.70427
0.325199
2.54171
2.24345
0.925556
0.241246
1.446
0.840214
2.60896
0.0401638
2.50157
0.0514367
0.439001
1.93743
0.811224
0.0765917
0.2252
0.114427
0.141051
0.323103
0.321084
0.930466
1.45706
0.404907
1.31276
0.708399
0.589163
0.237202
0.248634
0.459232
0.629234
1.27782
3.43427
0.0475481
0.541177
0.826407
0.750081
0.415606
0.243078
0.241728
1.00662
1.37438
1.19787
0.0974513
2.05055
1.33247
0.627827
0.13754
0.293962
1.03261
0.551078
1.86181
2.07594
2.86262
0.710993
0.697057
0.655449
1.06624
1.10843
0.176703
0.686108
0.585953
0.11563
1.22578
4.97123
0.0715517
0.588726
1.50898
0.441694
0.0474752
1.2113
0.159677
2.42914
0.225355
0.257521
0.962746
2.01033
0.378681
1.5432
2.39783
0.511966
0.0228066
0.920308
0.0237367
0.334003
1.06347
0.00357645
1.92191
0.563031
2.37245
0.195526
2.33827
1.10787
0.291597
0.349399
0.0490344
0.765764
0.349248
1.04433
1.26094
0.0606806
0.0103812
0.667847
0.544835
1.63083
1.58662
0.938313
0.442108
0.181244
1.22512
1.19815
0.341635
0.42836
0.272845
0.816479
1.77054
0.543148
3.20089
0.0374572
1.70522
0.00782712
0.408368
0.471808
0.107506
0.241001
0.0327727
0.260833
0.789795
0.212509
2.69403
0.72317
1.31816
2.3596
0.242597
0.0251094
3.02731
0.508926
0.493922
0.138031
1.36859
0.3063
0.49184
0.69033
0.636173
0.235275
0.360736
0.581584
1.63117
2.16021
0.545732
1.33121
0.82574
0.388865
1.2302
1.39467
4.42325
0.452644
0.371372
1.42025
0.309748
0.865329
4.37363
1.203
0.56476
2.85014
0.510698
0.042524
0.282537
1.81857
3.62932
0.940676
1.25722
1.47166
0.963483
0.67451
0.738762
0.026267
0.227354
0.105773
0.249979
3.46314
0.714448
0.409202
0.0389336
1.4617
2.81234
0.63746
1.10951
0.243335
1.65371
0.0693124
1.54403
0.856516
0.512324
1.84478
1.47914
1.42128
0.657755
0.269446
0.744592
1.42916
1.10753
0.704721
0.329068
0.539786
0.838993
1.36297
0.0903521
3.69961
3.58065
0.747216
1.81132
0.582291
1.04139
0.0641945
3.01255
0.816414
0.519898
0.251055
1.33678
2.16768
0.840545
1.38808
0.114699
1.34636
1.56079
2.07736
0.233915
0.835059
3.24687
0.904727
0.31942
0.194744
0.100472
1.36294
2.35522
0.95655
0.208463
1.28208
0.283449
0.298963
1.89894
0.328513
0.194084
0.17413
1.23387
0.140333
1.00552
0.203445
0.101091
0.355639
0.161302
1.26891
0.360374
0.285795
0.266702
2.46811
1.56023
1.75631
2.06587
0.865178
0.351349
0.397414
0.223972
1.46774
0.0768678
0.363082
1.10149
0.850105
1.61681
1.50122
0.825532
1.09307
0.811738
2.48369
0.451568
0.646767
0.0273175
2.00899
1.86255
1.66721
1.00582
2.6992
0.539192
0.818059
3.6789
1.04628
0.520551
0.00860636
5.88044
0.12654
1.60265
1.2052
0.301927
0.53734
0.955366
0.981498
1.18888
0.783118
0.233886
3.1386
0.541409
0.709913
0.303654
1.70539
1.06024
0.511086
0.659044
0.601144
1.91455
2.70341
0.631859
0.912215
0.145634
1.93667
0.0762155
0.0677022
0.931156
1.93743
0.00969968
3.02081
0.724054
0.42268
0.194913
0.719685
0.318404
1.51962
0.240602
0.506246
1.31967
0.297971
0.635345
0.131074
1.51711
5.15417
0.939011
0.108058
0.0255828
0.715957
0.66751
2.07505
0.359131
1.17838
0.151988
2.99907
2.58272
0.124734
0.56383
0.0971369
0.365732
0.139017
0.155358
1.82967
0.105984
0.809139
1.08121
0.856454
1.21827
0.0759594
0.333107
2.26666
0.522368
0.684889
0.254615
2.20793
0.144961
2.17657
0.550706
0.308597
0.584069
0.282659
1.02382
0.0854108
1.4965
1.09654
1.52894
1.19803
0.106162
0.145026
0.991212
0.124241
0.764861
4.52283
1.90371
0.29357
2.42358
0.024296
1.20463
0.0208184
0.179872
0.0711894
0.383265
0.118788
0.701267
0.110163
0.495964
2.06882
1.29818
0.467637
1.47948
1.22223
0.274826
0.23416
0.699048
0.889105
1.97269
0.134028
0.0508401
0.238135
3.15982
4.83045
3.51094
1.2849
0.875362
0.660559
0.0138831
1.43147
1.9464
0.724256
2.54456
0.621089
1.43373
1.18153
0.0535986
1.08797
1.86349
0.0214396
0.151671
0.466329
0.0272563
0.00990353
1.72758
0.568959
0.0983292
5.11336
0.59658
0.734199
1.20093
1.57785
1.17515
0.578149
0.289396
3.67188
0.7923
0.15662
0.343728
1.78083
2.47429
0.887112
0.798935
0.0349816
0.784164
0.229354
0.413862
1.06925
2.31707
1.13426
0.110731
0.371578
1.57913
1.67095
1.13738
0.534953
1.95056
1.27536
2.23981
0.830849
1.32325
1.87002
1.84455
1.09545
1.79111
2.08904
0.389503
0.434629
0.170383
1.94421
3.9385
0.557677
0.626181
0.667299
1.95277
0.0799252
1.79164
1.40659
1.17249
1.23217
1.7451
0.112484
4.28603
2.77436
0.698538
1.34116
0.198964
1.79604
0.619206
0.540199
1.29515
0.961793
0.0925329
0.552941
0.85905
2.92787
0.180875
0.63195
0.0720581
0.513704
0.699224
0.255389
0.981484
0.240613
0.0880456
1.46772
0.0606719
0.458103
0.919145
1.03067
1.38833
0.707252
0.913689
0.608203
1.35475
0.341833
1.2921
0.466866
0.330109
0.859011
1.97033
3.24048
3.06111
2.96447
1.98843
1.89229
1.30716
0.11171
0.0490785
0.578523
1.47702
1.10566
1.17641
0.237677
0.274075
0.548035
0.301043
0.750245
0.907425
0.0966703
1.32489
0.790638
1.43328
0.11659
0.693294
3.32091
0.0519468
0.569452
0.669167
1.25914
0.12509
0.367896
0.570915
0.0581247
0.499992
1.60337
1.21658
0.102119
2.95026
0.0504186
0.754512
0.0510528
1.45397
0.651626
0.0104885
0.138901
0.690435
1.13654
1.43572
0.0310786
0.577257
0.969736
1.46751
1.25983
0.539752
0.0819494
0.528925
0.219577
0.278567
0.132418
0.572885
0.233803
0.0697572
0.248112
0.497791
0.0417141
0.932797
0.229272
1.46892
4.3005
0.607318
0.52496
0.332492
0.33925
3.72858
1.14684
0.00119663
0.616882
0.871291
0.660886
0.740296
0.359994
0.0365414
1.28735
0.705566
1.24538
4.07837
0.223993
0.404296
0.0821837
2.1309
0.779337
1.12653
2.93338
0.405038
0.0640749
0.926006
2.58393
0.325025
0.405066
0.674915
0.573804
0.337776
2.93477
0.595904
0.665889
0.338537
1.04696
1.71122
1.26641
0.280432
0.0476312
0.201752
2.11719
2.14267
0.3293
1.06765
0.577753
0.500413
1.77383
0.379573
0.428407
1.16283
1.53785
0.515124
0.60417
0.289916
0.0445348
0.937266
0.121102
1.21553
1.65642
1.97939
0.761179
6.02426
0.0869377
0.512541
2.0569
1.52122
0.692268
2.14742
0.468387
0.125448
0.694254
0.352379
1.38165
1.13658
0.65025
0.764973
0.671081
0.393909
1.86724
1.62635
0.596443
1.74836
0.106922
0.385779
0.00164635
0.402323
0.914835
1.49371
1.68224
0.480836
0.0407694
0.326351
0.504447
1.9045
0.760382
0.543024
0.0453933
1.70231
0.87242
1.67185
1.78584
0.262752
0.647165
0.236478
0.62098
0.0999611
0.703596
1.55584
1.5582
0.284088
0.250763
0.490381
1.87535
0.76865
1.92496
1.88491
0.682172
0.0135825
0.0265095
1.01357
0.115043
1.20215
0.747621
2.40933
1.948
0.656144
0.065506
0.327256
0.480128
3.36028
0.210133
1.06014
0.621791
1.44239
0.0475474
0.901082
0.573241
0.146129
1.33301
0.182889
0.80873
0.590924
0.254109
4.04734
1.49602
0.125266
0.273957
0.127119
2.29652
0.178424
4.11204
0.478733
1.28385
1.28988
0.186473
0.949874
2.76201
0.0328626
0.468035
1.41659
0.475516
1.56032
0.733965
0.510529
1.16352
0.0233612
0.0352386
1.03177
0.55227
0.115302
0.524948
0.392909
0.77836
0.0318522
0.243701
0.526062
0.543311
0.307713
1.35731
1.44769
0.270288
0.335742
1.99633
0.705706
0.62377
0.104602
0.844169
0.482398
0.136196
1.49743
0.0862905
0.0490519
2.47207
0.674512
2.1101
1.57424
0.128651
1.04724
1.18759
2.95833
0.193403
0.213238
1.56079
1.11576
0.939074
2.44615
0.0880722
0.502353
0.718179
1.41051
0.407245
0.672085
0.132241
0.625133
0.0294827
1.0516
0.417518
0.0337999
0.376669
0.420297
0.660133
0.229072
1.83187
0.0980979
0.604487
0.490603
0.130993
0.543013
1.4514
0.0453631
1.41261
0.0160443
0.314904
0.926933
1.84812
0.299907
0.890633
1.42935
0.331543
4.43441
0.481658
0.677141
0.534019
0.570711
2.05811
0.0399432
2.4308
0.84659
0.457519
0.511384
0.300178
0.326631
0.719985
0.913395
0.80407
1.78628
0.175678
0.305799
0.426406
0.0970887
0.308632
0.0325101
1.80025
0.633346
0.141617
0.473003
