0.834049
1.64336
0.580619
1.35644
0.538633
2.47387
2.4844
1.39255
1.43347
1.0927
0.873888
2.16156
1.21641
0.788992
1.27326
0.777782
0.643672
1.01564
1.22231
1.88036
0.761721
0.118207
0.777788
0.71886
0.408034
1.18221
3.83534
0.660019
0.245536
0.948735
2.28556
0.301239
0.728851
0.840138
2.09578
1.01244
0.536898
0.809427
1.27441
0.743534
1.64035
1.29504
0.41053
0.507809
0.547249
0.745842
1.04442
0.724493
0.605366
0.310181
0.805893
3.34341
0.522983
0.250754
0.594828
0.975003
1.2362
0.0401201
1.50054
1.28398
0.202451
1.89156
0.53526
1.23451
1.89774
0.42941
0.988784
0.671269
0.70247
1.46638
0.728781
1.52737
1.22317
1.20745
0.445484
1.50805
0.903883
1.48434
0.0930165
0.630413
0.463221
0.24536
1.55006
0.400307
0.13094
0.714889
0.550278
0.501026
2.7148
0.372154
2.58164
1.69098
0.856543
0.923899
1.25448
0.490568
0.993648
1.49797
0.259861
1.7446
0.206906
0.569428
2.34338
0.124708
0.712085
1.43972
0.572645
0.278634
0.727545
0.162564
0.573865
1.75432
1.7805
0.878164
0.497839
0.926874
1.42733
0.919744
1.47993
0.514397
0.516263
0.657198
3.46466
0.270341
1.74985
0.431016
0.44732
1.00225
0.0195213
1.08783
0.180823
0.681123
1.1967
1.76642
0.471626
1.56904
0.226778
2.6107
0.641879
1.69421
2.56951
2.01743
0.2485
0.490371
0.773549
1.63753
1.35265
0.221208
2.2249
1.30752
0.114377
0.7645
1.58026
0.399407
2.37337
2.40761
1.67695
0.253365
0.259422
0.895357
0.877156
0.891791
0.375317
2.35375
1.28071
0.810441
1.70787
1.10908
0.652945
3.53491
0.338684
0.9164
1.72796
1.01432
2.99138
0.947601
0.805801
0.443536
0.51504
0.528467
1.07391
0.985046
0.0595381
1.05872
0.467133
1.6105
0.736673
0.470282
1.08826
1.22497
2.62956
0.967874
0.756756
2.4426
0.714758
1.27615
1.50701
1.11337
0.276248
0.523793
1.17007
1.04794
0.56369
2.04497
1.31819
0.517709
1.01345
2.39958
0.210422
0.630189
0.146799
0.968114
1.22324
0.512673
0.735478
1.79265
0.321021
1.00446
0.347802
1.52146
0.318995
0.422545
0.436463
0.665399
1.19096
2.21279
0.574844
0.943951
0.530463
0.137483
1.21767
0.27991
0.194358
0.591772
0.494882
1.87454
1.77968
0.104329
1.2583
0.566368
1.0675
0.834618
1.06713
0.770125
0.483453
1.03872
0.865769
0.886754
0.784956
2.3738
0.068227
2.83807
1.36016
0.495144
0.255031
0.668327
0.753339
0.818584
0.216373
0.271628
2.16771
0.303085
0.34122
0.919895
2.03382
0.838086
1.12899
0.201835
1.01509
0.198033
0.873
0.732573
0.263638
0.280169
0.951865
2.59852
0.412253
1.2032
0.9683
0.987473
1.7192
0.390583
0.804526
0.638918
1.46259
1.27536
0.879769
0.549385
1.25493
0.905557
0.953173
1.07822
0.537817
0.251694
0.38545
0.161062
1.21553
0.535978
1.71503
1.06632
0.890966
0.764229
1.85559
0.559543
0.731448
0.75555
0.520066
1.1769
0.769251
1.70601
0.49702
0.703155
0.127145
1.59748
0.397286
1.50566
0.681998
0.427241
0.203269
1.26239
0.607259
0.219058
2.11353
1.28031
1.55487
1.59941
0.629208
0.263305
1.4549
0.835729
0.996324
0.761802
0.400409
0.623243
0.316414
0.714902
0.484882
1.14978
0.887907
0.779285
1.94387
0.613221
0.308443
1.79008
1.51088
0.855411
1.49479
0.99186
1.37217
0.2861
0.462482
1.13071
2.23601
0.568018
1.76095
0.662056
0.876156
0.120854
0.642501
0.889508
0.424768
1.64472
0.87484
0.796497
2.4308
2.09367
0.662411
2.0256
1.40495
1.74645
2.57532
1.78291
1.02511
0.861147
0.478251
1.02132
0.363006
1.10085
0.833984
2.44677
1.05822
3.00618
2.33427
0.465472
0.558377
0.89608
0.599402
0.840547
2.09389
0.551786
0.799437
0.398674
0.106633
1.27716
0.402407
0.857251
0.559411
0.410559
0.594076
0.447643
0.129296
0.549928
0.346324
0.845537
1.76427
1.14432
1.36238
1.14776
0.514637
0.082818
1.01865
1.13137
0.478527
0.77935
0.418422
0.564716
0.983541
0.797321
0.411424
0.354888
0.448287
0.405839
1.5372
0.321573
0.149278
0.972262
0.23307
1.74437
1.3523
1.35138
0.282733
0.311638
1.09476
0.311985
0.556444
1.43566
0.360553
1.69118
2.28306
0.540176
0.915494
1.49442
0.328979
1.12731
1.1311
0.306333
0.798379
0.626982
0.462905
1.52332
1.59761
0.680185
0.997634
0.862466
0.84778
1.5315
0.754191
2.62325
1.04192
1.78748
0.434337
0.342859
0.896638
0.431185
0.912505
2.66282
2.64519
0.244498
0.373678
1.19273
1.27026
0.692702
1.13869
0.582958
0.475168
0.669059
0.263487
0.785123
2.94054
0.412002
0.315155
1.09864
0.689888
0.180142
1.58077
0.37494
1.33227
0.921951
0.68196
0.280711
2.34805
1.85622
0.89414
0.958776
2.33144
2.12522
0.745162
2.41994
2.22052
0.536823
1.14093
1.07701
0.562684
0.347375
1.05798
1.64068
0.753409
0.725232
0.39487
0.537455
0.641388
0.46659
2.21621
0.703543
0.281308
0.244204
1.07559
1.38604
0.797548
2.0238
0.548018
0.188615
1.72023
1.0912
0.257042
0.255338
0.31901
1.71322
0.476713
0.188311
0.26556
0.943647
0.565851
1.42175
1.51078
4.36752
0.425626
0.918011
1.34883
1.87645
1.54852
0.734596
2.95925
0.257159
2.59198
0.634106
0.699649
0.580929
1.30209
1.13608
0.599455
0.244072
1.39425
1.08105
0.945363
0.678867
0.881783
0.831594
0.624136
0.660418
0.257772
1.81328
0.882484
0.90918
1.57107
1.06486
1.27884
2.52548
0.840124
0.691513
2.49897
0.453443
0.99608
0.804111
0.742026
1.54864
0.756961
0.591731
1.33693
2.15344
0.565465
2.33044
0.87523
0.695649
1.81802
1.47259
0.697128
1.49668
0.297357
0.701466
3.07819
1.23349
1.04784
0.622542
1.5166
0.471383
0.937236
1.33047
1.13266
0.22634
1.30827
2.38315
0.82688
1.39084
0.646345
0.152315
0.343126
1.69362
1.06074
0.310089
0.434828
0.669809
1.19365
0.600922
0.626601
0.202518
1.24524
1.61214
0.365986
0.544416
1.61255
0.77461
0.731722
1.0439
1.05874
0.306252
2.52435
0.376341
0.413124
1.62576
0.302626
1.20036
0.775029
1.11361
1.54584
0.494565
0.459487
1.02576
0.720613
1.10772
0.121545
0.573353
0.66615
1.31483
1.2753
2.4525
0.360309
2.28411
0.252717
1.52779
1.28
1.69438
1.06958
0.60213
0.63758
1.27204
1.88293
1.44688
2.03936
3.24483
1.80213
0.672053
0.637898
1.81715
0.823775
0.425434
1.54463
3.43914
0.397864
0.842849
1.25848
0.481716
0.286654
1.75804
0.386086
0.446551
0.373324
0.793985
1.72993
1.09323
1.97969
1.00612
0.661284
0.491657
1.41429
1.30084
0.252096
0.964729
2.62757
1.3129
1.53741
2.6841
0.777587
2.70178
0.638739
0.402265
0.401513
0.801733
0.941087
0.822068
1.39658
0.310299
1.09864
0.22791
1.69788
0.694065
0.501373
0.148515
0.432479
2.95617
1.85675
0.0823226
3.38798
1.74537
0.785429
0.168391
1.06522
1.30826
1.75852
1.05625
0.589528
0.735886
1.10984
0.477297
0.911652
1.06658
0.927469
1.28444
0.330726
1.10445
1.44145
0.761535
1.34545
0.639652
0.698283
2.5691
2.02747
0.599279
1.15706
0.139889
1.07
0.804391
0.238749
1.2207
0.91837
1.00346
0.40176
1.41946
1.18325
0.250588
0.792602
0.610388
0.739324
1.01917
0.267298
0.900935
0.49943
0.274943
1.7016
1.87597
1.05745
0.891895
1.41007
2.34995
0.356041
1.4214
0.914558
0.822237
1.24048
0.313829
3.68886
0.832572
1.47662
1.77349
0.774683
0.806696
0.401371
1.66546
2.81505
1.3603
3.07834
0.712739
0.68053
0.752347
3.1061
0.943764
0.402638
1.34505
1.05412
1.04223
1.43321
0.450361
0.198583
0.909359
0.905558
1.88105
0.489657
0.0193104
0.339924
1.3094
1.49083
0.945431
0.651333
0.973229
1.564
1.09824
0.496275
0.417963
0.182761
0.57772
1.02049
2.20454
0.810824
0.145412
0.933574
0.0285691
2.35165
0.321526
0.929222
0.700859
0.375825
0.1224
1.83825
0.479155
0.88979
0.550991
0.456248
0.0141802
0.278017
1.14855
1.19156
1.42094
4.01965
0.18082
1.04181
0.998293
2.50741
1.39919
0.224247
0.772164
0.794138
1.46047
0.186736
0.243997
0.811982
0.535477
3.09503
1.08644
0.260448
0.144512
1.13936
0.619873
1.55255
1.44416
1.55521
0.775831
0.494932
1.15871
1.4172
0.712888
0.818978
0.645519
1.22375
0.749494
0.410707
0.847613
3.36004
0.231425
0.64968
2.26498
0.243391
1.64038
1.76123
1.05846
0.488682
0.654795
1.63331
1.30999
0.624065
0.737681
0.271121
0.219296
0.845559
0.908743
0.40479
1.01999
0.573474
0.630555
0.24258
0.785194
0.204288
1.33384
1.45673
0.245184
1.22755
0.397756
2.4729
0.993331
1.403
0.748042
0.192056
0.222419
0.396825
1.46236
1.37448
1.12027
0.184043
1.01788
0.456577
0.653894
0.319919
0.811683
0.467705
0.18926
0.99428
1.11475
0.944936
1.76041
0.565448
3.53532
1.01392
0.761855
0.762105
1.30343
1.55771
1.55882
0.200931
2.17238
0.622698
0.988652
0.22834
1.37503
0.465487
0.337452
0.238663
0.835398
0.841023
2.32829
0.257632
0.584385
0.838624
0.577644
2.76262
3.87417
2.03377
0.474239
0.684838
0.221285
0.512998
0.336693
1.15346
3.1166
2.311
1.54831
1.68734
1.47277
0.23486
1.47027
0.219057
0.481392
1.74792
0.894529
0.379176
0.654971
0.484126
0.881101
1.70706
1.12143
1.5485
0.772023
0.386172
1.30802
0.405734
1.96235
1.79101
1.08086
1.00661
0.176966
3.28194
1.77265
0.168774
1.04706
0.428973
0.936201
0.777049
0.571974
1.24353
1.54779
0.857893
1.10674
0.890118
0.355431
0.128999
0.582282
0.537777
1.55215
1.06297
0.863442
0.736956
0.539604
1.48079
0.820596
1.6526
0.244396
0.377576
0.316936
0.183508
0.844849
1.96909
0.350854
0.913153
0.551559
0.55083
0.993019
0.712428
0.336974
1.19935
1.11406
0.960913
0.200193
0.317999
0.791425
1.83564
0.579456
0.826113
0.670766
0.494671
1.72685
1.14063
1.27781
0.406752
0.266357
0.212607
0.953092
0.720555
2.13432
0.517262
0.157268
1.27111
1.94866
1.04493
0.345155
0.360678
0.733651
0.592425
0.775307
1.26667
1.00785
0.351109
0.319496
0.587221
0.205103
0.162765
1.29716
0.221407
0.293386
2.17207
1.8925
1.8037
0.0250027
0.508917
1.0375
0.127014
0.664904
0.141598
0.551196
0.129155
0.867317
1.43826
0.202439
0.650184
0.774088
1.28737
0.967128
4.79067
0.850638
0.467637
0.379334
1.23274
0.743271
0.238111
1.26984
1.59926
0.458822
1.43003
1.44373
1.25329
0.920004
3.13044
1.68737
0.672273
2.25848
0.677108
0.599981
1.81183
0.905849
0.835018
0.937512
0.708437
1.5959
0.415952
1.23469
0.926387
0.087245
0.86036
0.474087
0.345908
0.238412
1.42367
0.562911
0.524647
0.36381
0.951858
0.9901
2.27544
0.927003
0.672372
2.17578
1.16364
0.576375
0.552135
0.807375
0.8041
2.7032
1.45854
0.450053
0.449101
0.845418
1.17431
0.533145
1.10002
0.585967
1.06614
1.12538
0.556591
0.130739
0.345137
0.370265
0.973207
1.55817
1.56666
3.59386
0.287734
0.60694
0.0286645
1.37501
0.235826
1.80456
1.3147
1.37028
1.14563
0.457838
0.40653
1.44846
1.00368
0.361604
1.93448
0.917767
0.381022
0.549217
0.632363
0.476846
0.193298
1.02775
2.1101
1.57019
2.70415
0.838149
1.28828
1.23871
2.78536
0.514153
0.802907
0.839429
1.43962
1.14728
4.07689
0.734175
2.15242
0.172846
0.382487
1.39371
0.551064
0.501221
0.565935
0.953098
0.72668
0.419662
1.6999
0.220185
1.30206
2.70727
1.13878
0.753948
0.639689
1.1575
0.648851
2.53535
0.450343
2.14428
0.352831
0.312602
1.60606
1.00849
0.924199
0.405146
0.233151
0.906932
0.555602
1.39589
0.790518
0.354779
0.971515
0.813456
0.37579
1.02438
0.694725
1.20701
1.11121
0.744044
0.647449
2.57731
2.649
1.41913
1.66736
0.58721
1.11772
0.414795
2.34519
1.06029
0.185581
0.214375
1.07213
0.697038
0.711126
1.07327
1.15439
0.713183
1.50106
1.93031
1.00689
2.47704
1.06076
1.0869
0.298042
1.28846
1.36931
1.72311
1.51505
1.17748
0.564206
0.84346
1.68326
0.860416
1.00742
1.3264
0.766061
1.94008
0.428799
2.09003
0.826194
1.09126
0.934094
0.640007
0.633822
0.435197
1.0102
0.439511
1.09954
0.248561
0.357936
0.94895
0.561919
0.750797
0.38013
0.365915
0.812182
0.58096
2.86057
1.13844
0.30663
0.790538
1.12641
0.532286
1.51411
1.96773
1.34499
1.35257
0.250585
0.734769
0.48119
0.6059
0.447866
2.47953
0.148075
0.21835
1.16984
0.88241
1.6438
0.68648
3.54671
0.757953
0.900582
0.064353
0.319019
0.642987
0.562334
1.37178
0.240965
2.44243
0.498872
0.793089
0.133528
1.23944
0.496961
0.149876
0.635058
0.423327
0.796493
0.9033
0.825375
0.965668
0.737519
0.619661
2.01264
1.54853
0.818397
0.115796
0.391234
0.171454
0.469482
2.20733
0.990619
0.788212
2.24567
0.190447
1.792
0.381428
0.388898
0.614453
2.9108
0.424015
0.923239
0.750503
0.373231
0.42881
1.28578
0.348195
2.60281
0.688687
1.76754
1.28052
2.02335
0.458823
1.53254
0.561062
1.32005
0.75281
0.530409
0.188656
0.999345
0.954035
1.19887
1.21488
1.72854
0.180465
2.3296
0.150238
1.50351
1.4067
1.57983
0.379814
1.49468
1.7246
1.8308
1.14073
2.26568
0.696609
1.51445
2.42557
0.194535
1.20581
0.280824
0.507651
0.829243
0.455637
0.786666
0.655858
0.613502
0.803485
1.80872
1.12827
0.761937
0.634742
0.0923399
0.955269
1.12333
0.300213
0.653867
0.707098
0.454324
2.03745
0.464489
0.510057
0.699213
1.58441
0.233746
0.160427
0.137573
0.648345
1.43559
0.383039
0.609659
0.735612
0.738846
0.661903
1.2905
0.216118
2.1375
0.674045
0.272052
0.69802
1.88175
0.890632
0.847072
0.905676
0.921719
0.431883
0.40205
1.03309
1.44072
1.47571
1.94985
0.31624
1.60291
0.368693
0.458784
0.744465
1.0563
0.701685
0.548841
0.7104
0.196047
0.434832
0.928156
0.994475
0.855862
0.926262
1.88974
1.1874
0.342146
1.64043
0.265291
0.231731
0.727903
0.405165
1.03966
0.980977
1.18028
1.54183
0.771867
1.17155
0.533374
0.72536
0.844932
1.20097
2.17156
0.988449
0.903822
0.492205
2.84869
1.56681
1.01941
0.733763
1.80921
0.858235
0.57298
1.68717
1.91627
0.432032
1.06478
0.129431
0.451962
0.257738
0.987719
0.530386
0.311712
0.219793
0.633973
0.155605
0.315571
0.432352
0.524388
0.327526
0.289625
0.840499
1.32912
1.79972
2.233
0.740307
0.142625
0.378969
0.902515
0.874118
2.13311
0.913645
0.9788
0.138006
2.00738
0.0991417
1.03089
1.69884
1.54168
1.41018
0.42562
1.10634
0.27905
1.06301
0.572342
0.0982451
0.131144
2.16907
0.195922
0.563737
0.851164
2.06341
0.291894
0.414711
0.233619
1.07186
0.435068
0.77781
0.458068
0.173526
0.50861
0.408511
0.851185
0.567572
0.4152
0.837136
0.615213
0.263068
0.428296
1.40492
0.257183
1.47965
0.724875
1.42539
0.991301
3.52711
0.218599
0.501806
0.480513
0.362557
1.4702
0.426236
0.597864
1.10703
1.19864
0.748749
1.681
0.91607
1.45829
2.67069
1.58637
2.9182
1.20978
2.08032
2.14257
0.329284
0.610925
1.25578
1.96372
0.37342
1.42608
1.25942
0.568712
0.251519
0.523302
0.568606
1.32663
1.55724
0.373662
1.19888
0.912364
0.805032
0.403603
0.718481
1.98558
0.651703
1.13201
1.16126
1.80551
1.98375
1.13867
1.48887
0.567711
0.787166
0.26461
1.1196
0.572147
0.812087
1.22433
0.397201
1.69461
3.23706
1.16342
0.841518
0.584119
1.52232
0.792672
1.23948
0.526936
0.376469
4.52727
0.641746
2.24449
1.1507
1.44262
0.69073
1.77821
1.62723
0.173814
1.54569
0.263681
0.230814
0.650144
0.702951
0.309441
0.0522022
1.72563
0.437197
1.27201
0.313631
0.813312
1.27551
1.60062
1.72219
3.64812
0.375014
0.854849
0.4359
0.168101
0.891192
1.14663
0.161695
0.556934
0.878981
1.98589
0.27648
1.47563
0.71167
0.280248
0.822526
0.874867
0.407133
2.2495
1.70159
0.30639
0.636187
0.670312
0.841081
0.380434
1.02321
0.77891
1.83719
0.812821
1.08807
0.226892
0.49631
0.768537
2.5401
2.06056
0.649669
1.3951
0.148604
2.61315
0.714889
0.841892
0.29272
0.784505
0.932616
1.58631
0.358472
1.55079
0.440886
1.37861
1.60541
0.736944
2.89585
0.262902
0.474332
0.603849
0.30283
0.909278
0.471589
1.43076
0.832698
0.720132
0.336446
0.224283
0.186018
0.688895
1.03656
1.96794
1.04899
2.01595
4.73745
2.86515
0.5493
0.999472
0.898029
0.435128
0.517021
0.204297
0.326937
0.929875
1.28677
0.878813
0.423187
1.34022
0.386764
0.786213
3.14246
0.95905
1.39277
0.18681
1.892
1.08661
0.670531
0.21461
0.384124
0.919324
0.790274
1.08941
0.672028
2.22589
1.89683
0.605318
1.23173
0.650269
0.0595562
0.465212
0.152744
1.73701
1.50409
1.03711
0.323844
1.58246
1.90629
1.52379
0.915971
1.32313
1.59368
2.01234
0.759827
1.35821
0.193374
0.403355
0.686768
1.61824
1.94398
0.780779
1.37269
2.88199
0.830215
0.116045
0.866272
0.374572
0.379408
2.21177
2.29021
0.60617
0.624852
1.21632
0.664084
0.0407187
0.853567
0.762216
1.57132
1.96323
0.997883
0.3001
5.2676
0.673604
1.3664
1.16662
0.630164
0.650002
2.24048
0.114086
0.203777
1.68983
2.10729
1.03069
0.923384
1.33553
1.6082
1.05883
0.27792
0.941251
1.98354
1.079
1.012
0.473808
0.115539
0.645863
0.376665
0.96031
0.643372
0.550035
0.440215
0.673546
1.24728
1.17355
0.625131
0.580645
0.959184
1.03526
0.8803
1.34841
1.23917
0.255629
2.01385
1.00905
0.157726
0.576245
1.0618
1.11375
1.54166
1.44136
1.99528
1.0986
1.26639
1.26924
1.12013
1.50215
1.07274
0.717528
0.616291
2.86845
1.37865
0.327509
1.42
0.0918199
0.085946
0.485639
0.0434269
0.994918
0.599734
0.327257
0.925708
0.798735
0.848637
0.88521
0.197677
0.26893
0.754154
0.379401
0.562986
0.215303
3.72332
1.55755
2.2974
0.843615
2.64513
0.593282
0.221909
0.57873
0.904106
0.514279
0.520348
0.550273
0.595365
0.262236
0.375574
0.56547
0.911155
0.529714
0.71364
0.719081
0.597014
2.59362
1.05725
1.27064
0.721942
0.353874
2.23045
0.333993
1.20327
0.728062
0.381524
1.17641
1.83233
0.726655
1.72827
1.86732
0.294072
0.352857
0.380178
0.857719
0.927964
0.762661
2.02924
1.82356
0.461208
0.445331
1.25883
0.778277
1.09613
1.3887
1.03204
0.42602
2.57432
1.09813
0.744809
1.37674
0.549913
0.684221
0.869759
0.794602
0.454769
0.606627
0.530132
1.33269
0.603656
2.38836
2.16694
0.903546
1.62759
0.971554
1.1142
1.39645
0.852633
0.630671
1.24372
1.13399
0.314842
0.898009
0.635391
0.94753
1.21663
0.563203
1.46952
0.110712
1.11012
2.83449
1.58871
0.712412
2.32975
0.477854
0.373242
1.31405
0.162979
0.697884
1.7168
1.03577
1.90774
0.808992
0.485891
1.81711
0.463302
1.34362
1.78909
0.104835
0.630934
0.56285
0.501045
0.534126
0.843613
0.770096
1.32259
0.310105
0.172213
0.544889
2.29375
1.52363
1.02723
2.58842
1.07516
2.17849
2.17589
0.705712
0.958168
1.91609
1.63501
0.615984
0.309484
0.38538
0.362054
0.239668
1.1231
0.187782
0.130443
0.548935
0.893108
1.10019
0.178103
0.870567
0.148517
1.65119
0.817304
1.70115
0.501868
0.873879
2.57733
0.157394
0.525527
1.34913
0.876433
0.880542
0.807182
3.13294
0.0928148
0.100858
0.979242
0.703772
0.192473
0.962304
0.429995
0.774335
0.417547
0.279213
1.23915
0.53361
1.99159
1.13578
1.42607
0.253006
2.02385
0.646724
1.07719
1.12918
0.0522878
0.645563
0.496146
0.788886
1.88286
0.494103
1.44334
0.620202
0.981715
0.28415
0.532826
2.04493
0.646695
0.0781199
0.634596
0.344925
2.70229
0.710591
1.79148
0.57688
1.02501
1.41356
0.727547
2.06773
0.872109
1.38978
0.490336
0.337361
0.359683
1.15003
1.36937
0.245773
1.17816
2.29404
0.625734
0.953428
1.86219
1.78707
1.5667
0.731019
0.323734
2.10012
0.0230551
3.19669
1.11187
1.70079
1.90275
0.477109
0.806968
0.545067
2.61732
0.0448734
0.613913
0.68077
0.913409
0.527091
0.702856
0.535321
1.23369
1.46909
0.515505
0.807814
0.609571
1.21943
0.491245
0.775057
0.776868
1.97583
0.179666
2.0252
4.39071
0.490227
2.46327
1.64547
1.0633
0.815266
0.475404
0.851557
1.03705
0.578827
2.32272
1.54087
0.995961
0.389434
1.27473
1.0404
0.672159
0.578977
0.886744
0.488759
1.63323
0.588138
0.732403
1.66006
0.971548
1.3932
0.376225
0.942697
0.380787
0.62449
1.21156
0.436921
0.594705
1.15312
0.456379
0.980787
0.720069
2.24713
0.892297
0.571096
0.124384
1.91096
1.00171
0.440801
0.254572
0.0486685
0.259635
0.0874361
0.354118
0.427231
0.880101
0.748408
0.554075
0.622898
2.51744
0.403169
1.66082
0.714314
1.01114
0.756085
0.750405
1.2281
0.13278
0.363869
0.647962
0.307583
0.471145
0.758041
0.94252
0.358748
2.38297
0.70407
1.56823
0.110044
1.63456
2.89757
0.622967
1.09443
3.17132
0.644492
0.940476
1.48415
0.563277
1.33505
0.150556
0.315775
0.272737
0.377216
1.38621
1.43296
0.509073
0.962572
0.493636
1.56227
1.17214
1.92104
0.778893
0.670325
0.714248
0.809416
2.35338
0.463166
0.777618
0.212917
2.16051
0.53047
0.144436
0.751717
0.19386
0.604644
1.51579
0.250817
1.75798
0.467399
0.769175
0.0651506
1.07205
0.402508
1.12032
1.16453
0.467544
0.594115
0.45704
1.263
1.29575
0.919905
1.09693
0.38662
0.724783
2.14031
0.887649
1.03834
0.325346
1.58652
0.717387
2.01319
0.397557
0.425481
0.283717
1.22893
1.31989
0.125815
1.25729
1.43415
0.764233
1.13443
1.26741
0.357009
0.581303
0.508858
0.276725
0.648784
0.466862
0.503863
0.78987
0.969637
1.03231
0.071246
1.2223
1.37653
0.784206
0.844869
0.673208
1.8037
0.362236
1.77255
0.700533
0.389535
1.01054
1.44362
1.02273
0.699983
1.43002
0.63046
0.937703
0.644216
0.613391
0.242118
0.836122
0.873302
0.54432
0.162656
0.341665
2.79497
1.68916
2.22895
0.614705
1.08363
0.997321
0.690588
0.416761
0.0960391
0.665352
0.135473
0.167891
0.322892
0.992201
0.591359
0.260902
2.00962
2.24358
0.591778
0.739765
0.219149
0.569985
1.02602
0.401548
2.20136
1.89985
0.398353
0.189953
1.20753
0.371326
1.3885
0.579669
1.70192
0.669432
1.50597
0.210561
0.758974
3.26447
1.3805
0.540577
0.207948
0.843111
2.90058
2.88404
1.36385
0.658105
2.2675
1.09465
0.0813399
0.810997
1.44573
0.985293
0.407181
0.905763
0.680447
1.87821
0.5999
1.06849
0.345198
0.222683
0.0536384
2.61978
0.76717
0.547069
0.473691
1.01528
0.842484
0.469386
0.330325
0.898254
0.0292384
0.513931
0.10187
2.25064
0.0816086
0.777415
1.29774
0.790598
0.742924
0.794181
0.46117
0.159633
1.72451
1.71596
0.315638
0.0745882
1.65724
2.06518
0.787418
0.760385
1.92072
0.753624
0.351772
0.375554
1.12072
0.272097
0.844202
0.335141
0.151394
1.51607
1.49498
0.478841
0.242351
1.66872
0.517409
1.10144
0.827199
0.272545
1.09356
1.02427
1.06721
1.75799
0.486504
0.56018
0.434201
1.23095
2.91116
0.56232
0.513726
2.17997
0.764057
0.783347
0.941219
1.65875
0.959049
0.354247
1.47649
2.11329
1.42825
0.290316
0.5855
0.184991
3.95156
1.63422
0.224894
1.45147
0.807337
2.06309
0.297233
0.166745
2.08457
1.55555
0.31536
1.52997
0.286224
0.159494
0.919381
0.623121
1.63709
1.28366
1.83569
0.507393
1.1178
1.05359
0.39097
0.457751
0.870063
0.484903
0.696981
0.628677
2.44656
1.51448
1.50582
1.56771
2.04232
0.365948
1.06514
0.0886112
0.219144
1.04062
0.545886
2.61062
0.87237
1.57751
1.58948
0.698874
0.522016
1.11078
1.2248
0.613518
1.51568
2.58435
1.6754
0.202484
0.706485
0.0925548
0.164242
1.81648
0.513229
0.510125
0.449054
0.279561
0.225398
0.0972926
0.893809
0.81853
0.137337
0.480759
0.958136
0.890845
2.15357
0.490218
0.309989
0.272378
0.59476
1.31596
0.577471
1.14276
2.00392
0.800172
1.11214
1.01337
0.0656749
0.264825
0.742527
1.18397
1.86752
0.270004
0.284491
0.714416
1.57931
0.694353
0.575867
0.639834
0.58008
1.11755
1.75792
2.03214
0.337016
1.20957
0.660851
0.870565
0.22203
1.65161
1.95143
0.242485
1.37623
0.793861
1.12656
0.785339
1.77735
0.632066
0.91566
1.18773
0.955354
2.23103
0.199001
0.366396
1.11332
0.271898
0.425612
0.44026
0.744933
0.298013
1.20349
1.58574
0.805306
1.64086
0.755671
0.721632
0.153479
1.26142
0.663648
1.06685
0.943725
0.321076
0.598579
0.339614
2.2868
1.03701
1.2746
0.639608
1.59038
2.21608
1.43426
0.58087
2.16284
0.208141
0.820577
1.34656
0.920847
2.04895
2.19704
1.13538
0.835423
0.421926
1.17962
0.461414
0.782949
0.593802
1.77787
0.629647
1.21613
0.388447
0.386916
0.593764
1.0317
1.60154
0.746442
1.04067
0.19066
1.8566
1.97543
1.87
0.564774
0.359851
0.422427
0.892249
0.822545
1.91197
0.621323
1.4486
1.66486
2.24634
1.45156
0.370394
0.144067
1.0837
2.36918
0.59972
0.735409
0.956539
2.01424
0.575286
0.661098
0.535065
0.580012
0.935611
1.76856
1.84308
0.325362
0.961501
2.45757
0.42143
1.14223
0.175922
1.60943
0.612528
0.467362
0.0645996
1.96875
0.239386
0.912133
0.600157
0.796912
1.374
0.744422
0.819074
2.61642
0.0516385
0.827832
0.994351
0.61079
0.517088
2.21521
0.264887
0.398949
1.93884
0.499147
0.639701
0.549291
1.91722
1.51589
2.27267
1.30696
0.103486
1.04065
0.117858
0.839461
1.85579
0.992506
0.075264
0.952203
0.380668
0.792407
0.100871
1.74795
0.800811
1.37761
1.80097
0.895958
1.17744
0.904013
1.80033
1.49186
0.213805
0.872542
0.846252
0.640483
0.257545
0.478351
0.717728
2.21128
1.04142
0.113336
0.760341
0.450392
1.72836
0.434758
0.282551
0.296728
1.51317
0.670883
0.625898
0.494904
0.779324
2.60649
1.96921
1.0298
0.476878
0.250596
0.357954
0.588056
0.773904
0.44779
1.25857
0.35563
0.692676
0.819537
1.9864
0.100646
0.546945
2.61794
0.921199
0.971419
1.12659
0.558504
0.667405
0.282093
0.749598
0.289227
1.59316
0.588437
1.58243
0.881348
0.906238
2.35641
1.21389
0.484126
1.85884
0.727033
0.604584
1.68388
0.762782
1.52068
0.697243
0.350791
0.325388
1.12957
0.677002
1.8036
0.0383015
0.978175
0.305363
0.433663
1.95221
0.706791
1.08536
2.798
0.319538
0.934361
0.610422
0.850764
1.3734
0.791014
0.350686
0.0568126
0.419637
0.977486
0.370172
0.1083
0.342929
2.32233
0.87114
1.35372
1.14143
0.662629
1.54918
0.617773
0.740504
1.3863
0.370209
0.927539
0.504255
1.52617
1.15003
0.587909
0.789987
1.07538
2.10282
1.07512
1.08648
1.33283
0.343113
0.237818
1.01215
0.90706
0.329327
0.653819
1.62263
0.830076
1.13325
0.483622
0.42161
0.530543
1.1112
0.104764
0.482038
0.451557
1.55361
0.898362
0.486424
1.33973
0.218741
1.1608
1.18365
0.740295
0.683182
1.26733
0.558374
1.0864
0.351722
1.28484
1.27384
0.470083
0.122446
2.50881
0.996187
0.780766
1.77442
0.382795
0.191761
1.73676
2.56396
1.38483
1.44224
0.915946
0.172124
1.69801
0.720154
0.559138
1.18557
0.79738
1.56029
1.81005
0.599388
0.820522
1.05254
1.4838
1.05945
1.23445
0.440626
0.808722
0.850764
1.6032
0.649905
1.1795
1.12657
0.053686
0.95615
0.394338
0.72133
1.93163
0.619677
1.60494
1.34887
0.165742
2.38507
2.05317
0.236565
0.819007
0.30438
2.14863
0.987267
0.376403
0.693766
0.776587
0.71847
1.28992
0.879891
0.473403
0.929471
0.144051
1.34994
0.4931
0.5093
0.980353
4.97631
0.201927
1.32336
0.522929
0.858064
1.0314
0.56707
1.03128
2.654
0.829391
1.57595
0.776319
2.19065
0.857013
0.408219
0.927619
1.2445
0.27404
0.784238
0.192251
1.36319
0.86157
1.86271
0.985145
0.465846
2.31762
0.655463
0.462502
0.750389
0.599065
1.39313
0.72315
0.543386
1.0631
0.20763
0.794215
1.1314
0.637012
0.256486
0.991019
0.216054
1.44867
0.9711
0.582468
1.98715
0.757607
0.54559
1.00783
0.817582
0.447685
1.34884
0.991512
2.22054
0.281418
1.14109
0.440965
0.494796
0.891379
1.212
0.0933859
2.27292
0.0686839
0.201292
1.27927
0.839885
0.483494
1.41484
2.0724
0.174255
0.350661
0.838851
0.929724
1.81627
0.358115
1.56374
1.23986
0.817154
0.390848
1.06047
0.147226
1.98923
0.474827
0.584189
1.0169
1.22764
0.868478
1.02187
1.10833
1.19513
0.646579
0.0477091
0.788101
0.683483
0.176259
0.235274
3.03729
1.25458
1.7999
2.62481
0.580315
1.31741
1.28942
0.407315
2.21956
0.247368
0.493413
0.395505
0.953726
1.15626
0.2333
1.57135
1.08224
0.791173
0.612968
0.66219
1.08132
0.751161
0.555525
0.705795
0.102649
0.615623
0.144758
0.960299
0.319092
1.74085
0.0658364
1.05568
1.49363
1.86541
0.776199
0.486001
0.42798
0.290583
0.872432
1.30777
0.519626
0.498597
1.6215
0.817297
0.785556
2.26836
1.04427
1.27197
1.57058
2.02776
0.210261
0.863523
0.682694
0.0731072
0.3064
0.268677
0.191858
1.19955
0.931396
0.113542
2.81444
1.20188
1.13211
0.743021
0.982641
0.0194695
2.6636
0.98564
1.55317
0.300999
0.746973
0.803138
1.27517
0.199106
0.81037
0.00835437
0.978651
0.47206
2.23566
2.36337
1.27763
1.32359
1.76307
1.41374
1.11747
0.547436
2.42991
1.34758
0.356222
0.631438
0.123891
2.95823
2.41228
1.20907
1.99621
1.21832
0.256337
1.87426
0.581016
0.542228
0.719301
0.598101
1.70798
1.39617
0.168716
2.71285
0.508935
2.58162
0.889594
0.0563281
1.65881
1.09083
0.839776
3.61383
0.997259
2.1398
0.433131
0.273101
0.793245
0.296001
1.72892
2.34806
0.195909
0.529219
1.59031
3.22532
0.460987
1.36327
1.48928
1.12821
1.21957
0.983388
1.56465
1.2067
1.19576
2.03043
2.39269
0.183348
1.34184
0.45054
0.95465
1.31935
0.736893
2.34564
1.16454
1.52764
2.12586
0.183874
0.1421
0.653619
0.819058
0.693518
0.556338
0.326318
0.845181
2.35458
0.868726
0.54023
0.919137
0.212879
2.58864
2.07356
1.22997
0.589917
0.794307
0.355461
1.64265
0.656356
0.733603
0.442853
0.887403
1.41416
0.755625
0.314797
2.03621
0.845557
0.291281
0.800838
2.02555
1.21255
1.43261
0.133419
0.378364
0.534831
0.39901
0.631698
0.26185
1.21348
0.483698
0.398578
1.81246
2.109
0.716444
0.299015
1.42259
4.03459
1.89405
0.453737
0.779929
0.769587
0.456616
0.868042
0.464864
2.5988
0.313812
0.227866
0.681542
0.736064
0.309665
1.2859
1.15109
1.26891
1.99208
0.791474
0.758124
2.02493
0.5703
0.622988
1.45559
1.70241
0.650156
0.555849
1.92326
1.73635
0.525996
0.47775
1.15201
1.70198
0.926993
0.53215
0.94302
0.0905738
1.57227
0.875776
0.847478
1.28654
1.38186
1.57476
0.813432
0.781286
1.75747
2.32538
3.23829
0.856912
0.615558
0.859258
0.663166
0.573719
0.325692
0.900293
1.33349
2.54588
1.07128
0.688779
0.832821
0.584716
1.007
0.676236
0.110265
1.30664
1.65446
0.255777
1.21518
1.05684
0.376876
0.922142
0.72874
0.557339
1.78346
1.39904
0.951046
0.677068
0.0728204
0.526603
1.79448
0.511779
0.766864
0.620812
0.381921
2.25755
2.16699
0.829505
0.165251
1.19876
0.757479
0.752941
0.609849
0.760081
2.08959
2.31121
2.57522
0.42178
0.985409
1.07457
0.220716
0.685567
0.948026
1.16035
0.651545
0.164479
0.802382
0.0416013
0.108768
1.19793
0.462197
1.39047
0.293523
0.151743
0.362658
0.838531
0.438053
1.53418
1.15184
1.60404
0.523195
0.797254
0.160936
1.17977
0.820363
0.74484
1.8458
1.32277
0.491508
0.279248
1.36174
0.671373
1.21743
0.717122
0.356921
0.578163
1.40216
0.841911
0.305225
1.52513
1.65901
0.455772
0.319623
2.72179
0.267377
0.209442
0.772377
0.115233
2.09316
0.887048
1.22981
0.188258
1.50292
0.125236
0.926515
2.67328
1.06345
1.09444
1.13846
0.298493
0.993014
0.38907
1.38209
0.507721
1.04909
0.260518
0.733853
0.293487
1.51048
0.775834
0.674987
2.48542
1.35132
0.727238
0.587906
0.655849
1.04971
0.992456
2.2655
0.899758
0.598453
0.244179
0.199536
0.711973
0.681537
2.76521
0.486264
0.150095
0.88269
0.978825
0.55053
0.253567
0.245353
0.208706
1.10233
1.22085
0.23127
0.217291
0.558212
0.142947
1.04968
1.03183
1.18078
0.614735
1.42403
0.308709
2.06603
1.07091
1.45271
1.09201
1.56707
0.606171
1.88203
0.484767
0.53246
2.34035
0.836989
0.326442
0.123197
0.368603
0.933852
0.982281
0.190351
0.872484
0.130572
0.649777
2.12334
0.457317
1.14929
1.23567
1.3643
1.52192
0.970436
1.34001
0.44965
0.765789
1.46847
1.24633
0.262612
0.0621688
0.639251
0.599552
1.32489
1.08105
1.37385
0.252801
3.1723
0.677176
1.16539
0.485599
0.950793
4.16676
0.3134
1.00874
0.922697
0.058955
0.545051
1.11275
0.879599
2.40344
1.02569
0.965498
0.613717
2.93365
1.75344
1.7681
0.793501
2.80346
1.31142
1.10489
1.7499
0.403761
1.89461
0.538121
1.74934
1.7266
2.21158
0.316533
0.466354
1.96049
1.33558
0.193299
0.874055
0.123795
1.4092
0.257838
1.76248
0.963324
0.784716
0.899585
0.725035
1.06482
0.840368
0.593124
0.22626
1.0161
0.964738
0.682595
0.934524
1.41988
0.471264
0.455911
2.44685
0.428912
0.270134
0.360417
2.36374
1.0535
0.839146
0.872177
1.02908
0.40729
0.364675
0.701367
0.578453
1.5718
2.00027
0.317565
0.470853
0.455879
0.553535
1.49486
0.736942
0.441747
1.12719
0.553439
1.38284
0.551021
0.409693
1.69994
0.384652
1.75161
5.15453
1.44225
1.13142
1.24305
0.753747
0.664206
0.0865514
1.27272
1.0817
0.507272
0.853573
0.243678
0.323618
0.631603
1.22489
1.47387
0.812973
0.288004
0.506772
1.52986
0.197172
0.323574
0.537422
1.28965
1.8728
0.485347
1.09316
0.57529
1.53194
0.436586
3.04893
1.34451
0.234721
1.37995
0.667999
0.372171
0.899369
1.8023
0.521203
2.02015
1.14442
0.642217
0.797625
0.467235
1.12687
0.819869
1.39082
1.85418
3.23727
1.81701
0.914136
1.43548
0.178991
0.933124
1.36338
0.356401
2.03349
1.0711
0.479279
1.61737
0.927687
0.315607
0.229737
1.06514
0.624867
0.359747
1.1048
2.55474
0.793765
1.36881
1.5507
0.634987
0.379713
0.420613
2.34259
1.29231
2.13825
0.0413695
0.0527587
0.429829
1.20309
0.045917
0.777862
1.9426
0.719706
1.23368
0.919009
0.500129
0.189893
1.74148
1.05626
2.79525
0.553088
1.28485
0.699515
0.184909
0.312364
0.55563
1.28653
1.07428
0.590414
0.21438
1.53391
2.48812
1.27437
1.23617
0.482482
0.808594
0.224735
1.83774
1.3533
0.54702
0.0989927
0.978217
0.757546
1.08633
0.965548
1.25719
0.310867
1.76172
0.597523
0.324177
1.57897
2.66832
1.99905
3.54275
1.93843
0.561546
0.724953
1.48162
1.43556
1.04543
0.144128
1.21347
0.70185
2.13964
0.849785
0.333128
0.106465
0.666476
0.660443
1.28717
1.18752
1.41058
0.820812
0.558639
0.190415
1.29337
2.79977
1.33452
0.297463
0.759685
1.51668
0.236217
0.444671
0.5078
0.698255
1.04411
1.70939
0.679051
3.55866
0.942972
1.05593
1.03216
0.80353
1.73358
0.756283
0.461397
0.928693
0.897192
1.1837
0.52585
1.45737
0.11298
0.27027
2.47583
0.553141
0.571398
0.227124
0.276747
0.826801
2.65194
0.866329
2.20769
0.588859
0.27509
0.393598
0.451758
1.3472
0.464981
0.804915
1.20957
2.38714
1.38253
1.00047
0.726231
0.0938392
0.593894
0.968935
1.06729
1.12583
0.590712
0.556457
0.959747
1.25839
0.282353
0.544901
0.0687326
1.25836
2.50072
0.319608
0.518496
0.528116
0.866266
1.28383
0.353313
0.832525
0.859247
1.26761
0.651943
1.05681
1.12933
1.70316
1.17425
0.224946
1.0342
0.33387
1.10573
2.48956
0.211941
1.93877
0.765269
0.476953
0.449434
0.0583298
1.04078
0.604881
2.1655
0.464331
0.925363
1.37042
1.50714
0.824435
2.46905
0.444872
0.491805
1.28099
0.897345
2.4378
0.188398
0.980743
1.01812
0.860424
1.21183
0.403257
0.292144
0.127598
0.867035
0.432404
0.936594
1.15359
1.94679
0.282936
0.838568
0.578542
0.0356631
0.911495
1.26704
0.853091
1.93641
0.799495
0.788324
0.637863
1.92495
1.29925
1.89733
2.09552
2.75424
0.639954
0.483846
0.977439
0.218656
0.984116
1.43467
0.509052
2.07538
0.506502
0.106872
1.09024
0.502478
1.13407
0.679832
2.43918
0.659817
0.717359
0.340371
0.829085
0.376182
0.574164
0.753462
1.67283
0.242743
0.238238
2.25786
0.347215
0.417149
0.314472
1.71097
0.783413
0.499947
0.27921
0.614664
0.725569
0.342276
1.16638
0.84547
1.73926
1.21548
1.05587
1.29911
0.537208
0.270493
1.12491
1.4439
0.693624
0.776347
0.318009
1.7761
0.912321
0.946206
1.33654
1.10439
0.693026
1.0114
1.6204
0.298545
0.89568
0.678431
0.562314
0.480741
1.92308
1.80931
0.31952
2.55121
1.30977
0.402616
1.16393
1.98385
1.06485
0.686007
0.412496
0.651086
1.48281
1.04081
0.623945
0.291519
0.665792
0.457471
0.158948
0.282636
0.840178
0.956734
1.20923
0.535645
0.981998
0.412038
0.125347
1.48816
0.461811
1.28719
1.72665
0.171595
1.09565
1.50718
0.172727
2.51353
1.1042
0.966479
0.369948
0.185823
0.526802
0.87041
1.12588
0.768043
2.50542
1.09778
1.47579
0.336438
0.738433
0.817847
0.782194
0.0673697
0.792636
0.310942
0.635849
2.77493
0.42482
0.480094
1.65893
0.934788
1.10499
0.451612
1.61008
1.25853
1.12989
1.71774
2.69749
0.270308
0.638588
0.73753
1.00799
1.10326
0.562889
0.437633
1.34264
0.755243
0.80731
0.426788
0.666933
0.490731
0.553587
0.678623
1.06062
0.694411
1.78386
0.355562
1.04329
2.54277
0.622401
0.67151
1.49231
0.593821
0.767076
2.11431
2.1008
0.401886
0.855458
0.832089
2.5277
0.380591
4.23712
0.33698
0.580622
0.158144
1.44522
0.498769
1.48867
0.515909
0.824446
0.871394
0.0629959
0.537485
0.621622
2.29212
0.962715
0.813982
0.355486
0.956004
0.439766
1.39067
0.917993
0.523207
0.445864
0.939048
1.00844
0.332343
1.0211
1.64182
0.616367
0.933789
0.421282
1.24808
0.870636
0.733734
0.446943
0.293148
2.23116
1.86582
0.187041
1.95161
0.540429
2.30851
1.62181
0.297238
0.350417
1.58916
1.49441
1.23511
1.3934
2.62742
0.704614
0.0598546
0.434212
2.53937
0.82322
1.03933
2.09752
1.65739
0.457751
1.28959
1.19193
1.09801
0.941005
1.1408
1.0267
3.36667
0.241243
0.615694
1.1506
0.25676
0.975227
0.401023
0.224319
0.816557
1.4158
0.619911
1.45969
1.8459
0.85227
0.299207
2.56987
1.13324
0.862912
0.743933
1.33793
0.253288
1.07323
1.34389
0.85861
1.53265
0.758555
0.31802
2.73887
0.563398
0.617279
1.72012
0.425491
0.398452
0.315165
2.11241
2.7961
0.833609
2.08008
0.283826
0.447767
0.512541
0.977248
0.660821
0.987317
0.989901
0.596173
2.85421
1.07514
0.264103
2.14541
0.550863
1.16892
0.504388
0.846132
2.03105
0.344977
0.332306
0.587798
1.99806
0.20245
0.521745
0.590788
0.293131
0.572653
0.482297
0.235506
0.903009
0.736864
0.736013
1.44829
0.48523
3.62348
0.992059
0.470367
0.685045
1.4825
0.618152
1.89385
2.5107
1.17871
0.546053
0.507341
1.53088
0.758395
0.695346
0.679746
1.51785
0.56892
1.02768
1.4707
1.31995
0.272273
1.47854
1.58099
0.838401
0.34885
1.37126
0.996448
0.774764
2.78114
1.84155
2.70211
0.264031
0.757599
0.19593
0.0949874
1.13933
3.35169
0.322326
1.57118
0.396768
0.688975
0.871554
0.966609
0.70445
0.242667
0.56639
0.17158
0.498208
0.864156
1.14859
0.42185
1.89095
1.09604
1.94075
0.280515
0.247096
0.741004
1.18017
0.861276
0.815724
0.846635
0.993869
1.07145
0.512936
0.0660915
0.332605
2.70201
1.2436
0.49238
2.37624
3.11763
3.32239
4.44934
0.214777
0.883257
0.700703
0.898526
0.831488
2.05889
0.30479
1.4947
1.848
0.921891
1.66937
1.04047
1.15856
0.531168
0.854655
0.272827
1.09883
0.479791
2.25926
0.243609
1.6807
1.10246
1.19122
0.532291
1.21088
1.21193
0.321104
0.287826
0.817936
1.26069
2.09446
0.457984
0.283194
0.332013
0.146071
0.62155
1.3883
0.349599
0.449295
0.258041
0.559225
2.37326
1.70095
1.85273
1.60294
0.774824
1.10279
0.785908
1.53117
0.464838
0.993439
0.373171
1.84235
0.317054
0.744522
0.472545
0.965976
0.599255
0.978136
2.11601
1.36452
1.52528
0.133638
0.425214
0.60416
0.500475
1.18751
1.76243
2.49045
1.4169
1.38599
2.50902
2.29912
1.48389
0.709002
0.54407
2.12683
0.474897
0.388963
0.9495
0.101505
0.402629
1.25282
1.11173
1.63668
0.497365
0.338617
1.61616
1.56873
1.51597
0.366754
1.04579
1.20315
0.759954
0.993389
0.91022
3.5455
0.707125
1.10089
1.12689
2.57005
0.81758
0.796949
1.18186
0.777051
2.07281
2.28598
1.00506
0.121
0.328876
1.98499
1.05142
1.14238
1.28116
0.746891
0.341797
1.97404
1.27733
1.17867
1.65571
2.69732
1.84529
1.09502
0.175664
2.32693
0.161871
0.827401
1.68221
3.01285
0.883786
0.124588
0.845127
2.46103
0.423266
1.44459
3.04447
1.77374
0.681605
1.35734
0.757065
0.577706
0.129421
0.245148
0.754292
0.171678
1.21886
0.863385
2.45789
0.540987
0.240634
0.97634
1.21136
0.106309
1.55525
1.93585
1.49987
2.13798
0.728266
0.565455
0.278085
0.557037
0.177858
0.103014
0.505332
0.126634
1.23695
0.28034
0.542351
2.44861
0.963127
0.280052
0.666132
0.810211
0.735589
0.782254
0.742115
2.10699
0.740487
1.07578
1.19507
0.990739
0.794767
0.232116
2.09199
0.775456
1.61965
0.909956
0.608491
2.42679
1.2086
0.521991
1.09544
0.50751
1.23233
0.652002
0.372024
0.475527
2.20278
0.890205
0.847846
1.02214
0.392035
2.18116
1.83739
0.743587
1.75446
0.680982
0.616554
0.413702
0.582828
0.256923
1.96554
0.902263
0.625036
0.227275
0.448169
2.41935
3.34725
1.02886
0.881776
0.742319
0.291462
1.34304
0.314265
1.48658
0.921527
0.689097
0.645448
0.509193
0.722767
0.395879
1.10265
1.84553
0.115532
0.360481
0.645123
0.541131
0.671996
0.90842
2.54804
1.26175
1.11171
1.43319
0.679363
2.47118
0.685656
0.439831
1.23079
0.853786
1.90845
2.00446
0.940266
1.59688
0.296606
0.719413
1.03607
0.817969
0.824115
0.950749
1.13163
0.231568
2.51115
1.1372
0.676034
0.327307
0.58387
0.177454
0.929004
0.411204
0.331512
0.609365
1.25809
2.24252
1.12754
2.05167
1.02297
0.700307
0.787273
0.790146
1.07626
0.512896
1.03055
1.9305
1.52599
1.02841
1.8652
1.29023
0.652412
0.432748
0.132588
1.6172
1.0148
0.0856859
1.27884
0.424834
1.34681
1.44872
1.36758
0.270858
1.07765
0.530989
0.901073
0.178425
0.512774
0.954369
1.06165
1.23192
1.07262
0.739317
1.23222
3.05501
0.699858
0.369164
1.05898
0.986054
0.576764
0.780553
0.58091
0.447074
1.4449
0.78463
1.30864
0.906926
0.381403
2.35176
0.514302
0.179707
1.26439
1.02662
1.70476
0.799741
1.97113
0.264102
0.547698
0.419403
1.27095
1.08635
0.489256
0.793067
2.53302
1.43707
0.898344
1.57764
0.451372
1.01004
0.529616
0.807645
0.241832
1.21433
0.29986
1.39906
2.22429
1.328
1.39453
0.562172
1.21954
1.64912
0.856392
0.954192
1.56132
0.93145
0.835566
0.403152
0.119641
1.40888
0.519854
0.932631
0.733048
0.660351
1.12818
0.167427
2.15598
0.845774
2.22387
1.33025
4.21792
1.25072
1.4648
1.32603
2.24637
0.189184
0.201856
0.58578
1.62339
1.61111
0.739227
1.65554
0.425991
0.450683
0.195773
1.43007
0.54762
1.25319
2.31694
2.24985
0.141718
0.820698
0.790253
1.23021
2.72668
2.87762
2.00447
1.16479
1.44553
2.14291
1.19072
1.34826
0.204481
0.442308
0.391093
0.407183
0.708498
0.854494
0.844422
0.290833
1.36783
0.833193
0.119999
1.94037
0.279522
0.636395
0.578207
1.19285
0.820868
0.945765
0.810683
2.13182
0.385125
0.180063
1.24105
1.53256
1.4046
1.57368
1.57921
0.658902
0.801668
1.54246
0.154676
0.37384
0.488356
0.961589
0.258873
0.767131
0.898412
1.98504
0.565663
0.392142
0.794758
0.807336
0.540092
0.278753
0.620048
0.952493
0.251738
0.664293
0.323869
0.194405
0.353809
0.272654
0.727869
0.774233
2.10271
0.646014
0.500346
0.547105
3.07378
0.361642
0.548015
2.07302
2.51364
1.49441
1.43374
0.116964
1.3603
0.97157
0.583527
0.611722
0.549735
0.306494
0.954665
0.178499
0.207204
0.591209
0.168733
0.294047
0.561065
0.599256
1.60034
0.896862
0.928434
0.545207
1.16286
0.750736
0.391984
0.634188
0.26302
1.848
0.661551
1.54317
1.53338
0.414407
0.72277
0.871575
1.09351
0.851966
0.389
1.2854
0.276866
0.667278
0.355764
0.50748
0.143443
0.622938
0.986402
0.243715
1.45422
1.80634
0.795052
1.80198
0.269674
0.980826
1.59442
1.22694
1.04482
2.68255
0.598713
1.09938
0.786567
0.537119
1.88984
1.23211
0.715026
1.76614
0.509675
0.342875
0.446374
1.34529
0.137569
0.681685
1.80521
0.253841
1.51476
0.354375
0.786991
1.47259
0.62291
1.07397
0.588626
0.629228
0.345587
0.500675
2.81687
0.525931
1.77357
0.510279
0.994768
1.01463
0.771175
0.629784
0.799
1.50979
1.69251
0.250076
1.08243
1.15202
0.220551
0.942961
0.599302
0.755293
0.246995
1.06122
0.410897
1.83712
0.826651
0.96111
1.72887
0.845819
1.54715
0.057798
1.89205
2.08543
1.34708
0.233315
0.963042
1.22622
1.81374
2.4532
1.3406
1.14168
0.91385
0.445799
1.67102
0.369523
2.36988
0.424376
1.67233
1.00873
2.31426
1.99953
1.53333
0.639621
1.04216
1.87517
0.830918
0.747509
1.31899
0.910723
0.935386
0.0927632
1.09299
0.995115
0.373473
1.32556
0.474612
1.09777
1.1519
1.65521
0.281512
0.284144
1.25175
1.29644
0.14104
0.242603
0.384314
1.99081
0.253179
0.104807
1.3815
0.651642
1.17969
0.925602
1.25866
0.824568
1.27965
1.06734
0.14152
1.61242
0.657972
2.29748
0.60214
0.614836
1.20753
0.861188
0.579325
1.73006
0.532532
0.614018
1.08278
0.256455
0.347442
2.48535
1.91283
0.0235857
0.766038
0.115758
0.305728
1.03836
1.34722
0.533709
1.50271
0.810561
0.630682
1.19888
0.458176
0.434813
0.305012
1.28111
0.141097
0.686133
0.263564
1.30603
0.47323
0.658493
0.0446286
0.253802
0.291745
0.84359
0.695523
1.20807
0.595347
1.0696
2.6172
0.644691
1.00105
0.451748
0.359145
1.093
0.133607
0.900716
0.550082
1.14197
1.69216
1.30044
0.439506
0.542475
0.322448
1.16841
1.34495
0.630753
3.99162
0.641818
1.18667
1.06027
1.1746
0.846327
1.21425
0.741964
0.372505
1.18014
0.525061
0.699237
1.33347
1.774
0.713143
1.51363
1.52188
1.2019
0.417538
1.30986
0.902088
0.0345557
0.403474
0.312448
0.8524
1.95865
2.38323
0.655714
0.524699
2.04739
0.233744
1.58583
1.75165
1.06853
0.915721
1.84084
0.443697
0.412732
1.37624
1.57172
1.08359
0.774843
0.249948
3.81843
1.46302
0.307179
0.774012
1.13608
2.9138
1.48085
0.832392
0.890608
0.500244
1.88023
1.24419
2.32156
2.94447
0.287198
0.922148
0.304785
0.0152989
1.25923
0.446406
2.23376
0.947884
1.0011
1.79257
1.29701
0.519785
0.627786
2.41963
0.404579
1.63812
0.826935
2.54813
0.846719
0.297234
0.81066
0.696817
1.4478
0.177986
1.27719
1.20736
0.363864
1.30984
0.971259
1.51355
0.250207
0.29375
0.439443
0.478246
0.188138
0.781889
1.37393
0.538531
0.40184
0.273978
1.39693
0.828884
0.583971
1.43304
1.12724
3.29821
1.30008
0.881583
0.279043
0.290424
1.5199
2.26996
0.545939
1.70446
0.847051
2.27234
1.04475
2.23047
1.99196
1.42776
0.787315
0.712752
1.35482
0.267894
1.23894
0.425127
0.620339
0.460335
0.318824
2.66216
0.772456
0.43531
0.82395
0.222192
0.795967
0.835634
0.288768
0.4383
1.32281
0.753071
2.79198
0.855794
0.412553
1.27772
0.352041
1.61469
0.425145
0.68895
3.02588
1.17908
1.70914
0.227859
2.32699
1.16808
1.05826
0.631302
2.09132
0.829355
0.970792
0.485329
0.187702
0.786997
1.22019
1.18417
0.52714
1.82524
0.361983
0.187904
0.449438
1.50418
1.11794
0.944047
0.908357
0.526556
0.830555
0.682928
1.71041
1.12177
1.44621
1.52628
1.67635
1.19175
3.35189
0.636578
0.419669
0.894912
1.07446
0.268655
2.79468
0.357339
0.141836
0.306995
0.344284
1.39047
2.5322
0.744761
0.29579
1.11388
1.35071
1.40042
3.01744
0.758974
0.591839
1.42087
0.720462
2.44291
1.81692
0.325075
1.53364
0.725781
0.514812
0.627656
1.4929
0.625145
0.689074
0.556214
0.614857
0.724751
0.659939
0.249009
3.02338
0.312468
1.30206
1.94611
0.493295
0.378205
0.829609
1.01922
0.657773
0.367932
1.58002
2.01792
0.875751
0.597446
3.45938
0.356828
0.155902
3.10066
0.638871
2.40876
0.171614
3.26654
0.885351
0.571738
0.162491
0.238788
0.101731
0.817268
1.54795
0.923322
0.798647
0.696869
0.355135
1.85182
1.61832
0.7581
1.00842
2.09508
1.63179
1.59994
1.81376
0.128053
0.636577
0.642263
2.1324
0.664902
0.619356
1.57685
0.627381
2.55467
2.05816
0.957574
0.419386
0.566261
0.660484
0.262853
0.869404
2.80552
1.69656
1.08079
1.79984
2.19991
1.96753
1.47855
0.929
0.36079
0.446594
1.40433
1.50515
0.852575
0.39761
0.78545
0.316721
0.219488
0.390108
0.439555
0.714815
3.15595
0.347888
3.06543
0.398651
1.34154
0.900638
0.50112
0.632911
1.30296
0.187172
1.03183
0.561264
0.74728
0.906319
2.83783
0.169661
0.307244
0.19998
0.33663
0.9407
0.496542
0.712654
0.584998
0.579835
0.457237
0.482406
1.31363
0.92817
1.10736
0.689834
0.817138
1.85512
0.354449
1.31854
2.8784
1.61271
0.382963
0.451468
1.89085
0.48931
2.05843
0.43968
2.94664
0.77386
1.138
0.947059
0.387672
0.356232
1.22421
1.15803
0.434758
1.01252
0.173749
1.16377
2.05357
0.551862
2.05382
0.819585
0.598093
1.13352
0.665956
0.700592
1.64275
1.2478
0.369559
1.55708
1.09543
0.712504
1.70159
1.50477
1.29496
1.19787
0.265539
0.412211
0.857974
0.38198
0.13421
0.109724
0.0906005
0.256106
2.00024
0.463652
2.27836
0.812821
0.97899
0.435666
3.278
0.632916
0.548445
1.09277
1.27352
1.10176
0.648295
0.286922
1.32914
0.698306
0.857881
0.203007
1.24037
0.404122
0.305134
1.04663
0.867249
0.739771
1.22453
1.97299
0.482449
1.20329
1.44468
1.80614
0.727719
0.447873
1.43885
0.142091
2.39254
1.3862
1.15172
0.838268
1.3335
0.283371
0.511379
1.3467
0.860277
1.88624
1.16094
2.58918
0.874998
2.27541
0.190824
0.420882
0.324303
0.337023
1.47784
0.444027
1.72945
0.962914
1.39022
1.65526
0.92574
0.397321
1.91163
1.20486
1.24947
0.273374
0.787662
0.59561
0.752175
0.614088
0.459288
0.828485
0.901573
2.00129
1.36776
0.658676
0.286276
0.36684
0.35019
1.21964
0.776055
0.204169
0.274068
0.79672
0.502938
0.388735
1.54524
0.687033
0.490016
0.0789726
0.822176
0.77943
1.0053
1.26996
1.17754
3.91093
0.318282
0.504711
3.07934
0.389493
0.110465
0.204569
0.158668
0.916666
0.470086
0.376986
4.73384
0.7195
0.336817
1.62126
0.671154
0.848352
1.32068
0.831727
0.792094
0.104497
0.505731
2.85199
1.64891
0.593789
0.649172
0.639803
1.46004
1.17247
1.36163
0.203609
0.536387
0.889874
0.977701
1.09021
0.809194
0.621891
1.30269
0.75983
0.606843
0.455919
0.445671
0.371171
0.321701
0.293217
0.540237
1.01641
0.293007
0.440899
0.700003
0.0477561
0.711965
1.60434
0.714267
2.08186
0.386016
0.581211
0.326105
0.663339
0.631401
1.2106
0.719501
1.40134
0.823332
0.680697
0.611044
0.516466
1.32641
0.950183
0.786319
1.2232
0.572572
1.65702
0.156285
0.960635
1.10577
0.311448
0.237062
0.571431
0.515715
1.08699
0.109219
0.638376
1.41002
0.381626
0.821003
0.387267
0.436213
0.397827
0.292209
0.391606
1.49412
1.21568
0.763126
0.958769
0.0243372
0.219479
0.530256
1.04917
0.156339
0.486092
1.30897
1.56928
0.295939
3.11602
1.09314
0.427559
0.254597
1.86075
1.23214
0.285455
1.36393
0.958168
1.60697
1.24813
0.196898
0.908627
1.0358
1.20967
1.50189
3.07585
0.944835
0.898408
1.09167
0.167411
0.316363
1.2168
0.775526
2.43198
0.73235
1.21036
0.171213
0.61952
0.402239
2.23817
1.46815
1.40095
1.33295
1.43897
1.1732
0.139687
0.271621
0.956554
0.28674
1.14466
1.68222
0.793775
2.99346
0.757672
0.555723
0.830737
1.78222
0.703937
0.213627
1.11876
0.259133
0.275442
0.593562
0.470989
0.869306
0.164531
1.53632
2.05387
1.14093
1.45943
1.23446
0.297183
1.41489
2.19537
0.358663
0.739571
0.132578
1.95202
0.366008
0.486406
0.727448
0.406493
0.409876
0.305108
1.47914
1.73379
1.4505
1.33437
1.67743
1.92943
1.71489
0.344781
0.425285
0.945573
3.82019
0.54041
0.712403
0.745825
0.854667
2.29626
0.80171
0.512171
0.980308
2.08168
0.409998
0.229513
0.596245
1.08469
0.39867
1.59569
0.481142
0.359113
0.68908
1.16124
0.788006
1.37457
0.441685
0.65415
0.962504
1.03617
0.942485
1.27825
1.25733
0.131052
0.281159
1.22848
1.28019
1.58587
0.258352
1.21039
0.827505
0.584656
2.19207
0.318585
0.21406
0.804401
1.43568
0.938999
0.891459
1.46136
0.721053
0.70534
1.30116
0.53547
1.65507
0.0996639
0.531955
0.869397
1.88498
0.698954
1.70272
0.816177
1.93005
1.52185
0.258516
1.07316
3.13174
0.131974
0.533808
0.489822
1.01602
1.23963
1.14307
1.27977
0.488369
0.740078
0.535389
2.55526
0.505287
0.785431
0.810197
0.0680586
0.496191
0.362194
0.546941
0.511392
1.5713
0.160384
0.39245
0.996648
0.134161
1.27203
1.47616
1.67974
0.598111
0.534493
1.86592
1.53081
2.73671
0.918871
1.4432
1.98947
0.500782
1.1002
0.65923
0.356867
0.0730131
0.455321
3.17309
0.317674
0.742671
0.717963
0.693785
0.573273
0.997085
1.11321
0.272878
2.19247
1.5303
1.66502
0.433245
0.332451
0.272472
1.65802
0.350376
1.68621
1.07658
0.883365
0.108458
0.107559
1.19161
0.0263396
1.33086
0.368311
0.815217
0.339646
1.12602
0.566233
0.447968
0.803112
1.35247
1.51655
1.58496
0.576192
0.852816
1.16326
0.962991
0.475385
0.8289
0.548627
1.23075
1.3762
1.27184
0.134889
0.834537
0.679255
2.47829
0.975912
0.163508
1.57314
0.741376
0.28221
0.445044
0.796049
0.588155
0.51908
0.895143
2.14802
0.843965
2.54919
0.778681
0.787497
0.351812
0.0697521
1.71484
1.53189
0.543564
0.728164
0.455005
1.19973
1.87987
1.6924
3.21344
1.56154
0.570704
0.960035
0.760428
0.664731
0.521306
0.41202
0.911385
1.09619
0.954544
1.37441
0.119756
0.728121
0.97989
0.356732
1.73642
1.00496
0.262584
0.869548
0.481519
1.22561
1.29831
0.37101
0.381398
0.863871
1.98979
0.512663
1.84894
1.85656
0.59291
1.91095
1.48378
1.43791
1.8385
0.371264
1.24028
0.214534
0.178833
0.22708
1.30875
0.40219
2.25736
0.505816
2.21924
1.38792
0.937537
1.46754
1.7966
0.526156
0.512481
0.927395
0.39369
0.360669
0.927365
0.708305
0.594766
0.842511
1.73222
0.629895
1.36754
0.454707
1.30707
0.202586
0.868916
0.777475
1.83242
1.74733
1.03988
0.934666
1.52373
0.858354
0.724294
0.382634
0.530483
1.75779
1.67942
0.743286
1.06091
2.42189
1.46107
0.434968
0.7051
0.431689
0.51534
0.58784
0.725471
0.301914
2.2781
0.378884
0.302558
0.0815819
0.676227
0.0615232
0.216201
0.206439
0.237961
2.00059
0.484214
1.40078
0.627619
0.316031
1.16129
0.506764
1.22613
0.570629
0.556607
2.53169
0.302394
0.972516
0.196229
1.26372
0.797071
1.57918
2.00283
0.246091
0.695024
0.360343
0.478701
0.738835
1.09093
0.969264
0.262741
0.672398
1.22934
0.423677
1.3585
1.27479
0.626849
0.326247
1.66516
0.0889147
0.787739
1.84284
0.202966
3.4787
1.87912
1.56888
0.265904
0.262207
0.822286
0.784659
0.962715
0.222479
0.551804
0.969301
0.0496918
1.56068
1.42457
1.40456
1.40432
1.21988
1.48554
0.356936
1.73249
0.140355
1.09225
0.172907
1.01994
0.135819
0.775324
1.37905
0.503367
1.39231
1.23785
0.815581
0.888019
0.926053
0.905319
1.18976
0.439336
1.29344
1.76934
2.00047
0.963978
0.290314
0.181523
0.246859
1.3972
0.340222
0.471463
1.33593
0.811166
0.450335
0.0943883
0.568888
0.438633
0.187937
1.33315
0.729785
1.04415
3.14404
0.899213
0.992591
0.786748
0.593853
0.487963
0.329669
0.726601
0.952069
1.00401
0.137224
1.21563
0.993841
0.324299
0.695861
1.39492
0.939167
2.34093
1.32492
1.24528
1.86453
0.230521
0.443653
0.658173
0.441
0.80658
0.894605
0.601267
0.101472
0.850991
0.0854998
1.29524
2.0373
1.84617
0.451689
2.07143
0.483263
1.19581
1.69006
1.46497
1.01175
1.28207
0.577203
0.76736
1.94091
0.59021
0.95223
0.520845
0.53062
1.67246
0.988125
0.285359
1.2082
0.424418
0.386524
2.94949
2.53303
0.274623
0.749158
1.99676
1.79217
0.393872
0.329948
1.44396
4.64301
1.73369
1.3606
1.86867
0.71661
1.05065
1.2515
0.988175
2.80717
2.55579
0.805176
1.17807
0.138051
0.966415
0.902728
0.693693
0.361625
1.45934
1.5263
3.56185
0.941093
1.95909
0.300472
0.377788
0.486849
0.552143
2.82387
0.843728
1.59607
2.59887
0.985939
1.69961
0.397782
0.505632
1.56863
1.52536
0.200655
0.775373
0.539108
0.775841
0.107442
1.45859
0.970272
1.32664
1.47103
0.79338
2.03295
2.29004
0.0392633
0.151744
0.735515
0.152615
1.16179
2.99457
0.927405
2.3972
0.883792
2.81878
3.29687
1.8082
1.78173
0.736845
0.833756
0.803227
0.587787
3.05721
0.226188
0.159714
0.445349
0.758037
0.378599
0.266793
0.754891
1.99338
1.00907
0.661549
1.65773
0.87221
2.38713
3.46243
0.816369
1.33865
2.31489
0.884736
0.20341
0.669234
0.275976
1.66798
0.694886
0.877187
0.791307
0.648778
0.146846
0.518546
0.978684
0.599055
2.37905
0.493348
0.541883
0.778647
1.26331
0.79599
0.500689
1.70288
2.41486
0.673865
1.3795
0.714514
1.62886
1.33205
0.611128
1.97661
0.436206
3.37705
0.873436
2.03577
0.857469
4.40502
0.770402
1.46111
1.24555
0.173152
1.2989
1.08275
1.70402
1.26142
0.663494
0.648019
0.607742
0.936356
1.15155
0.319256
0.453402
1.13531
1.35882
1.93181
0.236053
0.584886
0.894012
0.550494
1.53567
0.669811
1.29715
2.49155
0.560453
0.67301
0.590992
0.578352
0.324699
0.209229
1.3739
0.379877
1.72906
0.349829
1.23354
0.465063
0.987568
0.264783
0.0251528
0.716968
2.51247
0.919434
0.430189
0.648864
0.805097
0.595287
2.28318
0.672368
1.48102
1.39364
2.09309
0.523512
1.22633
0.949867
0.57171
1.06405
0.446239
0.806023
0.703862
0.0458536
0.956553
1.55738
0.833902
0.740836
0.30854
1.31994
1.20942
1.22622
0.148038
0.445388
0.696165
1.28738
0.849738
2.43402
0.433959
1.65621
0.960563
0.266174
1.66485
1.35623
1.03088
1.00137
0.413779
0.776539
0.893744
0.592099
1.47811
0.717216
1.09672
1.68729
3.55289
0.850253
0.588458
1.84117
0.262987
2.07313
2.25676
0.451463
1.14445
2.07771
0.430065
0.235713
0.508299
0.230958
0.376757
0.28996
0.974863
0.068001
0.265981
1.03556
1.64177
0.544114
0.115641
0.684865
0.385968
0.548369
1.11332
1.43742
0.734828
0.0909356
0.381667
1.09225
0.251181
0.84778
0.978577
0.653665
0.376769
0.99081
0.913445
0.446076
1.19769
2.649
0.943808
1.13743
2.02818
0.665538
0.222945
1.09137
1.10233
0.586892
0.256334
1.42359
2.42065
0.189087
1.35562
0.96535
1.38581
0.715763
1.41129
0.682274
2.27123
0.777427
0.777805
2.09123
0.806816
0.907986
1.4272
0.238659
1.11696
1.12441
1.74151
0.881565
1.80727
1.78542
1.08863
0.371475
0.120244
0.328769
0.841108
1.05652
0.441848
0.689853
1.01712
0.706258
1.64483
1.11467
0.686031
0.251743
1.47662
0.363277
1.19016
2.51534
1.68077
0.359079
0.363123
1.36227
1.30441
1.9544
1.94331
1.19224
2.02383
1.81898
0.516694
0.387018
0.514352
1.07732
0.790101
0.290302
1.24274
1.0305
0.823701
0.798788
0.181983
1.05452
2.24749
1.15244
0.470937
0.536934
0.859054
0.397846
0.758541
1.89659
0.588243
0.581827
0.697417
0.155876
0.671067
0.609718
2.01552
0.179034
0.595245
0.990254
0.959257
0.739743
0.418751
0.321436
0.575321
4.11206
0.83753
0.651721
1.11161
0.243017
1.66609
0.32282
0.530741
1.25379
2.07697
1.66455
0.162664
0.186051
0.119313
0.579511
1.05544
1.37731
1.5664
0.572152
1.36237
0.120712
0.354863
0.392248
0.335638
0.1524
2.12916
0.87309
2.01676
0.66583
1.19278
2.04893
0.89479
1.46356
2.76976
0.369498
2.55583
0.406694
1.07327
0.961287
0.44447
0.956968
0.14282
0.873376
1.32728
0.928394
0.393064
1.52199
0.113689
1.35088
0.819026
1.36036
1.37591
0.975062
1.20729
0.855016
1.42598
0.366925
1.93097
0.544791
1.51888
0.584148
1.87155
0.425215
0.78451
0.337968
1.27339
1.34002
0.346285
0.959803
0.861444
0.690661
3.03997
0.147591
0.996248
0.790994
0.876429
1.06916
2.52006
2.9469
1.17642
0.225185
0.649812
0.730686
0.659421
1.04861
0.351615
0.469835
1.25431
0.194859
0.371474
0.481624
0.536188
1.75892
0.996628
0.859256
2.11312
0.660419
2.29834
0.420905
2.00303
0.751479
1.85629
0.520293
0.699499
1.35766
0.618542
0.169373
1.81854
0.418527
0.614271
0.748601
0.221112
1.19632
0.160218
0.859591
1.13791
0.832739
2.54615
1.67091
1.3383
1.44875
0.11666
0.660826
0.841981
1.98222
0.989791
0.806944
0.678006
0.449915
0.541163
0.600096
1.78067
0.446688
0.961689
0.638676
0.841876
2.52041
2.87881
1.05378
0.741468
1.07004
0.92702
1.33003
0.118651
2.08214
0.697378
1.78039
3.49269
0.383851
3.17837
2.05482
1.56094
0.288638
2.46602
0.972047
0.337147
2.29612
1.24122
1.12927
1.40108
4.37484
0.360506
1.31338
1.70837
2.21369
0.238773
1.16728
0.619894
0.27424
0.983632
0.739893
0.551043
0.291296
0.297534
1.33
2.27674
0.77254
0.461955
1.13087
0.54407
1.18349
0.689068
0.598234
0.34422
0.476023
0.652387
0.130973
2.81258
1.29992
0.220642
0.655719
1.67904
0.841861
1.80784
1.54015
0.177918
0.683039
1.14734
0.847254
0.544941
1.1182
0.846763
1.52557
0.0981727
0.52147
0.986979
0.852244
0.996103
1.80743
0.28337
0.337538
2.09129
2.10498
1.18575
0.962813
2.97642
1.8112
1.32691
2.80097
2.71978
0.129982
1.67369
1.61116
0.652865
0.912729
0.212191
0.347828
1.1335
0.360852
0.656854
0.993348
0.486164
0.679313
2.84682
0.956204
1.16045
0.71596
1.255
0.232546
1.46975
1.37729
0.713253
0.919831
1.3011
0.46113
0.764872
2.36936
0.492226
0.75481
1.6366
1.69624
0.568603
1.05467
0.391895
1.99648
1.33871
0.250204
1.00568
0.520574
0.0190914
0.840737
0.615089
1.17175
0.298716
0.932085
1.63782
0.891442
0.622842
1.16483
0.367366
0.55091
0.602217
0.726998
0.520764
1.83838
0.897628
0.338215
0.740608
3.67047
2.05472
0.607443
2.16427
1.39671
1.77581
0.665241
0.575685
0.452522
0.941755
1.14362
0.899943
0.473232
0.48737
1.38967
0.624539
1.91738
1.26029
1.6443
1.30149
0.852644
0.359718
1.16121
0.689067
0.314139
0.55278
0.52101
0.730562
1.09931
0.879942
0.923943
1.25472
0.552701
1.07159
0.375406
0.698319
0.601727
0.864947
0.295308
1.3457
0.918671
0.906452
0.652845
1.01667
1.15592
0.600613
0.284791
0.248073
0.153824
0.414993
1.17921
0.869832
1.45566
0.39772
1.28177
0.99006
0.567031
3.01807
1.11116
0.622608
0.228269
2.14504
1.32124
0.89692
1.81203
0.631039
1.2261
1.44987
0.458946
0.949018
1.12725
0.761165
0.220665
0.554697
1.54326
0.559842
0.279946
0.569621
1.14833
1.97568
1.11117
1.87231
0.25236
0.603718
1.39577
1.96058
1.80441
0.868038
0.855239
0.467154
0.154647
2.26414
0.882811
1.60031
1.65633
0.498291
3.94774
0.631516
2.28511
0.271908
1.35505
0.482582
1.17291
0.539236
1.01792
0.792583
0.561376
0.377362
0.602311
1.99937
0.249469
0.291477
1.86365
1.06192
0.962865
0.720539
0.727506
0.954554
0.413003
0.373977
1.48988
0.0888975
1.06681
1.18504
0.295381
0.722959
1.06243
0.946095
0.34889
1.29755
1.19428
1.15919
1.48963
0.882329
0.377212
0.574182
0.512419
3.52698
0.786506
0.877543
0.367642
1.68612
1.18159
0.614498
3.33542
0.957518
0.896828
1.45159
0.665147
0.885541
1.48783
0.236147
0.720067
1.96232
1.00142
0.909945
0.329576
0.411257
0.475422
1.14316
2.2034
1.64708
1.74186
1.70372
0.510392
0.739679
0.303702
0.613153
0.180247
0.54882
1.67406
1.1054
0.913479
0.760332
3.35007
0.844371
2.17354
0.565678
0.161262
0.687892
0.34097
1.05753
0.112149
1.73377
2.65315
0.343242
0.264653
0.321592
1.16241
1.06278
0.0584897
0.516454
1.55754
1.82435
0.407682
1.92792
1.21613
1.50121
1.97003
0.915823
1.50365
0.987791
0.909604
0.964713
0.785005
0.832768
0.0687784
1.98534
0.322013
0.235347
1.11166
0.303197
0.58659
0.758677
0.698312
1.05976
0.719715
0.574102
0.607119
0.691662
0.294687
1.45709
1.36263
0.311174
0.185787
0.664576
0.910834
0.340176
0.407284
0.268773
1.04588
2.0952
0.98741
2.98884
1.39813
0.219025
0.0299165
0.532631
1.66798
1.32989
2.18541
0.74165
0.828992
0.764283
0.217885
2.09415
0.727031
0.190092
0.956921
1.88624
1.03465
0.390748
0.600871
0.610815
0.101139
0.409519
0.946046
2.50458
0.25526
0.678305
0.299559
1.53331
5.24192
0.947804
0.367596
0.383505
1.37139
0.586464
1.38153
0.600856
1.95346
0.665162
0.649922
0.760515
2.20168
0.431318
0.459286
0.280435
0.438952
0.548244
0.836466
2.53055
0.762513
0.377378
0.72183
0.367531
2.72227
0.432275
0.897673
3.41875
1.39123
0.830129
1.05427
1.12203
1.56634
0.944432
0.445096
0.70057
1.05188
3.37136
1.17817
0.965239
1.53608
0.193493
2.83506
1.67209
0.813262
0.449004
0.711321
1.16954
0.207868
2.84612
0.256008
0.817366
0.239126
0.630188
0.992911
1.69021
1.03669
1.43687
1.48821
0.139125
1.01246
0.693668
1.33683
1.66864
0.850096
1.50541
0.550266
2.74542
0.736723
1.12938
0.732897
0.924629
0.619086
0.601824
0.954348
0.76712
1.80154
0.806388
0.59886
1.29297
0.592185
0.242689
2.31275
1.03881
1.30252
1.05406
1.11194
0.783586
1.29014
0.524365
0.572582
0.804563
2.22705
1.66881
2.58225
1.11705
2.32149
1.23657
0.277513
0.718218
2.44217
0.295393
0.129683
0.273522
0.652726
0.358363
0.524269
1.06313
1.04059
1.1844
1.84636
1.8472
0.270762
0.667941
1.03929
0.948772
0.615884
3.69019
0.271614
1.42777
1.17011
1.40124
0.68092
0.963744
0.363872
0.891078
0.23057
0.712177
1.9874
0.204353
0.304622
1.07917
0.131859
1.2099
0.0470946
0.431497
1.91996
1.58256
0.960117
0.452996
1.30312
1.79141
2.11908
0.713377
0.619114
1.51105
0.651137
0.162111
0.872458
0.546684
0.507344
1.18555
0.78714
1.27018
0.718552
0.808549
1.0821
0.345479
0.234387
0.419269
1.37856
0.174522
0.255549
0.923913
0.456564
0.689787
0.108904
0.062961
0.490016
0.440382
1.09154
0.855224
1.30576
0.353074
0.541866
3.0377
1.23457
0.820179
0.735362
2.03161
0.576171
0.414753
1.99724
1.1888
1.50093
0.369253
0.43933
1.10282
0.957385
1.67744
0.539693
0.466176
0.825946
1.36879
0.875222
1.3772
0.53485
1.85537
1.21527
0.715877
0.786123
0.865972
1.80145
0.388704
0.343905
0.422838
1.04742
2.05195
0.315134
1.71671
1.49511
0.546889
0.131258
0.180477
0.484138
3.13382
0.885193
0.916311
0.599856
0.443229
1.16798
3.14878
1.13975
0.329295
0.662201
0.969113
0.40589
0.165136
0.923728
0.199915
0.77538
0.382247
0.488644
0.371874
0.708174
0.507533
2.29585
3.03241
3.34148
0.919182
0.723546
1.08711
0.578503
1.41018
2.59876
0.806474
0.89143
1.76452
0.91422
1.81143
2.54356
0.671973
0.662901
0.971912
0.862241
0.709589
0.988125
0.798272
1.07648
0.399339
1.13214
2.80719
1.9285
0.192499
0.172781
1.20036
1.8177
0.641191
0.0581725
1.04998
1.11563
0.445234
0.756608
0.527127
1.97855
2.56294
2.12912
0.521845
0.145408
0.359507
0.337374
0.532614
0.985422
3.04651
0.883577
0.711926
2.93731
0.546403
0.706079
0.297927
0.825121
1.256
1.06027
1.01562
0.531815
0.0961051
2.57205
1.56469
0.734627
0.723726
1.18349
0.458457
1.32265
1.17899
1.94981
1.29118
0.667596
0.206479
0.444029
0.432585
0.723544
0.595648
1.57735
0.776413
0.736248
0.391595
0.780924
0.711803
0.937128
0.529573
0.862567
0.968468
1.00712
0.446491
1.88601
0.555735
0.254197
0.97611
2.53989
0.809744
1.20697
0.684348
0.258016
1.72685
0.479575
0.439535
1.24345
2.00734
0.62543
1.63728
1.37138
0.39179
0.848377
0.277527
0.861189
0.38541
0.553287
0.639717
0.739257
1.03348
0.910722
3.10105
0.0976748
3.91472
1.41048
1.574
0.166499
0.556867
0.515395
1.43054
0.571746
0.320903
0.755336
2.83909
1.18661
0.670594
0.0268642
1.87877
0.564255
1.08058
0.0130282
1.40416
0.721037
0.161195
0.244196
0.882773
0.156758
0.85994
0.468084
0.231505
0.100845
1.92168
1.06101
0.676923
1.55021
1.24623
0.0686187
1.32246
0.780269
1.03451
1.18698
1.88556
0.530026
0.293948
0.670361
0.198351
1.75331
0.370197
1.11311
0.781643
0.518811
0.622504
0.991577
0.527111
0.554165
0.507361
1.02198
0.0804564
1.46322
1.16151
0.41769
0.762901
0.272609
3.1829
0.833654
1.34015
0.589232
0.521964
0.552078
0.262408
0.712953
0.371513
0.855816
1.35971
1.01918
0.734637
1.46235
0.584837
1.62476
2.02898
0.747747
0.813531
1.26443
0.411287
1.26925
0.71141
0.78495
0.475897
1.48141
0.499703
1.59977
0.940804
0.571471
1.49991
0.571253
0.680801
0.238528
0.3678
0.358165
1.86979
1.93167
0.327894
0.949689
0.905847
0.918248
0.674783
0.666579
1.23004
1.4551
0.353319
0.633834
0.136029
1.51756
0.831704
1.36191
1.63173
0.575519
1.54746
1.36809
1.59558
0.493305
1.71229
1.74824
0.814291
0.731287
0.285339
0.175468
0.815846
2.84445
0.573881
0.848133
1.55902
0.771818
0.874849
0.851146
0.804993
2.43275
0.314418
0.696219
2.70664
1.45493
0.466933
0.998293
0.0609798
0.666022
1.26691
1.40804
0.422099
0.856116
1.19813
3.27414
1.09084
0.722875
0.393095
0.401923
1.50688
0.124271
0.292228
1.35826
1.46363
0.517541
1.02531
1.85754
0.650166
0.340872
2.25693
0.432756
0.904334
1.98725
0.51301
1.56172
0.846036
0.257239
1.06973
0.470808
1.03597
0.239712
0.764114
1.65159
0.374924
0.79443
0.841723
1.41816
1.18662
0.848007
1.32819
0.0406502
0.486937
0.905521
2.29899
0.24054
2.01575
0.709613
2.88505
1.6949
0.763101
1.65256
0.445882
0.326253
0.320578
1.5766
0.555398
0.738847
1.06149
0.0607541
0.373286
0.876096
0.600441
1.88573
0.567391
3.11047
2.22375
1.18129
0.687898
0.929812
0.503478
1.72144
2.1214
0.489383
0.439148
1.31598
0.90061
0.455
0.258081
0.744697
0.319667
1.25275
2.17302
0.818675
1.48247
0.943317
0.590937
0.753916
0.123577
1.56215
0.412578
0.232227
0.445401
0.0694825
1.64042
1.96619
1.25977
1.41584
0.278924
2.17526
1.62906
0.440142
1.09131
0.0638687
0.498409
1.39982
0.678731
1.64242
0.630609
0.708911
1.26269
0.489534
1.28098
0.209582
1.95096
2.74059
0.460416
1.84262
1.01826
0.66105
1.13769
0.432612
0.531751
0.674634
0.766589
0.0155746
1.72737
0.13352
1.30172
1.86455
1.38604
0.225426
0.176192
1.74725
0.871135
0.353655
0.96385
2.1433
2.56479
2.19357
0.105557
0.195872
2.26514
0.399717
1.21895
2.01188
0.998332
1.15805
1.22342
1.65529
1.08892
0.0753342
0.671998
0.213933
0.641182
0.963228
0.546859
2.04498
1.09676
0.964592
0.280942
0.187171
1.58556
0.498239
1.14736
0.544787
1.53998
1.44291
1.30564
0.736645
0.458617
3.219
1.35613
1.66138
0.755013
2.44668
2.18643
1.06452
1.46459
0.366785
0.603217
3.61909
0.916327
2.82263
1.39382
0.427978
1.0229
0.335962
0.731981
0.484561
0.371971
1.1259
0.604224
0.598893
0.160463
1.35956
0.478487
1.0344
2.12266
0.189374
0.537814
0.0665616
0.509356
0.856562
1.7937
0.63721
0.978174
0.572013
0.225382
0.485978
2.08089
0.346326
0.684426
0.166995
0.44323
1.02853
0.584707
1.53056
0.414614
0.416262
1.5607
1.11015
0.463852
0.55797
0.42982
0.0215322
0.906188
1.1186
1.29219
0.367605
0.968567
3.38557
1.88351
1.0471
0.321869
1.74287
1.64666
1.65553
0.535743
1.05316
1.27464
1.49181
2.20926
0.292756
0.608326
0.199638
0.324475
1.19686
1.88365
0.910267
0.294722
0.406807
0.507956
0.550158
0.195681
0.961271
0.798983
0.338106
0.58691
0.267022
0.102848
0.626037
0.270235
3.39186
0.659521
0.64147
3.53433
1.41058
2.04631
0.479575
0.507881
1.06874
0.875034
0.888931
0.325395
0.70119
0.689899
0.315021
0.986202
0.549866
0.681842
1.66004
1.09222
0.177143
0.785587
1.47663
1.30141
0.869865
1.63243
0.571611
0.653343
0.179731
0.961295
0.768597
1.37467
0.194901
0.611555
1.53092
0.225162
0.775301
0.236391
1.04455
0.629193
0.171942
0.287775
1.59549
0.44857
0.702504
1.13147
0.429822
0.848957
1.4481
1.61722
0.380212
2.09169
1.88039
1.06161
1.71559
0.697844
0.219654
3.66957
0.663816
2.66719
0.136085
1.03094
0.922742
0.588694
1.54108
0.427818
1.66381
0.502405
1.15794
0.809285
0.463592
0.556647
2.41092
1.58329
0.181768
0.830036
0.391271
0.307994
1.33478
2.52536
0.921739
1.20997
0.361537
1.21043
0.549438
0.0741197
0.95887
1.60325
0.984853
1.17979
0.607205
0.122054
0.257893
1.03916
0.702381
0.616523
0.0291037
0.585238
0.27145
0.285477
0.597358
1.00641
1.03851
2.16904
1.46398
0.630928
1.45025
0.31908
0.317482
1.69276
0.898585
0.352066
1.63413
1.68184
2.4842
0.550407
0.694344
2.03413
0.933707
1.79262
0.425674
1.31333
0.668723
2.09645
1.10941
1.4605
2.00584
0.790622
1.24752
1.63285
0.860747
0.199629
1.43705
0.998769
1.05177
0.186187
1.492
1.45997
0.746307
0.431703
2.16379
1.41138
6.37732
0.712513
1.33211
0.374802
1.08305
1.4787
2.12254
1.112
2.78954
0.905785
1.06369
0.391302
0.41476
0.936468
0.592047
0.421204
0.951595
1.53253
0.731158
1.77052
0.813747
0.773732
0.765036
0.814572
0.346786
2.30174
0.717609
1.04453
0.368647
1.30549
0.527492
1.08166
0.431301
2.32
0.789599
0.341335
1.05276
1.37332
0.940021
0.479265
2.33701
0.464228
0.400409
1.18779
1.32713
1.25017
1.73335
1.40322
0.894955
0.901446
0.793185
0.885409
0.577836
0.531965
0.677177
1.35341
0.609767
1.5619
1.03097
1.86229
1.51083
3.77291
0.975089
0.510698
0.84018
0.734421
1.35096
2.01398
2.1142
0.239858
0.258885
0.749798
1.06291
0.247969
0.429
0.99587
0.256455
0.582503
0.806894
0.74295
0.654849
0.70879
0.353283
0.90051
1.38262
1.82816
1.11588
0.37154
0.862944
0.275738
2.05003
0.991144
0.446722
0.641309
0.66842
2.79441
0.490652
1.02484
1.15584
1.42711
0.715756
1.2854
0.426447
0.964797
0.14096
1.60992
2.6227
1.63104
3.66535
0.364906
0.391871
1.06566
0.733174
1.38895
1.08169
1.23995
0.710998
0.874277
0.569577
1.05651
0.460593
1.48221
0.914402
1.03165
0.57711
1.42778
0.421373
1.097
1.18685
0.350436
0.717756
2.28889
0.639066
0.701887
0.880147
0.587903
1.33257
3.94469
0.206706
0.892877
2.39206
1.73129
0.549182
0.629952
0.838233
0.633608
0.814154
0.244663
0.866711
0.764366
0.639762
0.215884
1.16691
0.295706
0.175951
1.07467
1.40798
0.434481
0.218792
0.959947
1.10524
0.0684701
1.32205
0.923613
2.23945
0.594757
0.196091
2.16132
0.606137
1.29324
0.219268
0.0583733
1.3103
0.316727
3.2303
0.749879
0.023841
0.723737
2.99606
0.565889
1.32489
0.641838
0.996002
1.9806
2.54266
3.29241
0.109811
0.706001
0.994262
1.07043
0.185105
0.388295
1.85463
0.36835
1.81982
0.390962
0.906099
0.99928
0.515694
0.95935
1.068
0.491438
0.498679
1.4831
0.087079
0.776208
2.36737
0.365808
2.71669
0.694251
1.29403
0.359824
1.60392
0.898973
0.269043
2.67489
0.383192
2.84242
0.524071
2.26485
0.642117
1.4669
0.666437
2.01289
0.332399
0.346204
0.600024
0.490468
0.413159
1.13459
0.135269
1.17333
0.255275
0.784887
3.09136
0.894128
2.58757
0.869777
1.46559
0.0941946
0.357874
0.405202
2.95426
2.12719
0.0920677
0.882279
0.575755
1.1496
1.31807
0.216792
1.00774
0.986836
1.12954
1.18969
0.967929
0.672108
1.31942
1.32674
1.16705
1.64628
0.207555
0.0992812
1.38246
0.857212
1.33122
0.766556
0.393918
1.04406
2.96925
1.00185
0.0996617
0.198342
1.53237
0.214745
0.230846
2.76795
0.0383171
0.559518
1.54199
0.97287
1.42693
1.25736
1.41469
0.970515
1.09291
0.440557
0.861537
2.35473
0.113922
2.06279
2.61063
0.614969
0.487963
1.26703
0.946982
1.48692
0.62265
0.472089
1.72717
0.630735
2.32397
0.651558
1.20176
0.592036
0.580523
0.233198
1.76766
0.603622
2.44038
0.691659
0.762746
0.51704
1.24569
0.638241
1.11301
1.2633
0.849648
0.441145
0.548527
0.315601
2.04384
0.609819
1.04534
2.05047
0.787869
0.378812
1.12662
1.47447
1.7482
0.600025
0.370852
0.259623
0.80566
1.33239
0.520852
0.853335
0.700673
0.906236
0.573516
1.79649
1.2534
0.032655
1.34741
0.96915
1.61053
1.11657
0.160971
0.484817
1.95794
0.561231
0.941954
1.4685
0.673688
0.696629
1.90643
1.33252
0.448794
1.03414
0.851255
0.491399
2.4456
1.34187
0.502436
0.576326
0.201534
0.840242
2.17864
0.175676
0.0636914
1.28896
1.87073
0.167755
0.459122
1.03148
0.404072
1.5483
0.417297
0.652929
0.904386
0.156365
4.96464
0.962843
2.31036
1.04709
0.863515
0.20954
0.07835
1.01133
1.35714
0.709199
0.0731558
1.79571
1.36152
0.656411
1.06249
1.08065
0.188659
0.416626
1.78103
0.394184
0.321343
0.538639
1.13719
1.09853
0.258254
0.341304
1.14335
0.665189
0.423769
0.478468
1.23382
0.929953
1.82788
1.01981
1.47624
1.59372
2.61088
0.256229
0.632938
1.60034
1.72334
0.656079
0.813062
1.98935
0.227007
1.02477
2.45788
0.138893
0.839348
0.49347
1.01237
0.201794
1.64341
0.0777836
0.90402
1.30759
0.276609
0.945538
0.233693
2.58073
1.25678
0.304799
0.335098
1.15743
2.15633
1.32438
0.458318
0.378204
0.96655
0.758898
1.92431
1.70208
0.222616
0.342581
2.11316
0.058472
1.19121
0.855581
0.704307
0.544519
0.178573
0.962246
0.839609
0.160127
1.96658
0.680199
0.281289
1.64472
1.35897
0.670645
0.3445
0.569055
0.813463
0.696514
1.46382
0.529677
0.522748
0.745625
0.468528
1.83468
0.507555
2.8899
2.48055
0.355158
0.528882
0.484684
0.103547
0.281924
1.17291
1.04963
0.822097
1.75418
0.886805
2.15484
0.34215
2.99416
0.567841
0.822044
0.377295
2.82353
2.19434
1.43028
1.52162
0.984291
1.17546
0.685305
0.145589
0.583728
0.675146
0.0974219
0.852054
1.77389
0.408315
1.71281
0.519942
0.869189
0.493565
0.991527
0.468831
0.522945
1.8428
0.493175
0.174222
0.370318
2.07315
0.683561
0.516747
0.357811
0.558301
0.530869
1.75594
0.258313
1.78075
2.45214
0.619255
0.597655
0.620197
0.704961
0.789113
0.0928046
0.450727
0.0813692
1.64622
1.51735
1.15651
0.60778
1.71947
0.283913
1.0605
0.700251
0.786597
1.35685
0.251148
1.03767
0.0798801
0.510328
2.25171
0.547101
1.21819
0.286131
2.18144
1.12169
0.850003
0.519135
1.04727
0.45135
1.76763
0.213365
2.74152
0.560175
1.07762
0.416381
0.975637
0.292178
1.15877
0.456369
0.52549
0.457463
1.41439
0.319038
1.73304
1.97299
1.21725
0.48644
0.926444
0.686494
0.986703
1.19479
1.23727
1.5577
0.608346
0.857868
0.488101
0.495161
1.4224
0.372414
2.50985
2.13545
1.47187
1.21872
1.29208
1.17364
0.436372
0.0958039
0.813585
0.555088
1.7386
2.64269
2.62287
0.397881
2.83985
1.0622
0.798986
0.376816
0.730955
0.338129
0.70363
1.33114
0.636276
0.349745
0.875539
0.426063
1.05944
0.727069
1.77138
0.339797
2.45238
0.91918
0.345933
0.702788
0.882243
0.628483
1.14434
0.409294
2.32574
0.137891
1.80302
0.676168
0.705141
0.521767
1.43167
0.866074
0.220308
0.791708
1.5718
1.42095
0.278899
0.0920027
0.0846296
0.731148
0.332776
0.22954
1.61815
1.58376
3.02254
1.95022
0.68589
1.0972
0.480801
1.65061
0.081847
0.416328
1.12641
1.77664
1.57138
2.39397
0.100352
0.860868
2.27179
1.66385
1.09566
2.55356
1.42522
0.662808
0.590551
3.12104
0.588616
2.9645
0.486281
0.724802
0.493244
0.327605
0.505803
0.583847
0.772986
1.50036
1.70166
0.985635
0.242851
0.404932
2.07227
1.19687
1.71434
0.838343
0.503909
1.95178
0.816923
0.115179
0.262733
0.814972
0.113888
0.364152
1.60073
0.745891
1.4653
1.41762
2.22141
0.366824
3.52182
1.86738
0.405994
2.00233
0.501327
1.01318
0.244672
1.34658
0.621147
0.504625
2.15017
0.138408
1.63588
0.433367
1.54924
0.182991
1.18049
0.722316
1.86436
0.510884
0.885131
1.69701
0.609309
0.781314
0.659706
0.382395
0.174246
0.363362
0.228234
1.16199
0.348432
0.0812362
0.564186
1.08758
1.7317
0.19611
2.37073
1.2167
0.462646
0.116809
0.372668
1.31409
1.2203
0.696151
0.371725
1.11737
0.334012
0.892416
0.227313
0.0341304
1.05719
0.799591
1.67304
2.47405
2.07241
1.91846
3.00351
1.01485
1.83603
1.44161
1.26397
1.05851
1.69216
0.143936
0.349056
1.64158
0.457905
2.8636
0.786206
1.12213
1.93296
0.559783
1.49013
0.0419004
0.675654
0.692424
1.68485
1.41365
1.4276
0.457094
1.29774
0.446356
0.573337
0.949345
0.819662
0.456756
0.169
0.217064
1.45288
0.22462
1.11573
1.81865
0.586758
0.241502
0.814203
1.25007
0.0524469
0.410142
1.2746
0.562175
0.583606
1.2614
1.00397
0.299188
0.387564
0.181678
0.741467
1.33534
1.01774
2.41557
1.54444
0.0750654
0.983104
0.658899
0.870895
1.44547
0.993123
0.770946
0.394147
0.953328
0.909654
3.70329
0.274831
1.08097
1.51872
1.7374
1.74463
0.367946
0.751451
0.60617
1.51627
2.23156
1.63436
0.547295
1.02299
1.51595
1.53471
0.639433
0.142125
0.051704
1.6839
0.811416
0.596965
1.3561
1.12494
0.933657
0.49789
1.46869
1.83586
1.85858
0.605357
1.60109
1.10188
0.697781
0.563193
0.240818
0.771383
0.405031
1.45339
2.08201
0.385606
1.52715
1.00651
1.4493
0.502818
1.00613
1.04623
0.363916
0.563847
0.380457
0.322015
1.19266
0.970913
1.7795
1.46198
1.46263
0.206572
1.0485
1.4412
1.28765
2.84412
0.81197
1.59016
1.01994
0.943712
0.603715
1.16063
0.537536
0.189448
1.64441
1.46702
1.96126
0.605398
0.555964
1.59008
0.518988
0.446893
1.3182
0.824303
0.135
0.761626
0.849373
0.327481
2.23545
0.590345
0.228251
1.25467
0.301816
0.87351
2.21738
0.694856
2.95828
1.50803
0.819262
0.533243
0.402799
0.853852
0.187556
0.916082
1.19416
0.603663
1.70078
0.290761
1.1963
0.751868
0.683538
1.54683
1.25565
0.0550111
0.823234
1.00075
0.813226
3.25494
1.63555
2.18835
3.44651
0.956497
1.5034
0.737985
1.33589
0.977714
1.66136
0.312669
0.840869
0.256829
1.71139
2.01815
0.17944
0.715479
0.132125
0.412558
1.35552
2.40601
1.04411
4.05188
0.909866
0.598875
0.167339
1.02095
0.293928
0.604896
1.41734
1.00753
0.535388
1.50157
2.73683
0.519857
0.630795
0.619269
0.149817
0.682489
1.47897
1.47681
0.494667
0.43365
1.16694
1.4368
0.846516
1.99002
2.69168
0.763273
0.529427
1.09022
2.30866
0.371836
2.60966
0.877947
1.9729
0.0750907
1.07398
0.234589
1.4503
0.422524
0.131475
0.197726
1.49538
3.93597
1.46888
1.26484
1.43308
0.763131
0.677492
1.45662
1.21824
0.499106
0.268199
0.873925
0.598465
0.979501
1.09776
0.191627
0.222152
1.36562
1.24771
1.25203
1.19261
0.539073
0.362572
1.04157
2.23029
0.906243
0.646719
0.657969
0.310281
0.879028
0.700377
0.531522
0.379858
0.86412
1.00623
1.33247
1.84176
0.39391
3.02676
0.866706
0.22113
0.14509
1.67303
1.20101
1.28783
0.44823
1.58455
0.387974
1.04827
1.43956
2.28635
0.95251
0.703136
0.481254
1.63804
0.259303
0.836414
1.32251
1.24631
1.03294
1.48521
1.83276
0.781148
0.00890751
0.342586
2.05172
1.09449
0.413093
0.673829
1.9255
0.43778
0.147827
0.333249
1.36961
0.425294
0.721649
0.335402
0.597013
1.05996
0.327336
0.510597
0.748029
3.1858
0.721754
0.143903
3.57477
0.733651
1.34016
0.795232
0.938204
0.858637
1.03294
2.26429
0.469197
0.791864
0.439038
0.467647
0.586818
1.96957
0.0849416
0.272636
1.28362
1.7583
1.68663
0.374934
0.741387
0.962602
0.800812
0.523745
0.809839
2.56256
1.18486
1.19429
1.3799
0.501662
0.561685
0.647567
1.92903
0.480692
0.435398
0.108263
0.166422
1.11092
1.52496
1.69906
0.657015
0.313325
1.64571
0.323046
1.664
0.207907
1.11501
0.762894
0.518357
0.698649
0.773845
0.559934
0.573719
1.34457
1.46051
0.635552
0.453447
1.16574
1.25299
1.28765
1.7245
3.41551
0.134222
1.67516
0.199501
0.744537
0.525287
1.10666
2.27175
0.477734
0.649239
0.4487
2.61438
0.632543
2.65861
0.082779
1.14623
2.18801
0.569664
0.144422
0.109078
1.46932
0.12459
0.243507
0.526661
1.32643
0.478442
0.523726
0.481648
0.75665
0.335067
1.8172
0.166848
0.566426
0.399795
0.461211
1.07813
1.29044
0.300593
0.647477
1.59474
1.27497
0.494623
1.26613
0.112449
1.25433
0.514856
0.196445
2.71369
1.43317
1.01202
1.25941
2.0208
3.61757
0.556233
1.19299
0.807156
0.33202
1.15446
0.71558
0.39441
0.756588
0.479692
1.34576
0.512854
2.52822
0.635457
0.757998
1.52259
0.981963
0.506714
0.142388
0.426801
0.860927
3.72717
0.743904
0.510043
0.165464
0.512198
1.15102
0.810755
1.91023
2.30276
0.305485
0.696031
0.881884
2.22305
0.556454
0.275975
2.08894
0.290525
0.415248
1.16953
0.800552
0.96336
0.624691
0.32482
0.191469
3.16211
0.572695
1.52416
1.09181
1.22525
2.21364
1.03004
1.58943
1.21761
0.455847
0.455338
1.38312
0.729542
1.98251
1.31473
0.28107
3.10165
1.1504
0.413501
0.397229
1.11921
0.994173
0.744174
1.3439
0.680772
0.410974
0.240709
1.52197
0.661373
0.460026
0.851125
0.9509
0.371388
2.23139
0.625402
1.7004
1.04547
0.464092
1.32885
1.51869
0.659534
1.21705
0.993319
1.40977
1.18877
0.0982928
1.06491
0.541393
0.632795
0.61882
2.09503
1.5226
0.398776
1.02379
1.18351
0.996652
0.839634
0.889507
0.672331
1.26023
2.45508
0.984392
0.599404
2.58153
0.970101
0.839766
0.215062
0.0303437
1.38584
2.36665
2.56996
0.192429
0.592704
0.363323
1.32596
1.48479
1.69743
0.459017
1.20418
1.75658
0.623783
0.519231
1.32343
0.500604
1.221
1.15113
0.720541
0.538879
0.849951
0.644277
0.220692
0.462564
0.456058
1.16263
1.0685
0.699112
1.10694
1.29905
0.689459
0.921503
0.530687
1.04728
1.29052
0.739997
0.0966142
0.304955
0.454198
0.159984
0.288305
0.499702
0.635731
2.38578
2.15334
0.0244941
0.748839
0.143909
0.982635
0.758365
0.287988
1.9745
0.475838
2.3441
1.40074
0.585395
0.611328
1.13762
0.697209
0.362639
2.0185
0.243032
0.559387
0.519407
0.477692
1.74312
0.203934
0.95515
0.435035
2.37226
0.587596
0.675968
0.495222
0.337871
1.27014
0.400556
2.94374
0.367173
0.140392
1.34379
1.92488
0.692328
0.83094
0.536582
0.363157
1.07493
1.3771
2.12402
0.409696
0.246661
1.53326
0.650133
0.0863269
0.487408
0.162491
0.607307
1.00962
1.01711
0.0969415
2.05366
0.81415
1.46124
4.07471
0.261907
0.27917
0.45581
2.00933
1.24591
0.840273
0.222012
0.924532
1.61573
1.77977
1.12314
1.64015
1.19305
2.16835
0.191406
1.27095
0.458595
0.851243
2.11328
1.233
0.885988
0.443374
0.592062
0.031217
2.97166
0.82682
1.15256
0.315584
2.89244
0.514943
1.74538
0.481476
0.826172
0.0997373
0.416996
0.635626
3.18358
1.87347
1.30851
1.49619
0.539092
1.62038
0.563585
1.3389
1.88415
1.80659
0.62028
1.65906
0.597793
0.649532
1.66187
0.376398
0.812387
1.39887
1.54386
0.662009
1.21069
1.41897
0.398847
0.863772
2.33777
0.222416
0.812141
0.355531
3.94502
0.434899
0.632077
0.884593
1.13211
2.73647
0.493894
0.349985
0.606699
1.18003
1.70189
1.41685
0.21486
0.944378
0.903289
0.46105
0.38489
1.53588
0.576367
2.1128
1.07613
0.414247
0.930609
1.37254
2.04343
0.476085
1.69364
0.960996
0.912337
1.5606
1.72381
1.14745
1.53974
0.891453
0.870431
1.13285
1.37652
0.571612
2.51856
0.622238
1.92515
1.57197
0.934422
0.60623
0.540689
0.222395
0.837144
0.974897
1.71036
0.616216
1.30363
0.5308
0.990541
0.93917
1.51281
1.0083
0.406587
0.686848
0.839807
2.15841
0.74968
2.08458
0.511407
1.49738
1.83175
0.706636
0.51684
0.784005
0.241929
0.667947
1.16738
0.980069
1.07877
1.27989
0.765856
0.670684
1.72134
0.703543
0.83478
1.12487
0.0259151
1.01045
0.532695
1.17748
0.726068
1.21218
0.901914
0.584032
2.9398
2.30462
0.215704
0.553131
0.142867
0.619932
0.754479
1.23785
1.47334
0.656528
0.368936
0.763441
0.879841
3.57449
1.35052
1.79599
3.90715
1.30572
0.676553
0.50505
3.86905
1.05016
1.53392
1.1235
1.1938
1.2997
0.945737
0.676348
2.92578
0.542543
0.28696
0.240375
0.854518
0.984695
0.262097
1.72196
0.431449
0.484219
1.74844
3.7708
0.554518
0.551237
2.5415
2.0718
1.19265
0.595109
3.59798
0.708083
1.35117
0.465437
0.124273
1.15094
0.316905
0.771175
0.151007
0.382118
0.661827
0.848361
0.102961
1.36229
0.667917
0.182882
0.842618
0.40045
0.244937
0.774334
0.811318
1.26191
3.33753
0.357928
0.67839
2.69832
1.19026
1.58966
0.409473
0.506034
0.896688
0.514081
1.69613
1.90954
0.0611474
1.32467
0.698125
0.120591
0.326744
1.1761
1.00585
1.27898
0.458204
0.92101
0.375937
0.660246
0.285631
1.38557
1.33033
0.816612
2.53418
1.13739
0.114133
0.292532
1.30507
0.345749
0.838431
2.77959
0.865475
2.86202
0.42713
1.74354
0.796026
0.549773
1.49188
0.307437
0.105323
0.894262
2.05518
1.48406
0.136491
0.364217
1.33557
0.363522
0.670069
0.193503
1.18873
1.03483
4.60784
0.985057
0.855795
0.236207
0.518695
2.09021
0.699046
0.843181
0.0775848
0.735599
0.56529
0.339564
0.628782
0.230301
1.45407
0.31639
0.858147
1.42624
0.241296
0.771662
1.10784
1.74737
0.969978
0.116872
0.918497
1.70857
0.103282
0.632828
0.933299
0.885738
0.852207
0.270039
1.55883
0.385541
1.24454
0.406047
1.72598
0.711994
1.03294
0.71642
0.227886
1.69074
1.49928
0.833604
1.12065
0.703524
0.795525
0.93503
1.99034
1.00746
1.1306
0.642008
0.345237
1.06873
1.88515
0.481745
1.55233
0.753506
0.244385
1.11266
0.663919
0.780579
2.53598
1.64303
0.497006
3.03619
0.751901
0.564767
1.83052
2.61876
0.341956
0.93757
0.56315
2.44579
0.644064
2.50592
1.0078
0.0468523
1.42148
0.357288
0.54198
0.49725
0.384904
1.6977
1.08247
0.652834
0.498964
0.505802
0.564934
0.45206
2.54986
1.57126
0.373119
0.625995
0.36602
0.365224
0.793047
0.614521
1.51737
0.340559
0.913204
0.609221
0.131988
1.61685
0.792624
0.836373
0.629604
1.04951
0.771172
1.07416
1.25345
0.819279
0.177576
1.4541
2.42481
0.667903
0.295777
3.98666
1.24877
0.91022
0.94701
0.270856
1.65383
0.351761
0.993735
2.13047
0.941849
1.50754
1.27375
1.01029
0.0348657
0.445026
1.40768
0.580169
0.432172
0.961329
1.20149
2.73309
0.57496
1.74485
0.896151
3.08513
0.128198
1.11967
2.36786
0.839307
0.513148
0.530128
1.46567
0.242583
1.24705
0.788542
0.569548
0.217478
0.53212
1.61368
0.923205
3.81628
0.280828
1.12704
0.790378
1.14359
0.431471
1.83152
0.957696
1.81461
1.23435
1.66036
0.0414616
0.0963669
0.777135
2.14534
0.939823
0.799267
1.14133
1.34435
1.03746
0.56754
1.35602
1.91414
2.58857
1.10304
1.76089
0.918018
0.67833
1.12384
0.839537
0.31231
1.13968
1.48908
3.44211
1.46469
1.42251
0.408207
1.07897
0.82037
0.769814
0.212486
2.41731
1.19195
2.34313
1.20536
0.21374
0.891682
0.778425
0.571288
0.778023
1.00236
0.712237
0.47267
0.698162
0.172324
0.658252
0.931246
1.35741
0.233244
0.409676
0.368101
0.275154
1.95324
1.05712
2.9458
0.930311
0.643317
1.06749
0.750366
0.0991573
0.113911
2.21808
0.773945
0.778167
1.29641
0.821516
2.68559
0.981824
0.393487
0.252383
2.11541
0.675198
2.07929
0.713968
2.13717
0.136489
0.508087
0.696728
0.934912
1.36704
2.80718
0.271264
0.786561
0.193627
0.46657
3.3477
2.63384
1.642
2.85123
0.427234
0.660307
1.21109
0.603649
0.136375
0.195438
0.631369
1.06836
0.857417
0.106716
2.21832
0.441103
0.658183
0.291586
1.71631
0.345055
1.35384
0.276895
1.86888
0.283728
0.570076
2.12763
0.288611
1.84803
1.63069
1.35137
0.966241
0.287352
0.534815
0.462396
2.17508
1.65336
0.671009
1.37381
0.826533
0.54152
2.68458
0.455164
1.37855
0.985181
1.43476
0.384145
1.66973
0.781204
0.234404
0.746039
0.252266
1.72033
0.367621
2.25312
1.22237
1.621
0.189354
1.42977
0.776937
1.45222
2.29279
3.9805
0.425921
0.344043
1.12677
0.608348
0.0220333
2.9676
0.595874
0.493896
1.94669
0.496753
0.202738
0.9751
0.697175
1.7466
0.30285
0.698513
1.52393
0.521721
1.1449
1.57196
0.591783
0.214033
2.13901
2.08429
1.25838
0.0696067
0.781061
0.428631
0.785915
0.504943
2.84037
1.27325
0.518457
0.461276
2.37328
0.206677
0.963695
0.446082
1.04519
1.12979
1.04394
2.38733
2.14506
0.153017
0.391984
0.519891
2.11346
2.48977
1.22731
1.13129
0.942929
0.217817
0.437311
0.766603
1.23538
0.0254762
0.37816
1.37492
0.904986
1.54086
0.457177
1.86021
0.981842
0.692265
1.92853
2.07199
2.32762
0.252897
0.788501
0.571787
0.191257
0.95057
0.992918
1.28269
0.946531
0.323627
0.506185
1.15611
0.575393
0.548739
0.861122
0.897632
0.242542
0.783338
0.668925
2.85864
1.51205
0.369825
2.62217
0.727131
0.555905
0.387133
0.105613
0.141006
0.252586
0.318637
0.665432
0.310161
1.29892
0.443382
0.339113
0.720634
1.04149
0.942475
0.0661501
1.03848
1.50741
1.14097
0.382351
0.647686
0.448858
0.660286
1.34219
3.14589
0.724207
1.01971
1.73082
0.831282
1.069
1.20625
0.667197
1.08864
1.69407
2.0969
1.20266
2.37319
1.19462
0.286248
1.59852
0.38484
1.108
0.752688
1.03005
0.523393
2.15258
0.508971
0.232284
2.12501
0.648189
1.72833
3.31691
0.300802
0.784323
1.66014
0.387961
0.882379
0.126881
0.607752
0.0564618
0.309936
0.299417
2.16278
1.98238
0.257524
0.535737
0.860173
0.236328
0.789404
2.08502
1.8706
1.28749
1.91397
0.249922
1.3556
0.218146
0.585241
2.22461
2.69995
1.14864
0.151975
0.27915
1.90578
0.351195
1.04022
2.18899
1.04078
0.901569
0.113736
0.9206
0.905566
1.24036
1.55401
0.729121
0.481399
0.876457
0.589551
0.478015
0.646771
0.499222
0.625667
0.634684
1.17337
1.12651
0.266587
1.32174
0.375418
1.61776
0.576665
0.976101
1.09482
0.323144
0.949138
0.852715
0.945037
1.35531
0.747825
1.5723
1.26119
2.93509
1.08429
1.09451
0.452228
2.22897
1.66496
0.917149
0.490981
1.01033
1.21334
1.21654
0.288764
0.93397
1.15444
1.97561
0.207106
0.0639846
0.252088
0.430875
0.723422
1.40547
0.512771
1.66159
1.5978
1.92061
0.832579
0.567856
1.09444
0.312879
0.35112
0.674821
0.853659
1.58244
0.369812
1.22312
1.27804
0.758848
1.42734
1.30855
0.465816
0.498637
2.37517
0.786596
0.244114
0.48001
1.51755
0.268581
0.352577
1.33613
0.306121
1.62675
1.38967
0.312778
0.21783
0.993538
0.762264
2.35018
1.1262
0.628155
0.677082
1.72142
2.29067
0.874908
1.64099
0.712233
1.57425
0.195515
