0.531625
0.416069
0.436824
0.47169
0.50434
0.510692
0.740147
0.550968
0.604523
0.554784
0.564211
0.569013
0.52571
0.409854
0.415887
0.517436
0.606342
0.407274
0.426823
0.534942
0.615725
0.621459
0.435016
0.601194
0.642815
0.480451
0.567134
0.549708
0.644046
0.379705
0.345389
0.54253
0.485328
0.512527
0.509192
0.384606
0.367265
0.453277
0.483183
0.665899
0.651523
0.527097
0.439666
0.604478
0.510211
0.472594
0.49489
0.423943
0.699026
0.451538
0.544992
0.633732
0.408822
0.582323
0.488851
0.490974
0.379185
0.471582
0.701509
0.607757
0.46147
0.490988
0.413197
0.327787
0.2977
0.493955
0.31544
0.631611
0.435608
0.589594
0.457093
0.439699
0.529008
0.388937
0.509602
0.367867
0.576614
0.511105
0.57214
0.44966
0.331297
0.484737
0.553727
0.575473
0.465704
0.502676
0.510818
0.608343
0.509045
0.485544
0.535248
0.521523
0.573797
0.482499
0.678851
0.563059
0.469927
0.385139
0.567453
0.4878
0.458198
0.453145
0.498359
0.40739
0.522991
0.547938
0.431859
0.493964
0.548984
0.543272
0.378674
0.533415
0.46497
0.529334
0.55169
0.659276
0.671952
0.449585
0.391701
0.608388
0.501598
0.607236
0.493335
0.524711
0.455028
0.550905
0.448691
0.397763
0.450815
0.396649
0.392663
0.357355
0.564988
0.56624
0.475312
0.556427
0.474729
0.719193
0.50306
0.458949
0.521375
0.528721
0.381878
0.410023
0.387214
0.599433
0.46207
0.600455
0.534503
0.547283
0.525621
0.648236
0.384021
0.459878
0.573525
0.504532
0.514387
0.527968
0.561886
0.751917
0.542266
0.686551
0.502011
0.397775
0.397513
0.526717
0.681104
0.475914
0.636187
0.736979
0.576581
0.554616
0.638296
0.405533
0.628446
0.409504
0.416027
0.262497
0.500554
0.554743
0.412113
0.463893
0.403004
0.436275
0.496933
0.516731
0.564309
0.47592
0.576783
0.517271
0.5334
0.515349
0.60474
0.522136
0.657919
0.544084
0.439369
0.394661
0.426675
0.705826
0.525506
0.46647
0.480522
0.362598
0.575178
0.626968
0.387354
0.456305
0.605697
0.50107
0.343291
0.442514
0.645832
0.498142
0.403547
0.48137
0.449865
0.512812
0.662887
0.355755
0.563287
0.330929
0.496963
0.446926
0.462724
0.441629
0.442257
0.333058
0.446675
0.479123
0.533722
0.486228
0.582476
0.415457
0.535673
0.528575
0.418844
0.498181
0.39283
0.368512
0.552281
0.47449
0.394865
0.572998
0.489465
0.466083
0.48919
0.442088
0.47673
0.456617
0.393131
0.53708
0.471592
0.626314
0.54804
0.473764
0.410205
0.515914
0.224313
0.527438
0.478544
0.324837
0.627671
0.606488
0.623997
0.446069
0.573485
0.336506
0.447979
0.512938
0.387316
0.357077
0.499063
0.480614
0.45626
0.468503
0.540049
0.487812
0.597084
0.475909
0.591289
0.441837
0.523562
0.363318
0.756491
0.44277
0.486798
0.490451
0.516137
0.410249
0.328761
0.440154
0.32755
0.398941
0.430639
0.654504
0.499558
0.48649
0.454036
0.682835
0.713598
0.290342
0.464446
0.525031
0.542031
0.417534
0.492832
0.488633
0.568316
0.374188
0.532557
0.68845
0.54262
0.459078
0.485308
0.602493
0.510338
0.538335
0.461074
0.558266
0.529907
0.545988
0.403632
0.458537
0.450202
0.377695
0.45441
0.365918
0.546697
0.642678
0.584002
0.55072
0.519513
0.411543
0.512005
0.466704
0.535341
0.545294
0.402277
0.654506
0.449165
0.413551
0.462089
0.382681
0.570589
0.60758
0.590085
0.521449
0.44352
0.426454
0.309348
0.604397
0.486808
0.462297
0.488278
0.468546
0.397405
0.533197
0.493398
0.473334
0.446473
0.510084
0.434624
0.484244
0.502803
0.556464
0.454907
0.466945
0.496789
0.547612
0.482598
0.472972
0.492127
0.558441
0.406272
0.408147
0.561319
0.406934
0.648154
0.560065
0.564928
0.512706
0.503708
0.421157
0.513504
0.377874
0.481345
0.578978
0.544935
0.420108
0.61762
0.455539
0.478938
0.585369
0.45968
0.36264
0.514286
0.640516
0.598156
0.500339
0.613275
0.393597
0.500076
0.560833
0.671839
0.512314
0.532789
0.410182
0.502654
0.608802
0.486298
0.505479
0.362421
0.431514
0.392817
0.465208
0.533502
0.452668
0.608741
0.445695
0.423905
0.562363
0.565662
0.486722
0.578599
0.478126
0.613449
0.274504
0.498982
0.451318
0.569821
0.630428
0.546277
0.499466
0.457238
0.469063
0.558509
0.616267
0.449372
0.579132
0.439633
0.408638
0.565788
0.466303
0.583298
0.482872
0.44489
0.356776
0.472617
0.449598
0.491603
0.395838
0.451234
0.439897
0.537649
0.48569
0.589892
0.422597
0.568685
0.492018
0.476584
0.585414
0.363999
0.508928
0.437318
0.590268
0.460823
0.507023
0.648383
0.435752
0.49678
0.399573
0.529956
0.457401
0.50035
0.546844
0.414765
0.369057
0.290652
0.478872
0.364445
0.496269
0.414267
0.552044
0.660117
0.475358
0.588213
0.465089
0.522649
0.389391
0.634581
0.645168
0.42193
0.584996
0.583789
0.474947
0.713434
0.561597
0.389755
0.666685
0.394221
0.447294
0.541762
0.499526
0.499455
0.57328
0.474137
0.421321
0.364406
0.431351
0.366315
0.476507
0.455829
0.546695
0.592238
0.35667
0.530492
0.520831
0.519463
0.580624
0.507567
0.397204
0.57474
0.495962
0.445466
0.474617
0.484257
0.554206
0.592641
0.541315
0.363112
0.546846
0.435757
0.625213
0.770028
0.499681
0.597559
0.453407
0.659696
0.508083
0.54065
0.586759
0.356543
0.455916
0.512328
0.443014
0.440155
0.496009
0.51951
0.54455
0.273952
0.480274
0.551677
0.324538
0.525145
0.612646
0.47372
0.597915
0.315407
0.458258
0.589408
0.451267
0.608089
0.377347
0.430175
0.528342
0.379218
0.562612
0.452766
0.485582
0.435935
0.443833
0.533238
0.564731
0.337421
0.483772
0.523688
0.57721
0.539764
0.424509
0.392002
0.617625
0.527648
0.353513
0.493812
0.421417
0.512124
0.443931
0.529766
0.354326
0.365149
0.383702
0.520124
0.369004
0.427972
0.643297
0.582573
0.686745
0.471867
0.442
0.628112
0.359987
0.606097
0.557839
0.593696
0.343873
0.719425
0.486408
0.609305
0.552829
0.507884
0.688989
0.45095
0.500753
0.5829
0.480529
0.360074
0.421109
0.370322
0.4932
0.313698
0.43581
0.502266
0.411408
0.608563
0.589497
0.570107
0.509284
0.476433
0.488433
0.548382
0.631844
0.576636
0.280904
0.515722
0.546158
0.515802
0.488675
0.490391
0.549036
0.623702
0.346698
0.664376
0.452865
0.567955
0.630943
0.461409
0.481443
0.319309
0.551845
0.560671
0.492739
0.483095
0.463564
0.519385
0.405733
0.49136
0.486861
0.493864
0.543601
0.504092
0.36609
0.600001
0.515688
0.396853
0.57844
0.470621
0.545856
0.516053
0.486221
0.658479
0.31496
0.461992
0.570647
0.600115
0.420361
0.513706
0.508229
0.497196
0.665525
0.638569
0.448534
0.388352
0.477945
0.533489
0.524742
0.475948
0.313737
0.523474
0.576068
0.43861
0.44246
0.497207
0.483783
0.501768
0.615837
0.588221
0.520239
0.554844
0.60922
0.614135
0.482916
0.495149
0.684803
0.465346
0.333224
0.544952
0.46073
0.488446
0.682394
0.32957
0.480417
0.638582
0.464485
0.520773
0.361554
0.578838
0.409177
0.341174
0.464408
0.583659
0.574671
0.591677
0.554212
0.457227
0.423689
0.405501
0.342572
0.506608
0.623203
0.348644
0.477984
0.413393
0.421197
0.478127
0.415721
0.526466
0.501414
0.635691
0.532477
0.552446
0.439685
0.496098
0.561347
0.449227
0.483125
0.505531
0.607851
0.43199
0.446093
0.537033
0.567874
0.47993
0.36452
0.556331
0.603568
0.485859
0.572807
0.432758
0.343375
0.519765
0.465213
0.646454
0.657544
0.481297
0.37626
0.534368
0.320621
0.595053
0.462361
0.484051
0.607572
0.456468
0.589535
0.525574
0.480353
0.464992
0.629716
0.488381
0.406895
0.485156
0.540833
0.481214
0.414628
0.355038
0.353481
0.519736
0.415813
0.515539
0.509681
0.467809
0.552142
0.562791
0.596846
0.574847
0.391177
0.529914
0.49277
0.383036
0.367383
0.583272
0.485084
0.444637
0.395672
0.472239
0.451279
0.630986
0.295496
0.500453
0.483079
0.531209
0.548738
0.590375
0.511567
0.530093
0.374741
0.491932
0.437154
0.420932
0.641029
0.539901
0.591116
0.350604
0.538407
0.693602
0.453091
0.510512
0.63426
0.496375
0.421587
0.478462
0.578077
0.571223
0.582195
0.382912
0.668338
0.422915
0.640873
0.402484
0.600085
0.445737
0.387305
0.529998
0.497639
0.539985
0.526022
0.6217
0.697084
0.519231
0.560595
0.518795
0.578313
0.444243
0.4389
0.569738
0.556557
0.548403
0.665073
0.398219
0.52849
0.523342
0.456479
0.553119
0.52818
0.412412
0.571621
0.34316
0.383256
0.613555
0.457614
0.600354
0.571891
0.521991
0.563479
0.632796
0.366285
0.447093
0.43819
0.718693
0.508548
0.416694
0.680031
0.56001
0.599994
0.635997
0.426519
0.355425
0.39505
0.397153
0.471769
0.268786
0.376101
0.53948
0.470846
0.560589
0.645798
0.539216
0.438319
0.416458
0.508454
0.361582
0.470858
0.347981
0.322365
0.336853
0.5214
0.257686
0.490011
0.526038
0.425056
0.551321
0.413258
0.420684
0.42458
0.347039
0.475853
0.675201
0.465879
0.572465
0.625638
0.399034
0.531725
0.557054
0.714084
0.539924
0.554435
0.618532
0.510884
0.368355
0.495999
0.408646
0.54652
0.627262
0.606739
0.524821
0.445864
0.539919
0.471293
0.510756
0.501019
0.572867
0.423311
0.460396
0.591798
0.429643
0.65797
0.606091
0.297341
0.504961
0.494023
0.613212
0.552583
0.357925
0.534779
0.519848
0.588404
0.466749
0.450061
0.451653
0.354454
0.506357
0.548837
0.608293
0.458824
0.544164
0.534889
0.459366
0.36886
0.678213
0.635536
0.504065
0.702595
0.545801
0.666072
0.54026
0.400424
0.609556
0.640259
0.655088
0.501799
0.481926
0.459848
0.590542
0.561876
0.577862
0.413776
0.453953
0.528222
0.389436
0.690324
0.334674
0.657811
0.355032
0.453201
0.454666
0.489733
0.549632
0.455154
0.42212
0.499165
0.351656
0.460372
0.373613
0.343325
0.645699
0.519601
0.581755
0.370286
0.49942
0.389551
0.471635
0.396676
0.506755
0.51083
0.530823
0.470456
0.418514
0.356289
0.514078
0.620109
0.485344
0.534327
0.5353
0.451756
0.416933
0.479362
0.605702
0.390832
0.615255
0.584314
0.418559
0.47515
0.668532
0.427633
0.39731
0.491323
0.396536
0.520025
0.515193
0.506646
0.516717
0.543717
0.46099
0.583748
0.454584
0.479734
0.466885
0.475426
0.650651
0.416336
0.430826
0.58227
0.620177
0.5044
0.557189
0.515816
0.500835
0.47322
0.405971
0.445141
0.477334
0.442803
0.482106
0.414961
0.500958
0.666454
0.412945
0.708439
0.425863
0.410053
0.45332
0.588097
0.362877
0.522113
0.524031
0.483336
0.605495
0.371341
0.430986
0.40328
0.311607
0.3261
0.528663
0.43876
0.528454
0.522812
0.482922
0.477455
0.527194
0.618018
0.454652
0.591337
0.367351
0.441426
0.567097
0.565736
0.440357
0.564995
0.436152
0.424485
0.545282
0.375695
0.434291
0.365779
0.528752
0.587299
0.325226
0.458525
0.374988
0.449162
0.447783
0.35911
0.460754
0.507647
0.443886
0.4937
0.493974
0.348494
0.416967
0.511296
0.533622
0.496061
0.573494
0.64797
0.542439
0.768079
0.641752
0.452832
0.55292
0.482159
0.378386
0.711451
0.430909
0.582983
0.564634
0.462605
0.600081
0.606757
0.560602
0.539383
0.444445
0.522155
0.427298
0.375835
0.334973
0.484648
0.542595
0.505503
0.530291
0.513755
0.428653
0.538342
0.380352
0.450437
0.374791
0.437681
0.415849
0.574466
0.681141
0.429032
0.535078
0.45931
0.564881
0.457723
0.503851
0.614684
0.56222
0.37247
0.362959
0.614609
0.52571
0.547182
0.691604
0.531452
0.557892
0.563414
0.304114
0.594091
0.438656
0.461085
0.461177
0.461005
0.695138
0.42519
0.455711
0.446735
0.429349
0.411424
0.587419
0.562821
0.460152
0.623776
0.468972
0.631993
0.652628
0.542304
0.510665
0.407027
0.499233
0.459478
0.309309
0.47334
0.583601
0.518612
0.421021
0.537067
0.399226
0.358067
0.426473
0.498005
0.611675
0.55009
0.601094
0.579469
0.544375
0.483252
0.381583
0.534762
0.434451
0.472682
0.574044
0.672622
0.646465
0.492369
0.577919
0.641652
0.44834
0.509031
0.503833
0.586416
0.445138
0.457156
0.542348
0.535511
0.432786
0.430002
0.494546
0.504624
0.375237
0.371493
0.404258
0.595179
0.524963
0.339103
0.535662
0.541908
0.398081
0.567976
0.518885
0.510265
0.581832
0.601686
0.640145
0.467316
0.493517
0.465207
0.581884
0.647349
0.726421
0.440796
0.62223
0.706148
0.509649
0.667675
0.482054
0.405482
0.575213
0.521541
0.361787
0.492069
0.467104
0.440088
0.539056
0.532877
0.443508
0.645874
0.502127
0.641337
0.414709
0.678059
0.573026
0.476646
0.425642
0.479636
0.528134
0.52103
0.433468
0.496993
0.452945
0.537481
0.646933
0.53376
0.471591
0.383136
0.385699
0.461066
0.470641
0.501129
0.58423
0.621495
0.59058
0.436393
0.406214
0.674165
0.587304
0.41856
0.551942
0.613535
0.569831
0.527747
0.532415
0.554673
0.399388
0.506684
0.45042
0.512917
0.588889
0.605298
0.470177
0.515955
0.570764
0.641501
0.473569
0.571577
0.404982
0.334626
0.392408
0.574443
0.57802
0.515562
0.472556
0.570422
0.397459
0.54035
0.367137
0.507174
0.515757
0.431604
0.472509
0.384815
0.42068
0.344817
0.512024
0.580678
0.508783
0.504251
0.539059
0.357319
0.612216
0.475773
0.572164
0.473067
0.578057
0.641638
0.491617
0.59961
0.503265
0.514913
0.418051
0.511218
0.407274
0.378846
0.460249
0.445399
0.478123
0.559174
0.560587
0.444917
0.556956
0.535018
0.683034
0.376265
0.529611
0.56664
0.480005
0.479844
0.372929
0.566034
0.540775
0.442256
0.357324
0.558949
0.465583
0.491266
0.536058
0.484611
0.425934
0.399151
0.355573
0.452066
0.463029
0.440322
0.500124
0.519717
0.542677
0.584232
0.537905
0.587299
0.426398
0.31477
0.564699
0.487163
0.534896
0.552472
0.545066
0.334437
0.571432
0.416066
0.629916
0.44325
0.439077
0.394985
0.683287
0.43888
0.527189
0.41467
0.479994
0.393352
0.358908
0.561639
0.43977
0.584639
0.282836
0.495423
0.442397
0.527305
0.558484
0.709682
0.522241
0.545077
0.426489
0.514899
0.669507
0.55347
0.470988
0.600281
0.469454
0.493278
0.57296
0.392589
0.489678
0.403367
0.419735
0.364822
0.579522
0.543898
0.577305
0.457801
0.574549
0.378724
0.548434
0.462877
0.50293
0.598395
0.631027
0.474145
0.469497
0.612847
0.457558
0.553678
0.447139
0.365499
0.437831
0.463484
0.434095
0.318163
0.443696
0.503011
0.339626
0.428799
0.565789
0.45122
0.539455
0.491823
0.538752
0.547366
0.496246
0.33333
0.572795
0.454797
0.669334
0.551236
0.545877
0.437254
0.541796
0.363025
0.402188
0.537284
0.571872
0.471409
0.469004
0.38154
0.52965
0.48091
0.445421
0.44793
0.608838
0.49597
0.432858
0.514675
0.307339
0.503922
0.768634
0.671552
0.549269
0.493744
0.490325
0.508712
0.574956
0.58422
0.400029
0.408637
0.454358
0.532769
0.514045
0.351964
0.283256
0.468862
0.674908
0.608031
0.400482
0.643607
0.46911
0.516195
0.518331
0.509731
0.435247
0.574092
0.387243
0.543849
0.563742
0.534199
0.519726
0.395575
0.480695
0.370179
0.477389
0.595663
0.574823
0.609673
0.47889
0.478046
0.567855
0.540358
0.615492
0.668287
0.545153
0.581221
0.564808
0.463607
0.454739
0.571191
0.672272
0.477322
0.449313
0.562397
0.523718
0.443177
0.487256
0.415492
0.461417
0.472703
0.325006
0.579642
0.399768
0.631407
0.324623
0.599917
0.375799
0.547237
0.666748
0.53
0.6235
0.687439
0.600565
0.53827
0.489943
0.537562
0.478798
0.380479
0.51503
0.589039
0.517175
0.372396
0.575635
0.389418
0.484176
0.430945
0.548795
0.431975
0.368327
0.462536
0.477532
0.459101
0.586673
0.56241
0.626757
0.526511
0.589494
0.549021
0.59567
0.62297
0.38271
0.492596
0.506919
0.562901
0.430863
0.40718
0.421721
0.466888
0.419921
0.660654
0.634048
0.517742
0.450612
0.617329
0.475885
0.427465
0.499346
0.562905
0.319462
0.373082
0.525234
0.571735
0.491299
0.556994
0.618099
0.36148
0.41677
0.62014
0.57377
0.340408
0.392827
0.483928
0.449391
0.58774
0.540429
0.519525
0.392837
0.517608
0.517103
0.540802
0.456781
0.462339
0.274005
0.489819
0.399324
0.370942
0.520724
0.631455
0.339531
0.353822
0.415002
0.596406
0.477621
0.514923
0.423436
0.509434
0.305937
0.497617
0.403134
0.412426
0.628275
0.530868
0.433216
0.539457
0.471515
0.597302
0.578931
0.423714
0.614928
0.555005
0.500111
0.513804
0.478922
0.430024
0.519532
0.449611
0.406425
0.456672
0.545712
0.495521
0.436467
0.477947
0.598551
0.551524
0.610965
0.528475
0.615131
0.460298
0.472111
0.507592
0.616899
0.4011
0.599159
0.410292
0.498375
0.408906
0.49982
0.518964
0.351416
0.479897
0.512893
0.368977
0.367973
0.422074
0.59514
0.586315
0.668211
0.482417
0.456845
0.555664
0.479732
0.529656
0.476883
0.512447
0.647568
0.594399
0.469548
0.562527
0.483518
0.365998
0.691785
0.318401
0.5673
0.51821
0.47087
0.400882
0.390904
0.583343
0.399022
0.590438
0.591427
0.617251
0.582781
0.422494
0.446593
0.595189
0.451455
0.506154
0.511051
0.451214
0.420292
0.505985
0.450465
0.521433
0.470475
0.461631
0.584303
0.4741
0.549427
0.430194
0.577142
0.607207
0.611325
0.521484
0.522234
0.466839
0.50912
0.456375
0.439929
0.487274
0.615786
0.713684
0.467536
0.476418
0.493897
0.541119
0.546024
0.567847
0.549077
0.491034
0.612952
0.733373
0.494224
0.501849
0.289854
0.597719
0.417869
0.581167
0.506263
0.419523
0.491398
0.456788
0.431429
0.500575
0.566277
0.546943
0.488721
0.657825
0.503857
0.661263
0.506577
0.64036
0.646695
0.379129
0.613806
0.496225
0.481772
0.46222
0.415932
0.491579
0.562375
0.543222
0.493173
0.457378
0.446818
0.392826
0.639572
0.386401
0.378598
0.302297
0.416686
0.526105
0.273969
0.429038
0.524154
0.710448
0.499328
0.537763
0.59338
0.646479
0.412228
0.530006
0.589437
0.519141
0.406218
0.589888
0.560264
0.500402
0.441133
0.484192
0.601067
0.546474
0.556848
0.439974
0.605807
0.439546
0.359938
0.483073
0.456496
0.578099
0.739061
0.356061
0.255005
0.442546
0.506327
0.44431
0.33091
0.560586
0.578279
0.524029
0.562891
0.469305
0.501555
0.506257
0.530038
0.518748
0.394681
0.385979
0.463368
0.484299
0.41887
0.515675
0.496733
0.652895
0.307093
0.507757
0.620241
0.420747
0.572103
0.530542
0.418171
0.487887
0.580498
0.397511
0.327319
0.457529
0.521307
0.559822
0.480575
0.645882
0.514014
0.597144
0.604467
0.580717
0.592299
0.662074
0.51831
0.414628
0.46623
0.568545
0.536475
0.401608
0.507004
0.62477
0.504252
0.583196
0.51477
0.396467
0.601632
0.50312
0.52146
0.546204
0.628281
0.517013
0.546958
0.529934
0.436863
0.486434
0.668362
0.441866
0.610785
0.544083
0.678465
0.584049
0.486326
0.289758
0.401031
0.397147
0.498056
0.524257
0.296808
0.524069
0.580314
0.45108
0.435661
0.588264
0.586439
0.373443
0.526577
0.553644
0.491372
0.586792
0.388744
0.49327
0.522115
0.514614
0.613267
0.629069
0.514474
0.458062
0.406529
0.415025
0.423399
0.427505
0.522585
0.421442
0.418152
0.496821
0.483397
0.538009
0.472422
0.468865
0.452116
0.5486
0.613447
0.363243
0.466033
0.440843
0.623065
0.435134
0.452214
0.398698
0.387557
0.506598
0.440257
0.386403
0.57204
0.539438
0.452995
0.367323
0.449059
0.401349
0.497399
0.411393
0.53997
0.674756
0.494314
0.529995
0.53157
0.630363
0.477093
0.537259
0.409361
0.535147
0.655587
0.471961
0.502745
0.587123
0.483353
0.424312
0.66633
0.366914
0.582353
0.597121
0.525459
0.368802
0.570829
0.490941
0.392967
0.721561
0.506429
0.637994
0.418068
0.43209
0.498089
0.519793
0.457211
0.482449
0.456548
0.488576
0.360613
0.583631
0.544827
0.372781
0.547109
0.436991
0.356352
0.581978
0.593854
0.47696
0.389861
0.536816
0.396329
0.566297
0.506608
0.534708
0.65799
0.587809
0.54679
0.522118
0.54782
0.524109
0.448537
0.379489
0.51796
0.439651
0.554203
0.634995
0.402468
0.476926
0.505111
0.408465
0.422192
0.551372
0.417294
0.44696
0.299646
0.577188
0.497209
0.548692
0.541663
0.578931
0.597772
0.682057
0.576524
0.541384
0.531502
0.491778
0.436172
0.622891
0.44894
0.344276
0.553006
0.604971
0.55694
0.499539
0.594673
0.673695
0.592811
0.406937
0.489183
0.525977
0.386718
0.307571
0.596559
0.56656
0.53614
0.585904
0.462171
0.409157
0.382594
0.448583
0.440774
0.517862
0.622248
0.518512
0.609208
0.522579
0.398437
0.417389
0.48961
0.414902
0.515515
0.570091
0.483881
0.478522
0.57988
0.599424
0.574089
0.430896
0.315409
0.389942
0.672368
0.550554
0.51695
0.584657
0.507785
0.437108
0.396932
0.438658
0.516568
0.598659
0.446547
0.488782
0.45597
0.483954
0.474363
0.508653
0.590978
0.474312
0.501662
0.50356
0.406955
0.322995
0.685156
0.559786
0.480222
0.477343
0.504188
0.598185
0.592509
0.541659
0.390891
0.491936
0.504073
0.436492
0.598216
0.493552
0.604221
0.482592
0.59213
0.476429
0.436872
0.485521
0.520682
0.531296
0.552684
0.419497
0.554074
0.468168
0.668202
0.606757
0.506242
0.459487
0.516375
0.461348
0.53988
0.420353
0.751694
0.413934
0.523253
0.356849
0.427116
0.45684
0.648518
0.423668
0.38885
0.44623
0.537729
0.517375
0.43897
0.670967
0.454049
0.4918
0.594744
0.64535
0.502156
0.517225
0.427467
0.505591
0.44319
0.415173
0.592486
0.687545
0.566028
0.585765
0.566026
0.535872
0.448048
0.504773
0.483319
0.342438
0.404991
0.402642
0.626448
0.33446
0.370889
0.547932
0.439229
0.630527
0.66547
0.64275
0.550356
0.455286
0.297836
0.497951
0.464936
0.651254
0.421637
0.490978
0.53846
0.548861
0.298339
0.519438
0.476148
0.453493
0.541622
0.548603
0.604517
0.380941
0.30733
0.611229
0.440945
0.420358
0.359815
0.653212
0.540863
0.426432
0.586905
0.428777
0.63118
0.640183
0.452156
0.534027
0.442391
0.410418
0.464431
0.627877
0.430758
0.435559
0.411273
0.524496
0.435858
0.568184
0.543937
0.451602
0.34768
0.522312
0.41835
0.654045
0.661382
0.596102
0.48768
0.382331
0.576713
0.370276
0.4086
0.540847
0.55301
0.365272
0.56474
0.480735
0.559586
0.537753
0.527213
0.707499
0.465246
0.36977
0.463541
0.533606
0.389552
0.551532
0.572661
0.541468
0.592382
0.481397
0.46516
0.432392
0.507222
0.404335
0.524231
0.422189
0.527544
0.382799
0.574301
0.504331
0.534531
0.441571
0.650658
0.436691
0.5083
0.450823
0.50481
0.518035
0.493711
0.509274
0.396742
0.405623
0.695718
0.462001
0.516606
0.485419
0.458154
0.435096
0.544816
0.441549
0.433746
0.592026
0.500907
0.681844
0.482029
0.414228
0.647939
0.561405
0.735791
0.581087
0.610613
0.406345
0.555534
0.372138
0.531698
0.374967
0.545369
0.436968
0.632742
0.503822
0.432668
0.575975
0.561487
0.471236
0.517699
0.447746
0.499771
0.571068
0.578371
0.366547
0.672138
0.524583
0.669127
0.475996
0.536774
0.468517
0.481938
0.382715
0.45678
0.342553
0.541239
0.506358
0.641225
0.559566
0.583563
0.350107
0.411804
0.377192
0.626551
0.418357
0.592344
0.399376
0.260886
0.406001
0.734807
0.621777
0.502646
0.25633
0.48685
0.494997
0.52244
0.532278
0.472384
0.514816
0.621633
0.568356
0.49802
0.458717
0.654841
0.468292
0.514657
0.373203
0.501801
0.486053
0.654901
0.47649
0.570624
0.475562
0.433398
0.676397
0.368345
0.517118
0.338568
0.613333
0.603585
0.526131
0.66064
0.523502
0.390049
0.522489
0.592298
0.477557
0.398507
0.386494
0.504634
0.585119
0.558774
0.449994
0.642538
0.465714
0.542149
0.46895
0.300038
0.471854
0.458659
0.396381
0.627529
0.51013
0.482364
0.42226
0.38921
0.441348
0.371887
0.569579
0.530486
0.4509
0.482235
0.433496
0.631477
0.465706
0.367898
0.423088
0.41418
0.454226
0.656087
0.512934
0.43726
0.581205
0.622925
0.63436
0.553819
0.498958
0.434263
0.633889
0.523927
0.542152
0.516731
0.399044
0.465091
0.353234
0.503537
0.399349
0.490247
0.40076
0.653413
0.612988
0.624256
0.463077
0.470036
0.607296
0.506326
0.53494
0.653154
0.713843
0.477138
0.574829
0.591537
0.486584
0.415896
0.44585
0.461801
0.554178
0.533926
0.613301
0.626043
0.475241
0.54783
0.547107
0.625139
0.37795
0.446632
0.637509
0.643472
0.613085
0.433761
0.467522
0.574732
0.572229
0.566087
0.495873
0.547376
0.420524
0.428684
0.589231
0.472218
0.466035
0.575359
0.502757
0.553527
0.435402
0.531406
0.543107
0.558924
0.648172
0.496462
0.558215
0.372277
0.479786
0.401726
0.483317
0.557679
0.575932
0.367226
0.532833
0.441543
0.428557
0.57122
0.662909
0.473694
0.346543
0.485214
0.539527
0.557308
0.55168
0.544505
0.332299
0.441398
0.503229
0.615548
0.514184
0.548502
0.502034
0.587853
0.582529
0.56409
0.447779
0.559535
0.627012
0.443148
0.520674
0.602036
0.45518
0.493288
0.531471
0.480949
0.546481
0.572636
0.431397
0.576275
0.440806
0.494659
0.396244
0.486863
0.377726
0.461014
0.396488
0.420168
0.587778
0.547379
0.437998
0.559893
0.497286
0.446157
0.405531
0.470467
0.443388
0.423837
0.463873
0.538729
0.406058
0.579705
0.369139
0.569589
0.549117
0.696516
0.415408
0.443842
0.622337
0.452621
0.589506
0.512728
0.511924
0.518963
0.529443
0.545221
0.536824
0.593275
0.479624
0.360446
0.373431
0.527691
0.508637
0.569034
0.251462
0.684904
0.403071
0.513615
0.498889
0.611918
0.573477
0.640076
0.523997
0.649329
0.606222
0.447594
0.407792
0.397991
0.36767
0.456887
0.440117
0.543817
0.614769
0.702502
0.56802
0.595391
0.488761
0.496403
0.535058
0.417942
0.466424
0.526474
0.375373
0.351178
0.515881
0.445032
0.486549
0.377337
0.551677
0.568769
0.540393
0.259767
0.30649
0.653019
0.700968
0.701206
0.634486
0.619607
0.604326
0.47489
0.633985
0.408969
0.314585
0.460465
0.424775
0.493611
0.506114
0.670642
0.638049
0.531423
0.531772
0.483401
0.474609
0.553722
0.422289
0.498467
0.359629
0.374342
0.422044
0.415708
0.469934
0.272475
0.401637
0.386966
0.532399
0.343384
0.497822
0.42179
0.389739
0.5275
0.616519
0.431407
0.502599
0.419849
0.594776
0.674192
0.504534
0.528124
0.552711
0.419802
0.34911
0.589162
0.276631
0.578043
0.586002
0.469956
0.55965
0.442438
0.475657
0.470772
0.386322
0.477389
0.499708
0.514321
0.482948
0.43172
0.447
0.446348
0.365345
0.590278
0.65275
0.589429
0.601069
0.479223
0.540999
0.483131
0.663208
0.519482
0.568201
0.51014
0.388017
0.576808
0.488415
0.349336
0.458844
0.585735
0.558246
0.513214
0.523933
0.428688
0.572341
0.518464
0.615853
0.430344
0.467868
0.404907
0.475464
0.481316
0.359119
0.55941
0.39347
0.534072
0.560967
0.517804
0.567789
0.517972
0.532629
0.509232
0.435109
0.499148
0.420787
0.573753
0.570158
0.464918
0.603822
0.525466
0.556377
0.441286
0.536527
0.549771
0.516841
0.456006
0.367373
0.614852
0.454423
0.338598
0.548001
0.343812
0.485355
0.602602
0.477325
0.535354
0.560503
0.484255
0.520238
0.437258
0.353827
0.515713
0.613608
0.568348
0.557628
0.389793
0.519884
0.551021
0.359399
0.527183
0.511295
0.557845
0.485177
0.285916
0.565285
0.59211
0.479523
0.456837
0.424481
0.413636
0.452352
0.567703
0.322132
0.487565
0.458037
0.472447
0.496657
0.475225
0.482338
0.531054
0.61653
0.302615
0.597883
0.389396
0.409454
0.533426
0.509059
0.547286
0.53738
0.339935
0.542364
0.556912
0.481623
0.70651
0.44839
0.522728
0.499941
0.416886
0.566788
0.477755
0.590147
0.567753
0.365711
0.490211
0.442443
0.517613
0.402394
0.608219
0.485335
0.621292
0.461675
0.379312
0.527645
0.616857
0.514431
0.485333
0.471794
0.523132
0.398057
0.412228
0.621181
0.472388
0.456254
0.428144
0.327139
0.444205
0.585576
0.472171
0.618608
0.282903
0.521326
0.559927
0.530328
0.472339
0.355545
0.39114
0.592992
0.408288
0.514999
0.398242
0.571483
0.550019
0.537241
0.503953
0.53494
0.449096
0.567936
0.559666
0.415091
0.644817
0.662859
0.51542
0.656927
0.482144
0.513064
0.426111
0.388438
0.549357
0.421932
0.427514
0.633818
0.649074
0.547931
0.619586
0.467171
0.507704
0.487086
0.57344
0.651431
0.494777
0.504327
0.532277
0.529847
0.365036
0.433006
0.505458
0.435047
0.552542
0.44707
0.458833
0.653358
0.63749
0.6705
0.383333
0.529711
0.472808
0.523806
0.477715
0.521096
0.499039
0.51751
0.510312
0.404233
0.492395
0.487711
0.628494
0.715735
0.582296
0.428977
0.46347
0.450725
0.441093
0.614977
0.431982
0.268513
0.390103
0.307408
0.365324
0.45159
0.48247
0.438936
0.600043
0.43688
0.414783
0.416033
0.743577
0.5858
0.48579
0.422721
0.381989
0.382388
0.461941
0.516432
0.325877
0.646368
0.625913
0.492316
0.59442
0.520707
0.575675
0.452488
0.516459
0.440871
0.60804
0.551891
0.381384
0.515625
0.562082
0.502561
0.501542
0.446906
0.514189
0.703284
0.451737
0.488927
0.407923
0.62175
0.430367
0.494351
0.46828
0.491506
0.340572
0.31801
0.491339
0.396115
0.518743
0.546311
0.616694
0.398149
0.4416
0.393125
0.581477
0.430735
0.621976
0.550617
0.521182
0.504571
0.657349
0.606109
0.523904
0.493485
0.524059
0.433761
0.461013
0.346727
0.514064
0.44248
0.608697
0.436397
0.589996
0.609131
0.441212
0.483525
0.588173
0.448792
0.518063
0.416483
0.628139
0.471436
0.60379
0.400592
0.291209
0.447092
0.450383
0.537899
0.409403
0.64918
0.538816
0.471302
0.460048
0.668382
0.317541
0.537318
0.490251
0.48707
0.492227
0.496965
0.499344
0.476946
0.312426
0.434395
0.4863
0.430238
0.467235
0.548034
0.423042
0.657423
0.343467
0.569193
0.543453
0.582129
0.516212
0.528217
0.441831
0.536497
0.433092
0.448445
0.3534
0.607964
0.619936
0.383364
0.343426
0.511081
0.37697
0.622535
0.460389
0.655617
0.65106
0.477002
0.612541
0.554877
0.560927
0.515057
0.60613
0.465814
0.418681
0.454396
0.537439
0.575166
0.632396
0.526845
0.459707
0.443502
0.690895
0.517012
0.549927
0.391733
0.523286
0.436342
0.579373
0.462282
0.392205
0.329257
0.445675
0.509776
0.521147
0.718172
0.353109
0.373771
0.472646
0.579362
0.531729
0.658687
0.585489
0.40181
0.364818
0.493769
0.645534
0.5163
0.348101
0.368576
0.406154
0.492211
0.53302
0.637111
0.59067
0.584595
0.410301
0.456418
0.4006
0.674278
0.568947
0.573072
0.41992
0.478915
0.619696
0.393689
0.446969
0.523036
0.300882
0.473208
0.502002
0.640312
0.588562
0.527374
0.449834
0.54141
0.511645
0.623499
0.543399
0.615981
0.526713
0.426222
0.435478
0.647445
0.636079
0.572679
0.62223
0.504433
0.436574
0.42411
0.373589
0.432881
0.365431
0.488615
0.671985
0.507929
0.463573
0.532413
0.62225
0.714934
0.40548
0.594625
0.31199
0.614076
0.448742
0.49324
0.293094
0.503163
0.635315
0.357602
0.721471
0.528439
0.430376
0.445404
0.5335
0.503305
0.41361
0.699811
0.454097
0.480064
0.541647
0.475029
0.6227
0.57994
0.479287
0.506256
0.589877
0.721762
0.551041
0.622635
0.578685
0.499883
0.393446
0.399466
0.521288
0.547058
0.39249
0.418602
0.572774
0.478144
0.469419
0.453599
0.470502
0.445657
0.632074
0.418871
0.54872
0.348373
0.53784
0.419716
0.534598
0.719313
0.618175
0.612775
0.543238
0.679621
0.293602
0.434123
0.455617
0.57997
0.461952
0.474848
0.404821
0.561332
0.371563
0.481634
0.412359
0.45206
0.59501
0.532519
0.407721
0.378414
0.397903
0.485653
0.430772
0.600819
0.451145
0.421542
0.457974
0.498272
0.563975
0.496922
0.509826
0.408512
0.519033
0.601045
0.488338
0.391684
0.569551
0.552842
0.459736
0.520421
0.412747
0.300073
0.439025
0.609384
0.482324
0.479213
0.549421
0.382497
0.506963
0.567509
0.421096
0.73624
0.460542
0.406285
0.660056
0.39253
0.583748
0.397222
0.359401
0.444888
0.485662
0.670998
0.541613
0.386717
0.337783
0.500353
0.611927
0.470707
0.551874
0.577261
0.469245
0.583511
0.486921
0.39658
0.562451
0.530009
0.359397
0.486184
0.496412
0.406622
0.434934
0.496262
0.48334
0.603313
0.458404
0.508098
0.501594
0.409034
0.633334
0.645322
0.565414
0.505581
0.490459
0.66827
0.425497
0.619928
0.289147
0.60475
0.511702
0.5653
0.474335
0.418165
0.495605
0.436388
0.465496
0.536602
0.492012
0.634267
0.483098
0.564149
0.434962
0.281739
0.421896
0.468368
0.455144
0.549967
0.45932
0.48549
0.352058
0.552432
0.641114
0.507579
0.495667
0.372413
0.415305
0.513542
0.408692
0.67531
0.489473
0.678541
0.672092
0.517327
0.465199
0.443996
0.362693
0.497163
0.657488
0.553058
0.673347
0.507524
0.335857
0.554046
0.682362
0.628425
0.627689
0.547027
0.530418
0.564399
0.403353
0.496374
0.429524
0.562905
0.516524
0.554772
0.370027
0.661362
0.501989
0.541815
0.408058
0.495407
0.437204
0.493003
0.407227
0.461121
0.552695
0.44257
0.574774
0.359136
0.530374
0.526269
0.473789
0.458673
0.557689
0.387865
0.409529
0.404747
0.409478
0.345774
0.579257
0.551886
0.408269
0.423902
0.541438
0.442926
0.567699
0.473443
0.601537
0.36154
0.452618
0.410002
0.528063
0.472364
0.493347
0.563107
0.403911
0.422708
0.57049
0.382801
0.484467
0.515011
0.340563
0.470678
0.475337
0.469352
0.501658
0.700375
0.55898
0.380483
0.402228
0.465194
0.590914
0.634005
0.675
0.438177
0.452584
0.381484
0.331941
0.452617
0.58939
0.384413
0.585084
0.508653
0.478762
0.522145
0.561943
0.484234
0.364589
0.61902
0.463152
0.376412
0.460715
0.681117
0.563864
0.621567
0.46762
0.543162
0.489354
0.540833
0.562797
0.411337
0.499172
0.529644
0.416766
0.547851
0.493118
0.457975
0.453056
0.478302
0.506183
0.470516
0.211896
0.413023
0.588536
0.573667
0.593757
0.558751
0.570533
0.468894
0.550311
0.557119
0.391624
0.439661
0.556754
0.221624
0.525956
0.421781
0.54087
0.454885
0.266352
0.584712
0.460595
0.413163
0.432278
0.523968
0.313282
0.345255
0.446304
0.512462
0.426225
0.468052
0.477465
0.281282
0.619449
0.451199
0.478848
0.498015
0.54817
0.468442
0.650629
0.483446
0.423709
0.533412
0.538689
0.555055
0.578082
0.472762
0.432854
0.608438
0.578886
0.499706
0.457689
0.545411
0.417496
0.53618
0.35272
0.430218
0.584997
0.392004
0.517812
0.402917
0.516706
0.444579
0.453395
0.401693
0.427499
0.572785
0.554084
0.543458
0.676613
0.48395
0.518182
0.384815
0.591959
0.532871
0.414441
0.533071
0.550425
0.667045
0.501379
0.499657
0.55201
0.542429
0.423328
0.485982
0.44209
0.439189
0.411343
0.464372
0.527472
0.467061
0.495941
0.364446
0.49833
0.585116
0.592625
0.497885
0.709518
0.57085
0.549974
0.652265
0.59115
0.658703
0.554052
0.657213
0.549754
0.628252
0.561753
0.373873
0.387709
0.457481
0.489627
0.481271
0.510088
0.466697
0.613629
0.330842
0.504413
0.663798
0.539136
0.413056
0.470271
0.561781
0.479505
0.427701
0.542111
0.674505
0.535314
0.472069
0.389971
0.406913
0.495375
0.458933
0.499275
0.541041
0.384474
0.448855
0.422269
0.479313
0.461744
0.529034
0.360029
0.541798
0.427441
0.393545
0.675444
0.624209
0.524815
0.477496
0.353907
0.508635
0.527699
0.570256
0.519925
0.479129
0.383298
0.580602
0.484215
0.429413
0.533601
0.649246
0.537282
0.560161
0.467744
0.501904
0.521875
0.548435
0.561528
0.708682
0.408133
0.632036
0.439252
0.46325
0.561615
0.486661
0.446871
0.3179
0.335846
0.48394
0.454444
0.508253
0.637394
0.60357
0.509711
0.574043
0.502903
0.432905
0.643566
0.530055
0.593929
0.522555
0.682071
0.563934
0.556805
0.676663
0.448607
0.635285
0.411198
0.441708
0.443611
0.523074
0.422396
0.517839
0.568299
0.616064
0.5788
0.551886
0.512654
0.563628
0.437476
0.581362
0.556877
0.301947
0.417042
0.483931
0.539401
0.643289
0.608578
0.546955
0.423474
0.563667
0.341627
0.506909
0.548223
0.546879
0.483793
0.418594
0.379025
0.440566
0.468825
0.59925
0.475899
0.652573
0.5395
0.652802
0.477559
0.76358
0.557996
0.614667
0.452672
0.454609
0.577898
0.467659
0.398744
0.245655
0.588338
0.464726
0.473013
0.414385
0.532201
0.654395
0.518576
0.511469
0.466745
0.439935
0.402944
0.611779
0.476364
0.513453
0.515068
0.53834
0.563638
0.491239
0.570822
0.4686
0.636243
0.536881
0.455832
0.480186
0.673652
0.493788
0.388429
0.516037
0.399029
0.358946
0.414418
0.446416
0.398051
0.514859
0.449277
0.577963
0.517862
0.496826
0.462282
0.307635
0.445744
0.407797
0.450972
0.441997
0.508473
0.503278
0.583276
0.500021
0.649788
0.453861
0.58853
0.490176
0.534752
0.453129
0.557508
0.700267
0.596233
0.473846
0.465516
0.661129
0.380104
0.58549
0.461477
0.542947
0.462204
0.431351
0.569881
0.415611
0.401468
0.623557
0.43133
0.552195
0.46008
0.449578
0.461366
0.377287
0.362879
0.59387
0.436134
0.459562
0.384663
0.663526
0.417361
0.620638
0.345453
0.566913
0.508037
0.579931
0.560181
0.429464
0.584079
0.477852
0.430647
0.54093
0.57618
0.417366
0.384043
0.613555
0.579932
0.336593
0.453702
0.49082
0.551249
0.57276
0.364176
0.5815
0.497978
0.400508
0.524115
0.504007
0.40754
0.325173
0.446857
0.611088
0.354313
0.584357
0.510034
0.525136
0.609398
0.458723
0.331888
0.449519
0.429291
0.615637
0.48344
0.531489
0.428928
0.606909
0.572005
0.437381
0.448433
0.51457
0.323
0.46099
0.501835
0.58624
0.553385
0.621144
0.549917
0.624343
0.371453
0.614666
0.668269
0.491045
0.454142
0.576063
0.585509
0.563462
0.544417
0.45545
0.445567
0.421345
0.677664
0.561352
0.501817
0.572099
0.487492
0.625202
0.579741
0.515648
0.457686
0.629509
0.548746
0.524315
0.478516
0.501805
0.422613
0.460558
0.531965
0.311668
0.462023
0.578019
0.471878
0.41824
0.381449
0.349061
0.481433
0.400851
0.566667
0.434551
0.481729
0.365483
0.487988
0.659373
0.531705
0.45499
0.448284
0.479757
0.401004
0.501126
0.53372
0.526209
0.513812
0.541609
0.639062
0.578436
0.45309
0.385584
0.618311
0.776374
0.481042
0.646025
0.465329
0.594027
0.473053
0.567759
0.558024
0.500522
0.678756
0.364949
0.503569
0.405418
0.415268
0.642049
0.601039
0.532978
0.564061
0.407366
0.591754
0.592751
0.484343
0.398566
0.49652
0.311494
0.572205
0.624563
0.542873
0.564089
0.386219
0.588443
0.564325
0.388801
0.526584
0.691182
0.507538
0.494836
0.396292
0.526104
0.512225
0.667859
0.489222
0.259176
0.632532
0.451767
0.44147
0.650372
0.447503
0.332647
0.448607
0.506537
0.462184
0.373562
0.49301
0.466287
0.429815
0.446397
0.541753
0.502679
0.529435
0.579704
0.467022
0.489518
0.512191
0.489126
0.407365
0.612339
0.583484
0.579616
0.529521
0.415233
0.417039
0.506358
0.56699
0.659886
0.700873
0.653928
0.402882
0.633305
0.594033
0.440895
0.531012
0.475902
0.426904
0.37973
0.470603
0.51174
0.70677
0.519523
0.526379
0.547914
0.394243
0.471697
0.477216
0.470183
0.495051
0.266525
0.442938
0.597148
0.465605
0.510957
0.320255
0.465391
0.459676
0.515875
0.595239
0.603191
0.447378
0.333584
0.53113
0.610546
0.416628
0.59399
0.496703
0.398421
0.521079
0.550572
0.341793
0.350275
0.46751
0.344909
0.543011
0.354089
0.639496
0.571192
0.534076
0.413265
0.433121
0.469785
0.5016
0.479932
0.534413
0.501586
0.668563
0.664338
0.49704
0.552556
0.704135
0.459178
0.582776
0.490482
0.489883
0.477858
0.406093
0.343668
0.43884
0.340833
0.378181
0.493902
0.405289
0.554361
0.474586
0.573739
0.539547
0.611112
0.554564
0.63074
0.53341
0.502268
0.439166
0.669022
0.568364
0.665904
0.408957
0.601084
0.620037
0.506559
0.611197
0.540553
0.488803
0.506129
0.570199
0.439156
0.617828
0.506288
0.573513
0.518853
0.52628
0.477877
0.560457
0.572752
0.526808
0.402807
0.568444
0.406066
0.412828
0.579191
0.296462
0.361038
0.492525
0.420588
0.52396
0.5174
0.612924
0.455382
0.477299
0.482608
0.458759
0.64249
0.464842
0.383749
0.627291
0.404736
0.605658
0.445645
0.371636
0.441386
0.555723
0.387378
0.471549
0.71651
0.589398
0.492084
0.432042
0.42998
0.522897
0.602529
0.326603
0.56306
0.570315
0.667646
0.493197
0.450732
0.601762
0.412847
0.55763
0.368013
0.526977
0.62961
0.500273
0.427733
0.456772
0.47747
0.498542
0.372325
0.598511
0.364209
0.568928
0.602422
0.520771
0.617699
0.398808
0.420123
0.476208
0.385516
0.399627
0.475019
0.50059
0.496074
0.6295
0.486191
0.609828
0.587706
0.424637
0.473539
0.59578
0.659778
0.545447
0.566991
0.575477
0.422552
0.584553
0.472273
0.477349
0.520209
0.500362
0.457072
0.351928
0.374052
0.53125
0.381609
0.473392
0.340618
0.511824
0.432763
0.452271
0.602037
0.354117
0.431063
0.408472
0.703668
0.572996
0.365017
0.557754
0.326662
0.526465
0.467397
0.443642
0.430811
0.507936
0.483271
0.400698
0.42563
0.36897
0.489701
0.463974
0.42534
0.667388
0.612219
0.243361
0.416039
0.527036
0.343315
0.560476
0.710999
0.561938
0.403352
0.499622
0.592726
0.558944
0.494461
0.353262
0.638022
0.429383
0.583147
0.546364
0.494979
0.431674
0.607463
0.502864
0.628487
0.43321
0.439793
0.471428
0.573485
0.721263
0.446432
0.556552
0.332841
0.58906
0.4703
0.505016
0.529413
0.51458
0.423289
0.476533
0.469489
0.516034
0.609901
0.581414
0.297472
0.609392
0.413995
0.596919
0.419311
0.509735
0.565591
0.377913
0.544859
0.509599
0.56488
0.556321
0.446989
0.433913
0.575698
0.577804
0.457933
0.412504
0.410921
0.552963
0.52101
0.527583
0.517353
0.404317
0.488516
0.485003
0.527873
0.669166
0.404235
0.524505
0.583737
0.372388
0.431691
0.525568
0.440099
0.51211
0.586887
0.481885
0.452972
0.305113
0.506964
0.508891
0.505996
0.417712
0.533857
0.415184
0.370549
0.461786
0.514671
0.410072
0.502884
0.564529
0.418185
0.535904
0.567142
0.62438
0.439507
0.505224
0.433227
0.644539
0.612603
0.489227
0.333712
0.389341
0.473046
0.545364
0.474075
0.43768
0.411002
0.588384
0.475748
0.411598
0.42713
0.500478
0.391586
0.437029
0.551712
0.442625
0.468546
0.547628
0.510007
0.470618
0.542515
0.471485
0.414463
0.575673
0.335374
0.644475
0.337082
0.360925
0.384544
0.372843
0.562898
0.531522
0.670429
0.421596
0.448165
0.617431
0.517315
0.534122
0.604527
0.464475
0.628432
0.492396
0.403089
0.320539
0.576065
0.606032
0.539973
0.510274
0.502748
0.572337
0.327571
0.333036
0.399708
0.378447
0.473416
0.735219
0.51392
0.620502
0.581189
0.399524
0.495268
0.593768
0.656082
0.560133
0.53046
0.461469
0.519362
0.594147
0.620519
0.43904
0.434668
0.356062
0.443805
0.434393
0.521189
0.513472
0.506712
0.563708
0.376574
0.608567
0.419292
0.516154
0.355037
0.311427
0.443271
0.369878
0.643815
0.547512
0.545031
0.565455
0.453752
0.473141
0.446315
0.52197
0.48749
0.439187
0.60056
0.434738
0.671352
0.524582
0.632909
0.522625
0.534687
0.437676
0.567145
0.496808
0.593107
0.674862
0.522887
0.301748
0.539684
0.492315
0.401609
0.633015
0.570843
0.488076
0.59015
0.56556
0.471343
0.608136
0.59556
0.429891
0.555384
0.581567
0.385294
0.25254
0.408556
0.556166
0.34189
0.631114
0.697973
0.547474
0.451457
0.543118
0.51562
0.430447
0.530434
0.491656
0.492573
0.594449
0.355248
0.570011
0.569426
0.448665
0.594645
0.581019
0.630906
0.406413
0.454643
0.576063
0.510318
0.593259
0.431177
0.482402
0.242111
0.415235
0.525718
0.466473
0.588522
0.489877
0.414235
0.434705
0.388902
0.684191
0.570094
0.402283
0.477997
0.520069
0.526585
0.664221
0.492089
0.499098
0.424971
0.581996
0.429596
0.565074
0.429079
0.352903
0.555343
0.563986
0.597622
0.558211
0.53541
0.377595
0.490592
0.49008
0.562088
0.698184
0.446231
0.336138
0.376166
0.678419
0.500224
0.454491
0.416377
0.431701
0.528937
0.600872
0.523556
0.374773
0.583658
0.573521
0.599643
0.495768
0.542971
0.420307
0.369381
0.297277
0.545541
0.606506
0.515192
0.405428
0.475751
0.470553
0.453359
0.652381
0.55977
0.598988
0.492319
0.531034
0.489822
0.630743
0.461514
0.487153
0.429544
0.554788
0.521913
0.455544
0.663501
0.594098
0.46697
0.563291
0.439078
0.47278
0.495431
0.41448
0.609116
0.542126
0.485077
0.437252
0.618833
0.395239
0.519125
0.415427
0.490703
0.52883
0.514697
0.44334
0.546151
0.414628
0.575373
0.533949
0.463045
0.521808
0.437562
0.376668
0.403164
0.485718
0.503021
0.482799
0.453923
0.447099
0.547557
0.67283
0.513856
0.389896
0.368579
0.451285
0.511452
0.484676
0.48181
0.481193
0.582144
0.598553
0.600172
0.411693
0.438382
0.661447
0.62546
0.528653
0.452869
0.38241
0.456107
0.489611
0.435239
0.588631
0.461996
0.570755
0.317551
0.513679
0.299928
0.39505
0.574177
0.49041
0.341006
0.427037
0.386805
0.507908
0.353852
0.511235
0.625414
0.470698
0.635252
0.597477
0.551274
0.652407
0.502438
0.537929
0.458137
0.464936
0.558917
0.456924
0.552972
0.46812
0.41838
0.686182
0.337744
0.623759
0.518906
0.52437
0.388889
0.351812
0.382297
0.521359
0.441295
0.575432
0.47109
0.503966
0.36876
0.445466
0.468385
0.551348
0.313052
0.413912
0.553344
0.394634
0.448848
0.579743
0.467821
0.456798
0.481987
0.359432
0.467277
0.565153
0.463639
0.538389
0.421777
0.46028
0.263123
0.638454
0.380509
0.491606
0.5773
0.39047
0.335941
0.431233
0.664584
0.429897
0.521388
0.554055
0.476798
0.537301
0.548392
0.523582
0.522246
0.624489
0.43801
0.489313
0.428536
0.520945
0.42273
0.442893
0.383835
0.544134
0.393418
0.396703
0.520397
0.541164
0.338324
0.639945
0.564376
0.568163
0.468866
0.393663
0.511058
0.52769
0.549547
0.427593
0.494847
0.513342
0.447004
0.518085
0.508454
0.514691
0.485889
0.4178
0.585924
0.714521
0.446876
0.474254
0.399273
0.364314
0.564809
0.475703
0.528686
0.452782
0.4826
0.619269
0.751346
0.486173
0.489206
0.587604
0.454166
0.377989
0.617603
0.486812
0.410813
0.499655
0.40139
0.539741
0.4736
0.472575
0.586284
0.645154
0.515944
0.385931
0.565412
0.404738
0.621284
0.603486
0.354994
0.486254
0.449478
0.376537
0.549647
0.332587
0.621872
0.309119
0.594185
0.442844
0.55137
0.525396
0.581491
0.443045
0.40403
0.368155
0.533624
0.630369
0.513807
0.611169
0.446058
0.616331
0.482292
0.597141
0.572537
0.510646
0.380379
0.616805
0.500738
0.478978
0.62901
0.423721
0.516556
0.574137
0.271271
0.433153
0.477504
0.581736
0.458263
0.382362
0.713356
0.437694
0.456362
0.533534
0.544842
0.266385
0.543603
0.479477
0.358837
0.554659
0.498092
0.366125
0.601163
0.518336
0.491521
0.474797
0.345749
0.534197
0.485985
0.711048
0.671598
0.601911
0.492493
0.425888
0.626613
0.366724
0.484691
0.449022
0.580029
0.575149
0.571491
0.442672
0.362835
0.452318
0.517438
0.388476
0.66824
0.381034
0.459835
0.598831
0.531868
0.428989
0.506752
0.59797
0.534065
0.612021
0.710257
0.446975
0.464308
0.397667
0.594325
0.490819
0.360402
0.544713
0.577046
0.584445
0.582795
0.540799
0.361919
0.608797
0.506974
0.541595
0.583167
0.416622
0.414605
0.331427
0.575161
0.451771
0.536703
0.516672
0.59621
0.364622
0.449782
0.529615
0.572116
0.700175
0.548592
0.461904
0.535056
0.464255
0.316718
0.463105
0.418513
0.577172
0.388956
0.531305
0.429127
0.503111
0.547031
0.389081
0.451492
0.497387
0.512916
0.579586
0.5521
0.442664
0.401622
0.333904
0.433753
0.649091
0.368003
0.452208
0.351964
0.472253
0.629799
0.707708
0.439985
0.456709
0.571752
0.523731
0.599285
0.54183
0.433322
0.490721
0.497438
0.47052
0.355176
0.48133
0.575555
0.520338
0.507264
0.588189
0.602524
0.430432
0.643979
0.450346
0.423515
0.5266
0.529541
0.550776
0.435321
0.550707
0.449384
0.558758
0.281305
0.479592
0.571016
0.357329
0.593843
0.472499
0.540458
0.637445
0.522333
0.514978
0.498016
0.556854
0.569977
0.631105
0.469815
0.453117
0.522731
0.41478
0.539173
0.566613
0.588927
0.384769
0.524546
0.470775
0.478273
0.397051
0.588432
0.423185
0.634069
0.551951
0.574282
0.442606
0.492629
0.712443
0.416124
0.483391
0.57908
0.503906
0.588247
0.52015
0.558836
0.594529
0.659971
0.47194
0.549219
0.559468
0.393175
0.486649
0.555855
0.410758
0.567892
0.572685
0.633624
0.528898
0.543982
0.506425
0.48209
0.460923
0.564496
0.660354
0.670522
0.45369
0.479047
0.588179
0.447744
0.470016
0.613128
0.469632
0.52721
0.489191
0.331991
0.459084
0.547893
0.522334
0.44535
0.398479
0.696678
0.376918
0.471828
0.346538
0.438144
0.483734
0.429726
0.542542
0.532772
0.453456
0.543352
0.664461
0.434752
0.658879
0.351788
0.557555
0.445744
0.542793
0.379655
0.501011
0.461083
0.530389
0.577064
0.646584
0.580088
0.378981
0.458627
0.704584
0.662286
0.526734
0.469029
0.469009
0.596519
0.506
0.675335
0.564984
0.410053
0.665775
0.433871
0.5681
0.57998
0.501683
0.502139
0.586637
0.619339
0.520806
0.463934
0.41408
0.495551
0.272597
0.608431
0.550716
0.698926
0.455986
0.451718
0.559538
0.614131
0.566745
0.511866
0.563059
0.557697
0.278028
0.546312
0.604069
0.52977
0.550963
0.432967
0.384753
0.388492
0.451025
0.524133
0.365019
0.490529
0.499888
0.624965
0.542259
0.451441
0.421283
0.545848
0.45121
0.46474
0.443379
0.450768
0.413953
0.57862
0.599039
0.471346
0.536517
0.564537
0.419254
0.578917
0.489958
0.321927
0.443944
0.704655
0.530172
0.448545
0.578228
0.570417
0.602142
0.366047
0.601173
0.640649
0.440675
0.425587
0.587924
0.628305
0.321157
0.628378
0.535051
0.485454
0.530182
0.481296
0.582825
0.481844
0.617395
0.367792
0.407059
0.622393
0.456241
0.6495
0.507056
0.477205
0.382733
0.524117
0.545104
0.395379
0.297772
0.450261
0.496863
0.446528
0.509944
0.510195
0.55092
0.381601
0.462128
0.516431
0.449652
0.427213
0.426652
0.578415
0.492482
0.625403
0.470157
0.530621
0.526496
0.503342
0.480702
0.483575
0.528305
0.50521
0.4161
0.294435
0.434944
0.541089
0.373816
0.563965
0.510495
0.405393
0.49923
0.551857
0.339041
0.490003
0.440424
0.462526
0.513449
0.564937
0.524087
0.388665
0.543412
0.522033
0.568528
0.609986
0.635048
0.674791
0.466191
0.429748
0.3983
0.480167
0.459485
0.591822
0.617253
0.495773
0.400118
0.45619
0.472421
0.308579
0.623583
0.520945
0.632941
0.568912
0.48679
0.564012
0.440518
0.53613
0.508283
0.537961
0.485894
0.590092
0.416884
0.386438
0.532489
0.585122
0.655994
0.46091
0.570788
0.420879
0.307205
0.501558
0.690957
0.577169
0.488275
0.506326
0.540062
0.507403
0.546925
0.547269
0.384173
0.50806
0.513324
0.403525
0.424564
0.479173
0.69054
0.565367
0.321099
0.563498
0.653628
0.423971
0.454811
0.499704
0.49444
0.396664
0.515585
0.647571
0.690661
0.34761
0.729776
0.540813
0.493949
0.349003
0.446473
0.595855
0.523498
0.388038
0.480048
0.552484
0.417725
0.46005
0.460534
0.545006
0.53821
0.498387
0.472259
0.500159
0.636385
0.57674
0.465105
0.430714
0.384939
0.579793
0.601641
0.641333
0.542234
0.47324
0.657287
0.485916
0.359506
0.414332
0.319595
0.613339
0.656974
0.629322
0.536601
0.611115
0.586433
0.544289
0.443148
0.504183
0.564265
0.691004
0.54796
0.488698
0.600263
0.419646
0.593162
0.57831
0.464015
0.335344
0.501843
0.713127
0.522042
0.435653
0.608182
0.529179
0.545273
0.461263
0.618534
0.608866
0.42784
0.382363
0.5808
0.330526
0.674602
0.52826
0.743319
0.407934
0.606192
0.528003
0.46339
0.458166
0.596803
0.46491
0.379492
0.458949
0.601329
0.558067
0.490115
0.45425
0.544873
0.469011
0.486074
0.439542
0.539074
0.591982
0.562062
0.505806
0.356057
0.321253
0.487087
0.544014
0.432279
0.49925
0.44239
0.409479
0.590889
0.534288
0.53929
0.618116
0.562679
0.436922
0.408364
0.494319
0.552077
0.459082
0.605229
0.412815
0.536037
0.630284
0.50714
0.3745
0.500125
0.570407
0.478485
0.42894
0.607452
0.518635
0.362198
0.403852
0.362555
0.553368
0.507999
0.424562
0.673714
0.488022
0.277275
0.504066
0.633602
0.612821
0.468339
0.457
0.529568
0.512821
0.584686
0.438466
0.561273
0.527578
0.622792
0.63132
0.584778
0.328022
0.484903
0.503201
0.518628
0.57125
0.426152
0.527198
0.538844
0.45411
0.524275
0.407755
0.356164
0.421623
0.41408
0.376034
0.510274
0.396402
0.257746
0.51663
0.43218
0.680436
0.525915
0.360182
0.517263
0.740726
0.343472
0.424088
0.517996
0.425426
0.5078
0.406172
0.606666
0.467311
0.516187
0.333829
0.574898
0.41653
0.543014
0.343808
0.428136
0.604769
0.486206
0.51547
0.599687
0.478113
0.45637
0.603
0.650303
0.546033
0.510942
0.309708
0.535709
0.479093
0.539561
0.420226
0.515873
0.448136
0.485805
0.554041
0.546237
0.432839
0.544331
0.42648
0.632513
0.537708
0.401357
0.400914
0.447079
0.43873
0.49034
0.588591
0.5964
0.444053
0.413609
0.700185
0.595295
0.487226
0.534606
0.575791
0.445321
0.38169
0.674323
0.417756
0.530886
0.550349
0.349388
0.723394
0.438178
0.40424
0.368201
0.362276
0.468342
0.579436
0.455396
0.465476
0.457791
0.651515
0.40383
0.491763
0.534916
0.432041
0.757196
0.508424
0.533865
0.411701
0.505267
0.472042
0.452501
0.549864
0.527689
0.417219
0.482996
0.420505
0.451132
0.45886
0.55999
0.509584
0.588536
0.686354
0.562597
0.519135
0.50808
0.375558
0.57298
0.468459
0.433405
0.467234
0.435608
0.592996
0.505545
0.158174
0.477714
0.526582
0.340915
0.52395
0.442886
0.612973
0.498606
0.539858
0.456125
0.427664
0.524156
0.589296
0.580117
0.401182
0.46587
0.54646
0.638851
0.520213
0.66365
0.692906
0.576159
0.443046
0.389238
0.275182
0.383114
0.400991
0.470639
0.633384
0.469672
0.467598
0.462432
0.728157
0.472319
0.56262
0.527569
0.566304
0.580908
0.517866
0.575156
0.572837
0.434263
0.567213
0.452647
0.579953
0.375553
0.533216
0.519761
0.501065
0.574818
0.567909
0.535342
0.530698
0.417472
0.365544
0.467308
0.458694
0.423967
0.50018
0.589713
0.309836
0.507259
0.351171
0.459878
0.517651
0.591076
0.264787
0.372431
0.513826
0.503441
0.460329
0.366022
0.662298
0.326259
0.424268
0.412373
0.489759
0.42323
0.346113
0.746223
0.361976
0.584727
0.634818
0.498666
0.427944
0.619689
0.514766
0.275236
0.501611
0.690995
0.435449
0.474052
0.573496
0.532186
0.539181
0.468197
0.542247
0.299805
0.516302
0.480449
0.728786
0.507025
0.637489
0.457358
0.583383
0.450669
0.487979
0.503586
0.618637
0.285098
0.538607
0.466335
0.599
0.512872
0.373783
0.463582
0.590146
0.653478
0.356632
0.528747
0.619137
0.617848
0.546724
0.498353
0.618987
0.657778
0.495937
0.398101
0.528901
0.575765
0.533183
0.586714
0.594095
0.572198
0.508866
0.495826
0.456787
0.473233
0.6051
0.358047
0.552587
0.624098
0.427883
0.544307
0.524174
0.548972
0.482557
0.435426
0.536808
0.469991
0.494064
0.431811
0.427881
0.444347
0.568645
0.559059
0.445364
0.519833
0.6038
0.556164
0.527656
0.525627
0.538474
0.536927
0.45003
0.50647
0.595589
0.394073
0.510467
0.374845
0.404213
0.669497
0.3504
0.39713
0.498788
0.442948
0.503478
0.646139
0.378026
0.395383
0.538158
0.543836
0.466207
0.482118
0.407581
0.48445
0.554791
0.504824
0.442835
0.569598
0.612412
0.600298
0.523363
0.603438
0.436459
0.667869
0.530951
0.587285
0.379622
0.536197
0.441368
0.419516
0.519946
0.524122
0.330383
0.548026
0.453058
0.579135
0.568559
0.63885
0.370427
0.780947
0.251866
0.616037
0.547644
0.37654
0.462818
0.394217
0.401894
0.666984
0.479483
0.46673
0.487907
0.595212
0.447392
0.528595
0.486879
0.487869
0.502019
0.404993
0.502975
0.483214
0.477137
0.422351
0.517192
0.531024
0.45707
0.500514
0.558533
0.679281
0.628446
0.360912
0.637563
0.466399
0.459765
0.437013
0.447619
0.616606
0.584735
0.339784
0.67406
0.490024
0.387976
0.37227
0.462132
0.367891
0.589361
0.603808
0.579157
0.357273
0.595914
0.605821
0.366927
0.37853
0.437844
0.517509
0.415325
0.452691
0.727948
0.25119
0.698373
0.534806
0.48127
0.563433
0.499028
0.34327
0.504563
0.409539
0.509252
0.513965
0.512758
0.56533
0.626989
0.66205
0.252297
0.541611
0.581868
0.563056
0.508847
0.533075
0.506611
0.468915
0.549557
0.634837
0.431244
0.453407
0.5977
0.426178
0.612423
0.43546
0.460171
0.462484
0.720282
0.557603
0.625985
0.53279
0.59042
0.50081
0.726571
0.431719
0.40876
0.595859
0.496313
0.661044
0.432189
0.445253
0.594453
0.517465
0.558047
0.39864
0.447106
0.439645
0.540675
0.528581
0.540825
0.578923
0.5134
0.532433
0.346777
0.524543
0.409482
0.539995
0.377281
0.355633
0.385724
0.435509
0.574083
0.608598
0.437564
0.30646
0.500414
0.639954
0.654674
0.510589
0.656547
0.531096
0.401201
0.506382
0.361199
0.622833
0.414969
0.621251
0.438797
0.683991
0.505119
0.435483
0.625271
0.50974
0.487789
0.338989
0.452723
0.411749
0.63464
0.471748
0.295926
0.503645
0.519141
0.387772
0.561314
0.501679
0.330728
0.486319
0.471753
0.35191
0.387061
0.532986
0.448042
0.461604
0.509812
0.54721
0.610756
0.553974
0.439524
0.361643
0.523692
0.481776
0.450264
0.562723
0.572846
0.5267
0.384952
0.600723
0.422488
0.47788
0.567391
0.41143
0.512578
0.52427
0.457176
0.52052
0.459406
0.51203
0.598842
0.605611
0.594005
0.509485
0.476738
0.369878
0.52054
0.488604
0.62228
0.535005
0.399527
0.573371
0.530409
0.290187
0.558403
0.421823
0.527204
0.537765
0.604611
0.499933
0.390791
0.655012
0.464034
0.471918
0.462807
0.445482
0.390253
0.572969
0.497885
0.582231
0.387783
0.546792
0.58372
0.549157
0.665059
0.521783
0.624495
0.46556
0.480657
0.566019
0.415545
0.632996
0.568821
0.402704
0.447346
0.372336
0.328097
0.484083
0.562026
0.622903
0.429463
0.513256
0.445786
0.454435
0.44806
0.469718
0.475755
0.496539
0.645231
0.535882
0.44996
0.419202
0.325283
0.43822
0.614274
0.60184
0.363997
0.408078
0.560312
0.507263
0.253603
0.533626
0.403455
0.530845
0.631567
0.515817
0.560303
0.624095
0.458213
0.657607
0.630023
0.495729
0.380849
0.407142
0.544221
0.47224
0.569718
0.441971
0.485116
0.553905
0.63377
0.422798
0.48195
0.631015
0.521878
0.46165
0.480736
0.529078
0.58781
0.540783
0.442577
0.530619
0.544903
0.485027
0.56098
0.775112
0.559034
0.431685
0.398711
0.367492
0.426185
0.458508
0.529919
0.429601
0.353485
0.521688
0.533395
0.507814
0.510334
0.622181
0.418004
0.404017
0.43883
0.460122
0.471474
0.526008
0.510392
0.553467
0.408874
0.45729
0.388122
0.288422
0.557306
0.625136
0.402111
0.535616
0.648433
0.499726
0.667552
0.607384
0.500683
0.486043
0.573157
0.347936
0.458084
0.474117
0.440077
0.639586
0.612844
0.59215
0.499123
0.374625
0.473987
0.560913
0.656789
0.483844
0.554442
0.476744
0.51822
0.529077
0.634215
0.454364
0.5079
0.458595
0.517361
0.63966
0.576535
0.390548
0.335688
0.456457
0.605226
0.431063
0.562235
0.480223
0.515705
0.550046
0.682754
0.635574
0.76804
0.529088
0.533562
0.293317
0.474911
0.462329
0.349299
0.596707
0.484163
0.63251
0.474278
0.675477
0.579047
0.500874
0.476259
0.610128
0.418183
0.540951
0.46167
0.487852
0.484949
0.712708
0.626399
0.445376
0.438662
0.514905
0.586499
0.422935
0.457551
0.369962
0.418249
0.657447
0.636213
0.586979
0.597214
0.321931
0.647853
0.41503
0.561069
0.572051
0.504323
0.540187
0.531132
0.489626
0.444566
0.396207
0.512702
0.416819
0.454793
0.450152
0.554443
0.453646
0.571318
0.490681
0.582219
0.545334
0.539677
0.588105
0.532948
0.514978
0.601289
0.41175
0.599194
0.500852
0.451581
0.581543
0.555362
0.636618
0.461152
0.59715
0.471528
0.766606
0.574214
0.529436
0.631102
0.517237
0.396197
0.575352
0.353652
0.449549
0.655058
0.568845
0.484396
0.496729
0.568512
0.506718
0.647017
0.644421
0.572025
0.58983
0.466612
0.540515
0.460096
0.596389
0.554736
0.425014
0.565994
0.39553
0.308677
0.549487
0.652776
0.475765
0.512239
0.509513
0.411078
0.604277
0.535455
0.442458
0.656806
0.549479
0.415847
0.446776
0.594528
0.490629
0.563962
0.358001
0.560027
0.504709
0.471101
0.670443
0.578113
0.362196
0.407297
0.522544
0.669457
0.579731
0.682759
0.367741
0.512882
0.469132
0.606163
0.531598
0.417178
0.488568
0.508308
0.409859
0.479166
0.543159
0.409841
0.491003
0.402424
0.39862
0.396876
0.490772
0.623695
0.563025
0.528516
0.365049
0.441704
0.358146
0.535431
0.521387
0.465717
0.54323
0.378804
0.478364
0.698877
0.470481
0.524112
0.525887
0.543981
0.542941
0.64437
0.418432
0.467016
0.411844
0.402604
0.587146
0.376462
0.591932
0.373515
0.385624
0.373965
0.489639
0.149399
0.488091
0.604714
0.530444
0.435594
0.337613
0.583447
0.438097
0.375842
0.395888
0.494707
0.359842
0.458146
0.475046
0.56361
0.548155
0.436819
0.535824
0.566041
0.500929
0.36662
0.615356
0.39487
0.528435
0.579983
0.401761
0.521398
0.356809
0.448555
0.601579
0.388945
0.394201
0.555361
0.75004
0.648116
0.477157
0.564105
0.493056
0.39094
0.481171
0.507261
0.423702
0.66376
0.420794
0.424769
0.584902
0.636365
0.481058
0.470303
0.55391
0.677556
0.413408
0.462219
0.503096
0.53496
0.495711
0.491498
0.485445
0.539576
0.39734
0.30908
0.422098
0.353203
0.60674
0.500215
0.473146
0.649533
0.470262
0.513558
0.451832
0.36737
0.55749
0.447926
0.39617
0.397081
0.509666
0.609772
0.440949
0.759036
0.544245
0.5396
0.436958
0.505476
0.480004
0.565682
0.443202
0.424867
0.513536
0.478627
0.47176
0.550485
0.519381
0.330471
0.593855
0.672614
0.462427
0.447139
0.419625
0.526413
0.502654
0.503276
0.542957
0.275143
0.438655
0.443606
0.496693
0.631122
0.577829
0.545121
0.492384
0.654413
0.437496
0.399583
0.422703
0.541926
0.472622
0.455944
0.58352
0.567252
0.292241
0.497484
0.426558
0.454221
0.568059
0.338586
0.582438
0.564815
0.655141
0.411254
0.497849
0.45474
0.535991
0.471616
0.509472
0.497602
0.365716
0.591817
0.431193
0.601302
0.537411
0.512872
0.460051
0.537907
0.503281
0.619178
0.510274
0.580928
0.678419
0.555588
0.563659
0.491571
0.420588
0.543043
0.478452
0.418203
0.520743
0.458981
0.527812
0.470918
0.555436
0.633844
0.44282
0.505752
0.543669
0.475186
0.513921
0.400748
0.41714
0.666045
0.758589
0.528722
0.554265
0.694387
0.591907
0.629263
0.444729
0.455583
0.440661
0.455117
0.442768
0.530054
0.620458
0.515798
0.533742
0.473353
0.649281
0.463894
0.580013
0.366132
0.399793
0.467231
0.528509
0.556577
0.396633
0.382661
0.453783
0.588067
0.543809
0.594956
0.576783
0.439959
0.62126
0.406886
0.540939
0.419555
0.518493
0.464281
0.543599
0.628487
0.377182
0.472462
0.61223
0.386868
0.593461
0.50814
0.481238
0.433761
0.584583
0.553521
0.56663
0.432645
0.553516
0.476978
0.552171
0.495717
0.588947
0.457371
0.492101
0.401031
0.517081
0.596697
0.601852
0.511634
0.475518
0.388422
0.449647
0.316011
0.508403
0.606538
0.378246
0.394288
0.585955
0.55298
0.577523
0.57485
0.430378
0.648761
0.594952
0.381126
0.384061
0.67679
0.412499
0.478485
0.4849
0.482015
0.534815
0.71635
0.417455
0.407197
0.425033
0.420755
0.487583
0.590254
0.590882
0.527771
0.322074
0.471796
0.565232
0.55835
0.623751
0.4591
0.541592
0.520312
0.516365
0.465462
0.516488
0.583343
0.492558
0.591495
0.557067
0.508041
0.532051
0.437608
0.553647
0.320187
0.686121
0.534551
0.433384
0.506599
0.528351
0.551581
0.402595
0.569048
0.550533
0.489444
0.551698
0.60791
0.436508
0.488035
0.498141
0.417353
0.575642
0.576247
0.459093
0.359033
0.381531
0.464185
0.637061
0.441424
0.460459
0.425568
0.568043
0.36705
0.527996
0.440801
0.523181
0.620079
0.501081
0.368866
0.67134
0.451843
0.4968
0.588816
0.501382
0.482062
0.447994
0.499331
0.369386
0.468653
0.399739
0.487442
0.47739
0.309199
0.579639
0.475189
0.50671
0.522291
0.53878
0.325637
0.620239
0.417126
0.439112
0.537315
0.614586
0.39487
0.216905
0.47883
0.444268
0.535498
0.480872
0.413029
0.456632
0.608937
0.507404
0.432763
0.567536
0.509517
0.574336
0.477952
0.374264
0.547884
0.52849
0.526318
0.443533
0.544688
0.611233
0.547785
0.528874
0.555511
0.570111
0.485228
0.56305
0.416658
0.463594
0.571901
0.437616
0.536604
0.519834
0.618515
0.523093
0.468011
0.339249
0.500618
0.499668
0.680428
0.534676
0.449565
0.459714
0.413913
0.681708
0.59803
0.309848
0.328983
0.50576
0.553681
0.641633
0.47846
0.361311
0.572261
0.656459
0.411918
0.562664
0.474017
0.421522
0.38362
0.504496
0.595038
0.600237
0.469965
0.464343
0.287749
0.541836
0.512634
0.408098
0.682439
0.531279
0.588779
0.623503
0.394372
0.592057
0.569756
0.58551
0.508695
0.500821
0.56505
0.511293
0.397979
0.414227
0.35821
0.391623
0.52493
0.424748
0.426764
0.489191
0.555424
0.45365
0.498226
0.67339
0.554705
0.455706
0.429492
0.514973
0.26222
0.351637
0.607047
0.492903
0.438241
0.420693
0.450582
0.569619
0.448057
0.577158
0.462773
0.469854
0.397202
0.421004
0.403118
0.452042
0.553817
0.494299
0.37391
0.490255
0.391911
0.491402
0.591538
0.588524
0.561954
0.462369
0.576519
0.428299
0.442864
0.415397
0.630771
0.503713
0.552126
0.365564
0.480818
0.528218
0.48844
0.493497
0.45078
0.50007
0.553935
0.469033
0.489128
0.49304
0.450654
0.661321
0.508378
0.492646
0.568669
0.498245
0.407026
0.527096
0.280846
0.654431
0.52819
0.446044
0.531913
0.438517
0.569592
0.479165
0.457184
0.516777
0.494649
0.360463
0.488899
0.551584
0.504618
0.433131
0.405837
0.549613
0.616885
0.453687
0.454482
0.606087
0.554647
0.493021
0.517711
0.497771
0.488392
0.58589
0.529602
0.518846
0.479738
0.509302
0.53262
0.470159
0.46335
0.574147
0.546125
0.503809
0.562808
0.59332
0.462752
0.391371
0.47146
0.343513
0.511918
0.425532
0.53944
0.166739
0.42733
0.381263
0.593196
0.561552
0.428052
0.454084
0.374033
0.392873
0.570321
0.559396
0.517317
0.50318
0.54999
0.518231
0.504159
0.336773
0.533081
0.371197
0.602541
0.392717
0.364655
0.3538
0.375013
0.700951
0.453801
0.632728
0.365237
0.470003
0.355233
0.444077
0.48582
0.583609
0.565644
0.490936
0.515019
0.427467
0.625599
0.449116
0.570084
0.606263
0.665429
0.596248
0.360119
0.465009
0.356235
0.520851
0.431553
0.457617
0.424754
0.684406
0.504407
0.509591
0.463525
0.500862
0.357763
0.600572
0.51542
0.564396
0.357935
0.546395
0.534279
0.597692
0.533053
0.489255
0.521039
0.50936
0.482886
0.708422
0.507393
0.540573
0.472914
0.442919
0.5067
0.347361
0.496796
0.471426
0.574488
0.506445
0.501551
0.423616
0.518568
0.348874
0.654922
0.601033
0.471434
0.617143
0.594535
0.564491
0.485279
0.507887
0.433648
0.598942
0.6326
0.603624
0.408415
0.495599
0.593036
0.513472
0.636772
0.295068
0.47974
0.534108
0.519171
0.514098
0.506238
0.508715
0.446591
0.632505
0.517364
0.60301
0.391376
0.345703
0.705564
0.533876
0.441617
0.492194
0.406475
0.477545
0.599952
0.544281
0.515346
0.450644
0.502826
0.504157
0.288562
0.398863
0.526379
0.376448
0.392131
0.44438
0.530315
0.392179
0.531702
0.634609
0.451255
0.538052
0.346302
0.501212
0.492219
0.398815
0.57066
0.479769
0.465057
0.649422
0.568625
0.556849
0.527791
0.637591
0.512855
0.502684
0.618996
0.476245
0.633603
0.514014
0.4265
0.419281
0.382076
0.433106
0.637834
0.422954
0.55152
0.525341
0.505035
0.599127
0.671812
0.589166
0.616538
0.345503
0.441029
0.438635
0.404079
0.591885
0.38008
0.340139
0.522648
0.430403
0.594184
0.401358
0.426738
0.501566
0.597615
0.401867
0.426233
0.486887
0.605768
0.421214
0.640493
0.51275
0.421315
0.361733
0.579305
0.499088
0.438808
0.579721
0.46455
0.490346
0.464796
0.630043
0.466581
0.385107
0.398149
0.595627
0.564473
0.634678
0.437947
0.614702
0.34945
0.609827
0.483954
0.435065
0.475959
0.638764
0.467346
0.516054
0.425025
0.498381
0.697014
0.565302
0.579643
0.594669
0.329433
0.438771
0.422171
0.497111
0.567738
0.648969
0.4488
0.495805
0.468291
0.317642
0.556355
0.428922
0.580705
0.575652
0.491831
0.682056
0.469925
0.354172
0.465224
0.489897
0.566635
0.527699
0.411385
0.574594
0.66491
0.560833
0.346755
0.434041
0.633684
0.477141
0.502021
0.447274
0.631285
0.309861
0.421883
0.493035
0.509904
0.510585
0.508261
0.481473
0.569563
0.383473
0.643458
0.377882
0.568772
0.478966
0.564921
0.451248
0.521738
0.522363
0.373416
0.609305
0.709643
0.669022
0.441592
0.385702
0.506157
0.669381
0.450041
0.623784
0.465015
0.493374
0.413152
0.455407
0.440142
0.505235
0.367186
0.502098
0.506469
0.596088
0.378166
0.529789
0.622226
0.573126
0.387334
0.46726
0.421176
0.57059
0.647074
0.552324
0.645887
0.489162
0.610373
0.598703
0.430821
0.486801
0.522024
0.380439
0.516646
0.43544
0.519958
0.509607
0.524851
0.424388
0.490228
0.436981
0.744415
0.432675
0.429332
0.434232
0.579888
0.408985
0.452722
0.420133
0.582963
0.489238
0.548492
0.57214
0.437212
0.448271
0.410403
0.518657
0.38837
0.523491
0.494561
0.536168
0.410164
0.464775
0.429209
0.479329
0.46836
0.656282
0.467255
0.551049
0.393368
0.422285
0.606333
0.573448
0.39437
0.470486
0.611306
0.54953
0.445624
0.542738
0.459333
0.509291
0.34824
0.634459
0.487726
0.412884
0.418363
0.410457
0.460016
0.637398
0.475401
0.586282
0.475785
0.602675
0.601532
0.560624
0.534977
0.595539
0.416431
0.475681
0.527575
0.630663
0.558787
0.548852
0.354658
0.540271
0.588847
0.560469
0.497038
0.513715
0.423866
0.498737
0.732812
0.411927
0.391028
0.554423
0.465331
0.560604
0.63002
0.424263
0.558241
0.479938
0.600128
0.323443
0.584405
0.437565
0.444374
0.323937
0.380681
0.515346
0.535851
0.526875
0.66067
0.559485
0.579096
0.543524
0.47272
0.637391
0.461981
0.50088
0.500625
0.45361
0.65125
0.604264
0.489606
0.481049
0.497525
0.380719
0.540325
0.542627
0.463198
0.493441
0.64884
0.532384
0.409351
0.658825
0.480561
0.494009
0.475442
0.514183
0.451416
0.378607
0.458196
0.475542
0.449626
0.5825
0.543769
0.39136
0.566583
0.419697
0.669918
0.339409
0.41555
0.312606
0.492576
0.530465
0.502011
0.48848
0.503865
0.573857
0.469664
0.347963
0.396257
0.626348
0.681233
0.626024
0.490242
0.287195
0.403384
0.294483
0.440514
0.518678
0.550236
0.559227
0.408345
0.462766
0.500078
0.584114
0.635481
0.591007
0.535075
0.62749
0.477537
0.366142
0.563901
0.706129
0.552529
0.510317
0.672393
0.605326
0.432848
0.466235
0.507465
0.63278
0.456621
0.603913
0.43471
0.567793
0.757065
0.467201
0.62022
0.686234
0.60611
0.570552
0.472371
0.54563
0.441195
0.448004
0.639426
0.493621
0.591833
0.622672
0.394005
0.41696
0.445164
0.606531
0.645587
0.477112
0.587393
0.5566
0.407404
0.582443
0.63065
0.605112
0.604221
0.425867
0.482494
0.447611
0.542657
0.670747
0.537892
0.614342
0.575849
0.596748
0.671211
0.466723
0.579451
0.621224
0.578382
0.452058
0.616062
0.390672
0.567064
0.516087
0.400388
0.490647
0.415297
0.614365
0.587559
0.551464
0.516776
0.579858
0.292204
0.530909
0.403547
0.595575
0.406023
0.434102
0.484582
0.487425
0.616768
0.384531
0.461322
0.493939
0.341699
0.48922
0.578979
0.48586
0.573721
0.444872
0.445001
0.500041
0.498579
0.410742
0.493776
0.31848
0.476655
0.627914
0.599319
0.664737
0.49303
0.393533
0.635324
0.506379
0.564679
0.602492
0.354633
0.443506
0.553773
0.347928
0.50781
0.529821
0.571268
0.425843
0.543202
0.4141
0.46507
0.518023
0.428476
0.706356
0.47226
0.431362
0.506323
0.564348
0.674998
0.350605
0.444647
0.562544
0.434879
0.415414
0.264218
0.647012
0.490691
0.461583
0.424443
0.396152
0.489657
0.470114
0.520534
0.598554
0.482413
0.446812
0.393042
0.42571
0.547132
0.608909
0.373345
0.51869
0.418348
0.584175
0.386379
0.424293
0.381202
0.431872
0.504514
0.607623
0.351981
0.573793
0.494155
0.434405
0.60099
0.677561
0.619311
0.5578
0.38393
0.663254
0.664014
0.460846
0.433128
0.508327
0.408135
0.4971
0.420132
0.504723
0.438796
0.438426
0.536301
0.575946
0.502246
0.580302
0.44823
0.490809
0.498705
0.571415
0.46995
0.514443
0.495353
0.725728
0.554052
0.416074
0.480291
0.541592
0.338996
0.406995
0.402954
0.593918
0.600052
0.611039
0.544116
0.481771
0.536467
0.673778
0.531291
0.405229
0.487593
0.395593
0.46297
0.411684
0.605903
0.427635
0.627806
0.393222
0.424935
0.398643
0.402523
0.433094
0.445401
0.444444
0.484952
0.290712
0.622817
0.590914
0.666285
0.381003
0.575198
0.595055
0.469268
0.545363
0.6395
0.577747
0.576741
0.627852
0.490647
0.485677
0.547551
0.461698
0.69715
0.498791
0.464552
0.337558
0.522469
0.45359
0.482044
0.366401
0.691429
0.481446
0.437678
0.366297
0.52616
0.565044
0.566476
0.593781
0.61618
0.494952
0.302317
0.506877
0.322414
0.362243
0.474854
0.588281
0.425067
0.351975
0.407515
0.473594
0.510459
0.506267
0.594874
0.520904
0.352063
0.704589
0.585346
0.724444
0.576157
0.462821
0.517824
0.516422
0.612642
0.381508
0.458508
0.317561
0.51676
0.577678
0.556858
0.488265
0.507565
0.513462
0.587242
0.49876
0.504194
0.388698
0.465514
0.477936
0.551122
0.493575
0.527418
0.517053
0.608733
0.421293
0.428347
0.595851
0.545722
0.619633
0.471686
0.56503
0.504963
0.41421
0.395565
0.56047
0.424685
0.46511
0.645562
0.640955
0.481883
0.622517
0.533522
0.532588
0.485131
0.425826
0.530305
0.529475
0.579039
0.644662
0.562968
0.541674
0.532824
0.589122
0.484497
0.497806
0.570557
0.32047
0.456909
0.501124
0.560861
0.37241
0.436159
0.404267
0.318949
0.446975
0.469965
0.509297
0.484069
0.57799
0.617318
0.416051
0.620575
0.458938
0.471096
0.433234
0.550993
0.511004
0.512862
0.433092
0.464622
0.320947
0.351572
0.5719
0.655342
0.607386
0.495592
0.514914
0.42749
0.577953
0.580062
0.495852
0.468782
0.418715
0.61932
0.407336
0.524454
0.611142
0.576722
0.460199
0.516928
0.600816
0.641906
0.565896
0.740467
0.345991
0.478139
0.487721
0.520442
0.352996
0.550097
0.572895
0.562004
0.559406
0.56504
0.519037
0.523077
0.454797
0.55805
0.444899
0.33179
0.732803
0.624597
0.42668
0.428568
0.447125
0.45141
0.527615
0.548315
0.398009
0.519244
0.589973
0.468232
0.504649
0.44882
0.474977
0.431994
0.622866
0.633853
0.327564
0.521162
0.54632
0.252741
0.60935
0.579855
0.483404
0.47316
0.384503
0.408875
0.630916
0.561446
0.359706
0.630623
0.46946
0.481307
0.570738
0.686306
0.384464
0.31408
0.574651
0.462088
0.370621
0.455377
0.547898
0.351008
0.406416
0.440645
0.507188
0.442612
0.589367
0.524803
0.561248
0.492446
0.301473
0.388792
0.468077
0.45867
0.428281
0.568514
0.413677
0.603249
0.683906
0.4993
0.444673
0.640291
0.498206
0.64171
0.578607
0.474304
0.501271
0.602106
0.382128
0.706266
0.594234
0.48412
0.548695
0.49556
0.62438
0.404767
0.623807
0.551019
0.586377
0.481637
0.417195
0.484421
0.550404
0.345233
0.507814
0.394993
0.571825
0.553195
0.388865
0.663598
0.465992
0.580798
0.316504
0.520442
0.335642
0.434765
0.317292
0.710311
0.617271
0.485107
0.675834
0.414494
0.566784
0.632341
0.565499
0.498688
0.533602
0.425099
0.601453
0.541372
0.476326
0.615806
0.486731
0.557261
0.551982
0.689751
0.488392
0.465629
0.464741
0.625529
0.222273
0.363426
0.488942
0.542507
0.641233
0.448296
0.385146
0.563592
0.413184
0.396734
0.506843
0.669266
0.441632
0.537794
0.449361
0.441501
0.522827
0.472903
0.421418
0.393795
0.450067
0.477506
0.323662
0.55628
0.46706
0.480411
0.497463
0.532454
0.638698
0.451867
0.461115
0.566791
0.448974
0.441557
0.579526
0.560099
0.452194
0.592859
0.417352
0.44219
0.495038
0.419856
0.504488
0.459049
0.393424
0.668777
0.496668
0.45437
0.489548
0.695649
0.442901
0.522973
0.43087
0.477154
0.575319
0.486267
0.504226
0.531801
0.315961
0.487593
0.524645
0.363698
0.448891
0.627923
0.419873
0.651361
0.434988
0.660065
0.467991
0.589144
0.550614
0.532159
0.536934
0.44906
0.410301
0.61892
0.541129
0.565869
0.587502
0.601744
0.371852
0.558522
0.476336
0.356427
0.47434
0.586164
0.541187
0.379934
0.436087
0.597067
0.579915
0.435277
0.617144
0.464035
0.480331
0.516257
0.394685
0.609964
0.578518
0.631437
0.610465
0.51239
0.331472
0.679412
0.401249
0.43604
0.295433
0.535064
0.658642
0.477521
0.45521
0.589167
0.706215
0.516488
0.578681
0.581355
0.498175
0.55272
0.574578
0.439124
0.435282
0.268768
0.610561
0.483197
0.46007
0.592926
0.602488
0.48223
0.534893
0.347473
0.514714
0.637504
0.622665
0.552279
0.515126
0.4509
0.381624
0.414026
0.507568
0.477104
0.451808
0.466438
0.718169
0.483649
0.452372
0.537098
0.541043
0.44007
0.325265
0.601556
0.252696
0.530076
0.452198
0.54561
0.583394
0.528339
0.33823
0.491782
0.387677
0.606103
0.596724
0.556194
0.485056
0.527533
0.486815
0.487156
0.545904
0.67133
0.445937
0.597001
0.576384
0.359821
0.42639
0.533789
0.410247
0.600384
0.486285
0.549715
0.444145
0.541721
0.60166
0.508183
0.457106
0.520141
0.657943
0.531656
0.533645
0.518704
0.445334
0.427588
0.463938
0.584681
0.424117
0.539847
0.323376
0.348487
0.342281
0.558248
0.537726
0.259878
0.379266
0.578919
0.519029
0.604868
0.356037
0.443429
0.411275
0.589469
0.393109
0.594726
0.413789
0.474014
0.414538
0.473099
0.454204
0.514504
0.487309
0.535555
0.361744
0.415032
0.451963
0.617125
0.44551
0.418033
0.341688
0.462791
0.611318
0.456743
0.503546
0.34388
0.454578
0.466915
0.426861
0.432922
0.545584
0.302497
0.550253
0.44612
0.477516
0.42262
0.460165
0.372761
0.376335
0.514928
0.410175
0.296012
0.575684
0.4929
0.481748
0.469751
0.538791
0.652513
0.573536
0.651188
0.363297
0.496207
0.647702
0.499235
0.533819
0.529813
0.578171
0.4337
0.49098
0.510724
0.637114
0.410564
0.564534
0.373269
0.622365
0.603747
0.472133
0.379898
0.569904
0.493916
0.514159
0.444436
0.411911
0.450061
0.399005
0.346337
0.432331
0.549708
0.612024
0.602511
0.438281
0.618807
0.395338
0.385951
0.50704
0.482464
0.434568
0.478059
0.58477
0.502889
0.452451
0.514214
0.204524
0.441024
0.588238
0.62978
0.457495
0.513536
0.495656
0.43642
0.69288
0.626969
0.321131
0.45622
0.538124
0.556029
0.427866
0.413809
0.422728
0.593128
0.410287
0.534281
0.355204
0.53146
0.297273
0.717432
0.44417
0.454053
0.671479
0.456415
0.570974
0.386388
0.635982
0.441644
0.512669
0.530329
0.538394
0.438375
0.580525
0.532276
0.516456
0.449082
0.480717
0.448597
0.658078
0.469396
0.720193
0.456567
0.272667
0.719018
0.472168
0.519166
0.649503
0.476689
0.482056
0.447299
0.432817
0.670955
0.436113
0.413089
0.672158
0.576106
0.431403
0.553113
0.510503
0.435341
0.577172
0.460571
0.651513
0.280868
0.524066
0.500534
0.501206
0.343277
0.459075
0.392599
0.508253
0.540227
0.420471
0.390408
0.430984
0.507095
0.478411
0.547654
0.538136
0.679929
0.493302
0.595364
0.704223
0.463681
0.605414
0.465385
0.689374
0.516363
0.525635
0.480172
0.59735
0.452417
0.388674
0.489124
0.484383
0.516262
0.396429
0.366877
0.445358
0.599612
0.520626
0.399112
0.432806
0.473842
0.550251
0.666592
0.368034
0.581312
0.560718
0.398316
0.582666
0.477241
0.54809
0.499804
0.382756
0.536345
0.51311
0.472706
0.356527
0.536145
0.69617
0.527086
0.550739
0.401487
0.455796
0.647866
0.41954
0.642467
0.549593
0.51209
0.603605
0.540631
0.518013
0.563829
0.526254
0.63596
0.487735
0.438679
0.597145
0.439809
0.602816
0.589988
0.593054
0.346634
0.558222
0.504092
0.539155
0.639975
0.551697
0.50198
0.543115
0.285858
0.686405
0.51001
0.538229
0.479392
0.648117
0.342396
0.370738
0.458018
0.347173
0.373393
0.520354
0.317528
0.356829
0.38722
0.371944
0.564602
0.496005
0.578968
0.660224
0.412306
0.395873
0.539837
0.58821
0.672599
0.556118
0.595249
0.374111
0.422612
0.438102
0.474522
0.510204
0.619072
0.658599
0.575946
0.521192
0.607913
0.539132
0.551255
0.588413
0.623795
0.432388
0.56866
0.460192
0.29687
0.488577
0.52375
0.397529
0.281817
0.64099
0.452722
0.508228
0.496825
0.38146
0.462579
0.601468
0.507834
0.462789
0.42806
0.348728
0.516031
0.40665
0.515252
0.365898
0.50424
0.511843
0.476967
0.535286
0.370492
0.64923
0.625138
0.465159
0.62474
0.496033
0.520641
0.338357
0.447314
0.403644
0.431096
0.53043
0.405393
0.709435
0.692378
0.481632
0.496409
0.494522
0.569698
0.586045
0.334956
0.455804
0.449293
0.514993
0.522451
0.702031
0.601912
0.520805
0.636417
0.400029
0.544433
0.470919
0.648952
0.688657
0.486123
0.641189
0.631579
0.544444
0.481177
0.451207
0.426328
0.524269
0.51937
0.45331
0.560582
0.52687
0.471774
0.490893
0.555838
0.50635
0.568666
0.520519
0.528227
0.43726
0.521917
0.446248
0.401264
0.372273
0.614284
0.543509
0.548979
0.549816
0.563211
0.453718
0.560212
0.700489
0.426881
0.509809
0.562535
0.467468
0.65542
0.606684
0.466906
0.497508
0.400333
0.459539
0.691815
0.575578
0.58036
0.596927
0.498352
0.367544
0.36216
0.314292
0.515266
0.701747
0.449322
0.467658
0.455749
0.461706
0.483413
0.416034
0.325344
0.578602
0.345893
0.425001
0.49301
0.503596
0.609898
0.622886
0.645054
0.506433
0.326053
0.454789
0.564288
0.388208
0.536615
0.408666
0.274422
0.512564
0.497424
0.591571
0.662366
0.550989
0.547281
0.613061
0.638772
0.504323
0.499537
0.386677
0.419789
0.603935
0.440822
0.589319
0.410685
0.312493
0.507014
0.422243
0.444618
0.635615
0.366696
0.396315
0.477519
0.422116
0.577507
0.518048
0.562683
0.371975
0.490936
0.481884
0.526352
0.387524
0.566304
0.678054
0.53819
0.594816
0.414774
0.504287
0.51824
0.228476
0.52945
0.323518
0.544593
0.514806
0.567731
0.538681
0.423654
0.504269
0.437272
0.559546
0.557565
0.595915
0.597048
0.415488
0.490968
0.562712
0.52018
0.52198
0.441979
0.428137
0.575324
0.237504
0.519889
0.460816
0.568614
0.451469
0.504748
0.445375
0.348246
0.522661
0.511685
0.554097
0.609025
0.441623
0.485413
0.585375
0.644279
0.619289
0.468098
0.451354
0.577749
0.508108
0.356351
0.588571
0.568199
0.640764
0.710817
0.531801
0.314656
0.525567
0.504473
0.53272
0.600331
0.366417
0.493373
0.421424
0.398455
0.579235
0.566298
0.400205
0.523384
0.555578
0.477352
0.62545
0.645522
0.47813
0.388266
0.574879
0.498738
0.521628
0.444781
0.513787
0.494123
0.476688
0.384168
0.465327
0.614083
0.612939
0.318576
0.356318
0.495925
0.651721
0.561578
0.551413
0.524255
0.44757
0.462919
0.604929
0.63664
0.481572
0.489147
0.550999
0.507174
0.348599
0.535443
0.519135
0.507713
0.474345
0.476645
0.503702
0.556735
0.526969
0.563097
0.432185
0.450895
0.592082
0.43962
0.268568
0.534543
0.458709
0.613567
0.454524
0.4976
0.517755
0.420551
0.532537
0.502356
0.403427
0.534134
0.511481
0.424911
0.411965
0.538375
0.526575
0.557122
0.410926
0.629833
0.412062
0.650107
0.606206
0.438248
0.646343
0.49047
0.46284
0.352794
0.445718
0.585601
0.479585
0.41344
0.474287
0.594551
0.596147
0.474644
0.60397
0.476137
0.465852
0.471208
0.400015
0.436079
0.455446
0.413835
0.523763
0.440153
0.537637
0.614547
0.435846
0.620469
0.320868
0.489785
0.549419
0.537163
0.514755
0.411689
0.524391
0.567935
0.558494
0.475691
0.510076
0.583034
0.543463
0.62521
0.535056
0.723424
0.540165
0.521913
0.409471
0.435052
0.59353
0.472641
0.44634
0.522267
0.579541
0.421773
0.52496
0.468622
0.420014
0.59044
0.510785
0.533414
0.531307
0.491675
0.512637
0.467508
0.436606
0.473219
0.499485
0.602131
0.500374
0.337397
0.415434
0.449464
0.647421
0.460078
0.422994
0.314045
0.407984
0.478448
0.671069
0.549142
0.384116
0.43994
0.425541
0.502385
0.461555
0.402344
0.416732
0.380156
0.595198
0.547755
0.449397
0.520327
0.775172
0.420706
0.487364
0.698163
0.434413
0.523447
0.566289
0.30029
0.387589
0.399029
0.504426
0.386852
0.595072
0.505478
0.572734
0.32208
0.624608
0.532011
0.452008
0.488702
0.537209
0.530911
0.346159
0.411736
0.452724
0.436314
0.337178
0.502395
0.654431
0.513838
0.458685
0.492975
0.570905
0.432629
0.53143
0.468753
0.52734
0.474054
0.545459
0.513091
0.387373
0.58893
0.49011
0.567074
0.610405
0.487848
0.524393
0.665197
0.528284
0.496772
0.546697
0.543744
0.599154
0.432793
0.364208
0.628678
0.425154
0.252535
0.578808
0.595004
0.324566
0.5984
0.597624
0.649734
0.52793
0.515463
0.342817
0.425732
0.621529
0.434517
0.576611
0.383878
0.590565
0.514391
0.57394
0.406136
0.518255
0.40935
0.466542
0.422287
0.575978
0.375027
0.448683
0.448218
0.493508
0.448979
0.376147
0.523849
0.52728
0.439665
0.406511
0.423887
0.548536
0.630233
0.420122
0.374812
0.452121
0.651208
0.527628
0.546599
0.440569
0.498824
0.51129
0.597883
0.567068
0.573365
0.463731
0.338396
0.624771
0.284589
0.579172
0.532679
0.548842
0.618913
0.618617
0.404228
0.45151
0.385733
0.61185
0.609379
0.539341
0.557886
0.375521
0.335409
0.565824
0.493932
0.417995
0.437466
0.551274
0.577572
0.568055
0.564116
0.655965
0.432195
0.405941
0.431441
0.421323
0.466192
0.49163
0.69078
0.397885
0.577329
0.476666
0.595364
0.45768
0.592134
0.352226
0.606249
0.442546
0.638909
0.427573
0.488111
0.428847
0.450621
0.64939
0.630611
0.492928
0.566612
0.463935
0.591222
0.540569
0.549683
0.59035
0.490531
0.517606
0.2578
0.314873
0.50121
0.447777
0.507312
0.532086
0.557001
0.447781
0.637214
0.450763
0.468207
0.44842
0.631675
0.348276
0.465353
0.504625
0.480671
0.398923
0.602822
0.40605
0.456257
0.517956
0.539433
0.503833
0.454626
0.454474
0.473092
0.348047
0.40181
0.432789
0.541791
0.584233
0.543476
0.383233
0.51339
0.486351
0.436985
0.419815
0.471779
0.407361
0.536486
0.413533
0.567171
0.60758
0.309519
0.576548
0.233421
0.374841
0.446212
0.513828
0.48544
0.479407
0.419859
0.315306
0.594931
0.410479
0.530286
0.452958
0.602795
0.320073
0.709083
0.613646
0.461765
0.453911
0.488449
0.43997
0.612939
0.477908
0.533012
0.567772
0.48506
0.512718
0.606706
0.340342
0.565535
0.367739
0.294372
0.5458
0.527362
0.519844
0.62047
0.265502
0.606262
0.511054
0.504893
0.637754
0.607495
0.543228
0.468578
0.532515
0.481972
0.526806
0.449212
0.399159
0.54646
0.494495
0.510049
0.490809
0.332798
0.419724
0.522453
0.385118
0.536233
0.583604
0.675467
0.612819
0.49311
0.513005
0.313376
0.571742
0.553337
0.466311
0.624848
0.445419
0.623174
0.572274
0.604942
0.361803
0.539068
0.531337
0.483885
0.51902
0.59341
0.367671
0.564201
0.571499
0.468243
0.474098
0.530435
0.511214
0.443104
0.420955
0.493344
0.395192
0.328349
0.603894
0.603121
0.56183
0.535459
0.484484
0.613829
0.644999
0.630972
0.43141
0.503935
0.336278
0.530867
0.398963
0.455426
0.462115
0.577365
0.483421
0.366704
0.434069
0.700256
0.576823
0.422073
0.596739
0.600055
0.591563
0.563304
0.439362
0.500409
0.458107
0.606418
0.353473
0.402344
0.502063
0.519489
0.510441
0.63312
0.285749
0.524908
0.499083
0.41758
0.453275
0.412222
0.604975
0.510062
0.647103
0.445319
0.629483
0.610092
0.367926
0.320365
0.537943
0.545238
0.428616
0.478586
0.492822
0.539636
0.506929
0.500619
0.469106
0.396902
0.530502
0.406821
0.565556
0.711249
0.331646
0.360588
0.616891
0.580818
0.388305
0.319381
0.378362
0.632381
0.421467
0.600822
0.395566
0.476722
0.448227
0.528869
0.488794
0.499167
0.393597
0.497746
0.47258
0.549884
0.543078
0.33895
0.597532
0.533737
0.471901
0.499324
0.442951
0.509628
0.51575
0.435835
0.405116
0.394419
0.351713
0.605342
0.41756
0.426687
0.437065
0.57533
0.406027
0.480714
0.507452
0.604188
0.422242
0.531273
0.364888
0.43732
0.417004
0.354932
0.489945
0.538001
0.404543
0.51374
0.391372
0.419549
0.636461
0.502345
0.560317
0.468062
0.345016
0.549701
0.425218
0.44259
0.43188
0.451742
0.407334
0.512307
0.469935
0.371488
0.455813
0.43787
0.552062
0.478264
0.49506
0.526832
0.562295
0.407826
0.44613
0.390624
0.561103
0.610379
0.387718
0.603267
0.567987
0.61359
0.501269
0.309657
0.590977
0.562895
0.398621
0.453894
0.494007
0.61153
0.459494
0.495792
0.609593
0.417867
0.310052
0.556387
0.395582
0.567832
0.352673
0.480866
0.601212
0.575276
0.410962
0.330046
0.549086
0.623391
0.582957
0.509164
0.456083
0.595365
0.399368
0.615392
0.407631
0.50267
0.362615
0.53316
0.366193
0.454497
0.496326
0.529018
0.636184
0.322031
0.463862
0.595433
0.523988
0.536416
0.318347
0.665553
0.623113
0.41939
0.525581
0.468651
0.520952
0.680776
0.555133
0.518616
0.465017
0.727097
0.563798
0.525474
0.64291
0.610832
0.499521
0.49265
0.621723
0.509896
0.432803
0.51027
0.558939
0.562147
0.476488
0.577491
0.43833
0.489853
0.283766
0.484516
0.500756
0.534203
0.518106
0.557559
0.431157
0.480121
0.567751
0.417749
0.429457
0.486786
0.431325
0.527544
0.434494
0.449414
0.529979
0.595953
0.386491
0.403025
0.605446
0.38646
0.505012
0.339072
0.442236
0.619248
0.525727
0.54095
0.60617
0.681942
0.280719
0.55459
0.420281
0.360768
0.523511
0.495459
0.403095
0.576669
0.591324
0.553484
0.573146
0.558588
0.463569
0.392549
0.577532
0.408768
0.516901
0.451367
0.531192
0.512588
0.393641
0.437711
0.55752
0.518103
0.491715
0.468117
0.399802
0.458122
0.650719
0.540339
0.526915
0.510294
0.550087
0.536004
0.485581
0.588364
0.551762
0.536043
0.555424
0.430364
0.511179
0.591661
0.541944
0.397223
0.546764
0.528742
0.596461
0.517878
0.499568
0.573759
0.380961
0.614672
0.431056
0.674399
0.499702
0.515447
0.398485
0.348279
0.598338
0.606403
0.613702
0.62829
0.585212
0.602484
0.532598
0.383241
0.558409
0.509645
0.538883
0.377666
0.426017
0.426073
0.577208
0.594771
0.586009
0.377053
0.457128
0.481696
0.486002
0.500834
0.490737
0.586386
0.512113
0.500522
0.443278
0.640555
0.460001
0.449656
0.467383
0.503358
0.520101
0.586808
0.558049
0.515545
0.262967
0.557177
0.506816
0.324053
0.439542
0.556832
0.550077
0.622107
0.415082
0.407881
0.497787
0.510097
0.534358
0.44054
0.595316
0.517617
0.669692
0.480689
0.312533
0.537257
0.432245
0.539195
0.470664
0.705826
0.530939
0.471919
0.608843
0.428919
0.542236
0.326974
0.558691
0.579829
0.607968
0.518492
0.436669
0.514014
0.407267
0.463751
0.480348
0.525434
0.352577
0.493256
0.446151
0.531294
0.438632
0.590929
0.452529
0.406805
0.427189
0.444304
0.493932
0.501816
0.379197
0.482213
0.467359
0.356255
0.450028
0.45016
0.544643
0.591516
0.542246
0.421182
0.490089
0.490069
0.564359
0.462712
0.664424
0.485738
0.572841
0.577548
0.372471
0.472221
0.57868
0.409761
0.403363
0.597617
0.478563
0.553964
0.378477
0.547868
0.524738
0.429067
0.463731
0.532156
0.576515
0.675277
0.419257
0.368501
0.480231
0.405763
0.450873
0.427907
0.603459
0.392071
0.494198
0.530612
0.503103
0.28501
0.503648
0.598103
0.635966
0.570408
0.434957
0.549765
0.524262
0.331779
0.701282
0.493135
0.467441
0.63961
0.449351
0.391945
0.34564
0.509616
0.443514
0.506241
0.488922
0.569986
0.461979
0.484057
0.690439
0.350288
0.600904
0.544277
0.420499
0.65236
0.548437
0.425443
0.452456
0.686166
0.432185
0.585463
0.340256
0.251275
0.460024
0.32231
0.591346
0.417226
0.465534
0.445951
0.457589
0.503768
0.335793
0.566926
0.620721
0.48455
0.440624
0.67712
0.377788
0.635559
0.598833
0.58347
0.435931
0.62219
0.508356
0.415452
0.40475
0.566563
0.333658
0.462407
0.428431
0.559283
0.48512
0.506871
0.428704
0.577571
0.441565
0.505261
0.533586
0.444276
0.458475
0.42742
0.545825
0.509997
0.370858
0.501664
0.458801
0.563156
0.641129
0.522155
0.4566
0.570549
0.51879
0.660559
0.238849
0.523538
0.570069
0.384121
0.489831
0.312713
0.602116
0.517426
0.465273
0.376507
0.547746
0.595296
0.599154
0.466912
0.393119
0.439406
0.43673
0.648073
0.422169
0.551368
0.478934
0.591232
0.417991
0.450202
0.677163
0.452121
0.402793
0.592229
0.546424
0.514567
0.414448
0.396634
0.568665
0.456733
0.409068
0.460053
0.637061
0.544077
0.445437
0.478716
0.44592
0.475749
0.548539
0.406844
0.559766
0.508831
0.465835
0.465131
0.39909
0.557455
0.421348
0.373313
0.359135
0.411503
0.638991
0.415986
0.43202
0.642257
0.548042
0.560972
0.531382
0.559995
0.500001
0.534714
0.322647
0.561227
0.517536
0.319317
0.540929
0.350875
0.362586
0.471008
0.532477
0.647398
0.55212
0.569974
0.58449
0.576493
0.266448
0.496643
0.61201
0.631669
0.486385
0.68968
0.449553
0.427651
0.461982
0.376086
0.448986
0.495212
0.556937
0.473977
0.514117
0.563711
0.429212
0.553748
0.406334
0.450244
0.499779
0.503499
0.634561
0.522002
0.427835
0.379766
0.496685
0.521045
0.452229
0.334717
0.568527
0.538415
0.375238
0.296186
0.540337
0.497094
0.356262
0.437021
0.579685
0.651051
0.549378
0.505415
0.453544
0.430198
0.460138
0.59802
0.57126
0.458802
0.413377
0.642828
0.413998
0.447496
0.615196
0.318925
0.395192
0.506741
0.458735
0.475406
0.350385
0.552199
0.26469
0.621898
0.583806
0.470184
0.464009
0.34826
0.502888
0.483954
0.421539
0.591237
0.550869
0.509326
0.465856
0.600946
0.501514
0.610702
0.431877
0.370277
0.508901
0.366287
0.439295
0.575418
0.409117
0.423903
0.521251
0.435872
0.34963
0.476486
0.384081
0.537514
0.375992
0.609007
0.420382
0.672349
0.634447
0.566181
0.31405
0.333841
0.552918
0.563044
0.367324
0.566792
0.641753
0.508071
0.446323
0.405933
0.609522
0.631208
0.482921
0.547544
0.418059
0.606833
0.287239
0.483561
0.704842
0.534309
0.716436
0.387796
0.479731
0.286462
0.411884
0.479066
0.556962
0.458969
0.358208
0.396135
0.612233
0.55129
0.634107
0.504599
0.358591
0.382441
0.416236
0.315934
0.413764
0.592568
0.663886
0.334129
0.585469
0.403916
0.553549
0.355457
0.530147
0.612475
0.448922
0.632106
0.344467
0.454206
0.583244
0.470544
0.427862
0.437438
0.497337
0.470644
0.40826
0.455664
0.318062
0.421765
0.452077
0.492625
0.578352
0.657115
0.583448
0.504229
0.571383
0.527914
0.416578
0.409505
0.497817
0.494003
0.559001
0.345461
0.506514
0.537706
0.572445
0.538336
0.445466
0.492924
0.681895
0.41645
0.531136
0.641574
0.502371
0.637452
0.410786
0.564661
0.606827
0.525462
0.333797
0.445418
0.58749
0.511246
0.464353
0.507103
0.466874
0.541213
0.359322
0.428204
0.493586
0.568699
0.401526
0.51296
0.511975
0.363628
0.520013
0.60526
0.523565
0.474341
0.545374
0.319126
0.562111
0.647977
0.439509
0.519176
0.583061
0.563525
0.405697
0.519571
0.622054
0.354247
0.526197
0.580157
0.406053
0.493877
0.591037
0.563628
0.504569
0.393644
0.373035
0.377716
0.587364
0.504806
0.470528
0.561562
0.308931
0.444078
0.580658
0.585581
0.568921
0.456941
0.382493
0.419285
0.601648
0.306526
0.500668
0.481691
0.52665
0.523383
0.486626
0.624095
0.546247
0.474131
0.495946
0.405148
0.504883
0.504626
0.356665
0.403322
0.629014
0.385928
0.414889
0.572022
0.545144
0.43905
0.410412
0.477743
0.527556
0.537059
0.576444
0.571846
0.5562
0.480832
0.573989
0.331648
0.469054
0.617357
0.362792
0.566724
0.472248
0.517174
0.577186
0.421436
0.625094
0.45018
0.61659
0.414882
0.546101
0.596702
0.476798
0.544607
0.589946
0.503357
0.639617
0.540569
0.424277
0.340933
0.70481
0.49103
0.48916
0.644129
0.389715
0.472163
0.450828
0.510668
0.438312
0.498363
0.465366
0.509968
0.472903
0.570371
0.646818
0.399187
0.488019
0.433499
0.388139
0.467126
0.527515
0.468391
0.512305
0.424136
0.502267
0.521909
0.434816
0.628815
0.497273
0.545903
0.49771
0.589962
0.283363
0.44676
0.589137
0.504876
0.590138
0.458791
0.391439
0.392785
0.513164
0.539692
0.604574
0.354814
0.619834
0.346432
0.670653
0.539572
0.384761
0.58511
0.679247
0.616089
0.526909
0.338465
0.262035
0.353498
0.53714
0.45988
0.789271
0.679508
0.476212
0.382885
0.359446
0.437359
0.489694
0.530302
0.427438
0.583631
0.527666
0.51736
0.545345
0.666917
0.47347
0.628233
0.494092
0.400028
0.377201
0.505632
0.462838
0.386057
0.356013
0.628234
0.587072
0.481294
0.464733
0.460876
0.48524
0.475618
0.456691
0.547617
0.537609
0.543675
0.446052
0.577906
0.530019
0.467786
0.549376
0.491272
0.539041
0.456193
0.52551
0.596087
0.364004
0.377917
0.549348
0.563135
0.615226
0.408136
0.646369
0.514837
0.546722
0.325667
0.481309
0.466192
0.475531
0.626792
0.735692
0.383594
0.358754
0.717301
0.625371
0.512879
0.403261
0.617311
0.600647
0.488115
0.461961
0.361062
0.537897
0.567753
0.424415
0.496546
0.473109
0.454997
0.438488
0.587475
0.444073
0.64432
0.403644
0.592779
0.499421
0.596278
