0.551925
0.494119
0.530262
0.516073
0.515464
0.508137
0.48815
0.463541
0.477614
0.565303
0.486412
0.462322
0.512072
0.4936
0.489397
0.473821
0.530092
0.464283
0.454716
0.488972
0.44527
0.466325
0.444996
0.453037
0.505235
0.477025
0.477497
0.492473
0.502153
0.500617
0.553459
0.455765
0.583895
0.496783
0.49907
0.510082
0.467763
0.480926
0.499906
0.525638
0.528631
0.488092
0.510753
0.49964
0.443391
0.502407
0.502641
0.491684
0.473569
0.453902
0.529011
0.492483
0.487996
0.484613
0.452855
0.5378
0.517389
0.525818
0.476719
0.499464
0.54275
0.498297
0.467451
0.485339
0.489425
0.477479
0.507548
0.440118
0.478712
0.515358
0.555
0.518833
0.508905
0.491055
0.473486
0.504933
0.50762
0.481894
0.534815
0.484831
0.517309
0.486873
0.485473
0.480763
0.525814
0.594396
0.479155
0.48387
0.483849
0.456162
0.547166
0.499351
0.54128
0.479054
0.45855
0.495568
0.49408
0.526934
0.481833
0.44899
0.423826
0.524197
0.490255
0.516838
0.521633
0.552975
0.53236
0.549303
0.508371
0.495851
0.499826
0.483235
0.573072
0.525974
0.494399
0.539145
0.471371
0.496431
0.505824
0.503422
0.515881
0.500772
0.482627
0.487633
0.510363
0.486546
0.457641
0.456763
0.459568
0.503733
0.490137
0.468306
0.496634
0.509941
0.486449
0.52404
0.5299
0.454247
0.520953
0.506401
0.441022
0.461555
0.469285
0.531296
0.486263
0.519349
0.485671
0.47926
0.492832
0.418709
0.526244
0.516805
0.502144
0.511474
0.49022
0.519861
0.491884
0.525418
0.510813
0.551161
0.548739
0.519326
0.507756
0.49347
0.503684
0.529826
0.443319
0.4905
0.481687
0.501879
0.553674
0.517425
0.527718
0.514769
0.497509
0.482837
0.460928
0.525502
0.503747
0.474039
0.468877
0.48146
0.430251
0.517541
0.533688
0.504206
0.505393
0.526633
0.441999
0.516301
0.52436
0.507922
0.510586
0.54302
0.452065
0.508687
0.49954
0.520823
0.514552
0.476951
0.514865
0.534488
0.44076
0.526124
0.492373
0.484742
0.50652
0.496104
0.444756
0.518296
0.532667
0.462712
0.523706
0.462146
0.469137
0.527326
0.488957
0.494016
0.496925
0.478598
0.506129
0.530813
0.569782
0.528128
0.455243
0.516986
0.517517
0.461962
0.541786
0.45464
0.472793
0.529803
0.482199
0.487305
0.493281
0.503795
0.455667
0.429209
0.461045
0.498767
0.484078
0.461958
0.521051
0.485805
0.532035
0.46047
0.480649
0.51103
0.458786
0.490065
0.451925
0.481452
0.473965
0.456558
0.548783
0.559787
0.468989
0.471256
0.460648
0.490097
0.466021
0.532722
0.554643
0.466136
0.486346
0.55717
0.528134
0.484283
0.540049
0.459393
0.463516
0.48292
0.538869
0.456075
0.507099
0.470147
0.504097
0.543369
0.47399
0.431697
0.451405
0.530624
0.50083
0.52094
0.504463
0.562124
0.508274
0.51283
0.509245
0.468724
0.475073
0.493692
0.490865
0.461247
0.515654
0.468707
0.514857
0.547535
0.533049
0.508985
0.504736
0.515002
0.50907
0.490083
0.497745
0.500597
0.50359
0.503862
0.470646
0.470017
0.504815
0.505546
0.487433
0.508077
0.55241
0.477857
0.490849
0.53209
0.475367
0.514113
0.479572
0.440143
0.526487
0.502148
0.512952
0.506134
0.485337
0.490946
0.515172
0.483464
0.471584
0.461842
0.52071
0.509231
0.520549
0.506195
0.462966
0.470833
0.502885
0.461375
0.51795
0.526822
0.460238
0.536966
0.534886
0.493917
0.458763
0.433044
0.485615
0.472018
0.492384
0.502413
0.524677
0.519129
0.547664
0.518665
0.471935
0.468036
0.482157
0.501955
0.519629
0.506632
0.498128
0.494349
0.505723
0.493761
0.4635
0.506624
0.505433
0.502455
0.501924
0.48841
0.502796
0.462433
0.513826
0.463524
0.484168
0.453749
0.500318
0.512395
0.485521
0.523457
0.511848
0.523433
0.515408
0.52716
0.54346
0.535239
0.495485
0.507341
0.498534
0.421513
0.480453
0.480324
0.462899
0.460544
0.469294
0.503758
0.521176
0.551158
0.489691
0.506495
0.507226
0.506988
0.517488
0.56273
0.5306
0.480959
0.51308
0.502292
0.510834
0.471849
0.526594
0.518942
0.491491
0.5248
0.523755
0.478574
0.505809
0.507667
0.484291
0.489177
0.465841
0.525069
0.524765
0.474439
0.486948
0.50202
0.487709
0.432878
0.469534
0.499011
0.478927
0.494348
0.549893
0.49043
0.524849
0.485834
0.542039
0.478184
0.491811
0.518373
0.5224
0.542396
0.47913
0.526996
0.549246
0.501063
0.547852
0.515571
0.468728
0.530545
0.477058
0.508404
0.56941
0.48875
0.469578
0.510486
0.557152
0.502914
0.469022
0.478258
0.472236
0.47382
0.49997
0.542769
0.510604
0.518357
0.493218
0.5271
0.531075
0.512286
0.447947
0.479931
0.470435
0.455075
0.452691
0.497126
0.498253
0.488698
0.546975
0.543211
0.463312
0.492266
0.545509
0.444621
0.513526
0.494354
0.486797
0.556584
0.491221
0.474914
0.528055
0.525527
0.535651
0.478645
0.538293
0.498875
0.464619
0.461687
0.481452
0.484119
0.487095
0.443526
0.501464
0.489017
0.498689
0.485972
0.491108
0.504826
0.501859
0.441102
0.536542
0.474418
0.502735
0.490025
0.519385
0.507164
0.506427
0.504353
0.528219
0.502465
0.472695
0.532257
0.501396
0.433795
0.50385
0.480973
0.49301
0.515144
0.49678
0.497638
0.463926
0.511719
0.510943
0.540337
0.529731
0.456794
0.49424
0.511223
0.527479
0.456578
0.508612
0.453596
0.433114
0.544975
0.507254
0.514812
0.441445
0.520103
0.50531
0.506894
0.510536
0.484471
0.435941
0.466729
0.522403
0.540663
0.563612
0.507711
0.511878
0.574415
0.506506
0.434725
0.505533
0.536964
0.529915
0.524328
0.49251
0.468534
0.502498
0.512013
0.499168
0.434849
0.507269
0.548426
0.499395
0.528526
0.459203
0.516419
0.472466
0.517245
0.511326
0.570797
0.480331
0.510558
0.52116
0.502662
0.506199
0.537216
0.459419
0.540191
0.516299
0.49489
0.502798
0.487764
0.516681
0.494155
0.492765
0.485282
0.516954
0.468624
0.562201
0.519576
0.49281
0.483092
0.471789
0.459762
0.509231
0.521579
0.497999
0.518434
0.49624
0.507135
0.534578
0.480557
0.469078
0.51529
0.479382
0.531941
0.464677
0.493025
0.478459
0.499171
0.476313
0.485129
0.539238
0.532869
0.5183
0.519829
0.5047
0.526155
0.522612
0.495558
0.530421
0.530194
0.479305
0.530747
0.506338
0.458697
0.482611
0.488502
0.535138
0.493247
0.49458
0.518052
0.479128
0.51134
0.478146
0.474844
0.527465
0.518996
0.511496
0.541148
0.535625
0.43983
0.535607
0.479057
0.508985
0.542453
0.506833
0.537759
0.562384
0.528076
0.506421
0.506945
0.487555
0.490198
0.53882
0.48824
0.560286
0.518247
0.510666
0.546522
0.489194
0.497045
0.472313
0.453013
0.507991
0.51399
0.523796
0.562009
0.473099
0.50581
0.517083
0.453129
0.508515
0.476772
0.536507
0.510958
0.489781
0.500226
0.519243
0.523955
0.528935
0.465348
0.527715
0.534503
0.512334
0.540969
0.505793
0.471983
0.543209
0.468353
0.500669
0.560731
0.510825
0.504813
0.562286
0.504771
0.468137
0.470021
0.532181
0.531184
0.489804
0.516911
0.503632
0.554
0.492432
0.499025
0.554984
0.500479
0.538946
0.476201
0.528012
0.471662
0.498925
0.52045
0.483218
0.529063
0.526818
0.543935
0.533925
0.559376
0.509888
0.500881
0.531039
0.489081
0.517766
0.535336
0.490364
0.470814
0.475493
0.486623
0.514347
0.493379
0.451929
0.474377
0.500106
0.477276
0.585385
0.535041
0.505651
0.457626
0.538381
0.451685
0.476135
0.476364
0.483382
0.509033
0.502047
0.495565
0.491396
0.475574
0.521189
0.473802
0.485308
0.464619
0.526332
0.497384
0.509832
0.506199
0.450428
0.448369
0.43994
0.501658
0.521232
0.491217
0.519655
0.502836
0.507235
0.529961
0.533086
0.477694
0.536762
0.477769
0.499569
0.464287
0.52213
0.510778
0.484791
0.494922
0.510712
0.508063
0.389787
0.502412
0.484822
0.529634
0.50966
0.520279
0.532252
0.474315
0.463921
0.468783
0.469377
0.479396
0.530312
0.478665
0.478668
0.553931
0.473991
0.474463
0.502515
0.487545
0.493954
0.509285
0.535217
0.486637
0.508569
0.492914
0.565028
0.529859
0.48209
0.515115
0.468116
0.454721
0.524043
0.486025
0.506331
0.487229
0.523341
0.545497
0.520643
0.496409
0.519008
0.53327
0.502128
0.475595
0.5294
0.521854
0.522378
0.482367
0.541777
0.523984
0.535211
0.419003
0.494112
0.496536
0.511556
0.545322
0.531022
0.502772
0.44938
0.435798
0.535671
0.484786
0.480552
0.512813
0.509543
0.498038
0.476489
0.497932
0.46195
0.549833
0.484491
0.473063
0.50115
0.47364
0.476615
0.513398
0.528952
0.521109
0.432978
0.503979
0.510683
0.503672
0.501357
0.501798
0.512389
0.485594
0.494961
0.475277
0.477151
0.500365
0.510255
0.553024
0.452384
0.522281
0.476709
0.443728
0.569996
0.505122
0.520338
0.479072
0.481294
0.499771
0.502925
0.531537
0.528482
0.472672
0.50879
0.498977
0.514667
0.53699
0.490978
0.447836
0.49421
0.558349
0.528752
0.476878
0.455319
0.55703
0.508258
0.493315
0.496757
0.468496
0.478239
0.4432
0.460531
0.474121
0.512667
0.487963
0.502444
0.524001
0.442186
0.428966
0.502384
0.493719
0.556218
0.481949
0.516222
0.486944
0.507622
0.47324
0.521202
0.495728
0.491777
0.549617
0.536687
0.500387
0.561963
0.493679
0.452139
0.480839
0.472916
0.506612
0.504221
0.491269
0.504433
0.480225
0.504873
0.46
0.506898
0.510127
0.512257
0.536444
0.54061
0.481919
0.526436
0.497009
0.490785
0.502281
0.461666
0.511833
0.5501
0.526829
0.487169
0.51423
0.430672
0.526611
0.478275
0.534706
0.557327
0.54512
0.489794
0.501438
0.524046
0.447704
0.483504
0.479083
0.52546
0.475238
0.531621
0.557785
0.505268
0.503942
0.478133
0.494271
0.523454
0.473217
0.499872
0.496894
0.534181
0.533374
0.50919
0.496514
0.506226
0.555124
0.560132
0.525075
0.547847
0.50272
0.499964
0.473774
0.507945
0.482611
0.487933
0.52267
0.4354
0.46949
0.573149
0.493639
0.498457
0.48161
0.513446
0.44852
0.506034
0.507239
0.467106
0.504351
0.48283
0.554139
0.479317
0.497556
0.450108
0.533933
0.505251
0.518961
0.484024
0.563241
0.511615
0.491519
0.473382
0.493456
0.508575
0.52261
0.498688
0.481044
0.433909
0.502802
0.484375
0.450229
0.511277
0.552936
0.526081
0.509951
0.504471
0.481419
0.514847
0.506961
0.489533
0.4636
0.510116
0.516945
0.516604
0.505095
0.533407
0.505523
0.523386
0.460947
0.494533
0.511032
0.492093
0.522487
0.522249
0.490944
0.521757
0.46378
0.471194
0.483801
0.567781
0.479523
0.51701
0.508542
0.550589
0.52627
0.521505
0.513106
0.505275
0.518873
0.479749
0.474165
0.544107
0.503986
0.470959
0.499884
0.503769
0.522541
0.465063
0.487569
0.489212
0.453045
0.496811
0.438087
0.445997
0.517582
0.509312
0.49892
0.472993
0.4624
0.518869
0.467746
0.487314
0.544946
0.542985
0.46841
0.513368
0.46924
0.453421
0.551157
0.507892
0.471444
0.476177
0.529014
0.522848
0.517521
0.530274
0.48219
0.518052
0.524842
0.507203
0.52236
0.565425
0.499625
0.522932
0.46873
0.516715
0.562079
0.484328
0.467729
0.476592
0.531133
0.461885
0.518234
0.472976
0.48061
0.480624
0.494177
0.536475
0.478738
0.491036
0.486422
0.510811
0.50287
0.491959
0.495788
0.476106
0.461271
0.447243
0.519085
0.456902
0.503874
0.508099
0.530045
0.496803
0.513856
0.502989
0.457022
0.531588
0.491928
0.476946
0.48933
0.492695
0.555193
0.492184
0.544103
0.522942
0.422475
0.541894
0.545548
0.556353
0.537961
0.499079
0.478456
0.513977
0.475062
0.472314
0.517874
0.457562
0.552348
0.570314
0.526776
0.52297
0.503434
0.517161
0.493634
0.495202
0.492708
0.480093
0.491761
0.486912
0.51875
0.491708
0.512292
0.472273
0.527342
0.498473
0.51268
0.508091
0.545927
0.487404
0.492588
0.454024
0.5714
0.432791
0.48905
0.463789
0.523105
0.524857
0.502774
0.479227
0.472912
0.512206
0.487456
0.479112
0.484246
0.469946
0.533998
0.494561
0.561948
0.52537
0.521482
0.48294
0.494844
0.503049
0.536797
0.502126
0.55289
0.511229
0.514775
0.477007
0.530774
0.461404
0.450724
0.47009
0.579847
0.482935
0.477231
0.518101
0.510258
0.514593
0.477097
0.506443
0.505175
0.494902
0.524306
0.46339
0.488954
0.533151
0.51487
0.535895
0.511141
0.442967
0.539454
0.538878
0.528179
0.450296
0.519635
0.449887
0.504698
0.497694
0.499687
0.46098
0.516251
0.466789
0.545747
0.509732
0.495392
0.52079
0.514261
0.491222
0.492952
0.478921
0.471567
0.552879
0.516394
0.524654
0.466491
0.484072
0.497128
0.549617
0.497845
0.462302
0.488652
0.495045
0.478684
0.467889
0.477401
0.502668
0.529211
0.509015
0.458172
0.52688
0.5102
0.549004
0.526013
0.500096
0.478804
0.487714
0.506426
0.473153
0.438642
0.448917
0.515796
0.472632
0.516018
0.475538
0.503879
0.526984
0.514166
0.504629
0.530263
0.483325
0.497379
0.49396
0.496646
0.486786
0.416915
0.47209
0.476826
0.494278
0.510539
0.493803
0.436272
0.494565
0.527585
0.472779
0.47314
0.576504
0.401408
0.533378
0.532636
0.547337
0.501109
0.533406
0.446568
0.512909
0.514396
0.48975
0.519985
0.461677
0.513467
0.508738
0.506775
0.494403
0.485788
0.523125
0.486085
0.511387
0.501627
0.497552
0.531449
0.479131
0.520246
0.51437
0.474502
0.468296
0.5166
0.461709
0.495138
0.524834
0.530432
0.555646
0.490009
0.476175
0.519635
0.528364
0.501223
0.474328
0.509756
0.514176
0.437118
0.457789
0.481522
0.495282
0.497006
0.514118
0.48825
0.459137
0.571729
0.505065
0.485034
0.499302
0.501934
0.516125
0.481568
0.491669
0.485917
0.502386
0.510488
0.467905
0.478934
0.512551
0.493109
0.47802
0.495832
0.483016
0.464428
0.543919
0.518888
0.523859
0.459267
0.455809
0.522732
0.488643
0.471441
0.503349
0.538221
0.49988
0.497806
0.503411
0.477141
0.522051
0.50909
0.526324
0.489621
0.494049
0.489354
0.532481
0.516121
0.472916
0.495978
0.49118
0.54588
0.540762
0.452034
0.483585
0.513688
0.486726
0.522933
0.461658
0.536866
0.495862
0.469209
0.454968
0.514331
0.466828
0.517322
0.507229
0.499608
0.510242
0.480355
0.454446
0.459678
0.469597
0.500481
0.506555
0.541524
0.486585
0.455065
0.494417
0.498268
0.502736
0.538287
0.504056
0.516753
0.499217
0.500165
0.480001
0.528461
0.536691
0.494833
0.469619
0.505631
0.507091
0.469972
0.480307
0.514466
0.539202
0.53925
0.521422
0.507282
0.529902
0.459662
0.49282
0.505498
0.502971
0.455634
0.531886
0.51533
0.51731
0.531771
0.500919
0.538057
0.496461
0.506117
0.476756
0.536751
0.511306
0.485818
0.574512
0.461333
0.457812
0.467045
0.477298
0.483834
0.521694
0.531058
0.543806
0.555738
0.44189
0.488295
0.545628
0.519277
0.544696
0.452348
0.51619
0.494559
0.48046
0.515709
0.523166
0.514401
0.50469
0.509155
0.526258
0.50874
0.465476
0.496657
0.502212
0.460499
0.499066
0.517674
0.458942
0.514786
0.475509
0.508722
0.450645
0.523298
0.506208
0.46608
0.525777
0.445796
0.535285
0.521514
0.459757
0.470554
0.496607
0.472899
0.464295
0.485615
0.508365
0.531602
0.465198
0.522771
0.507087
0.498512
0.490537
0.466114
0.462933
0.530582
0.491057
0.527043
0.518173
0.499773
0.554692
0.5076
0.540719
0.436256
0.507065
0.544018
0.474566
0.527763
0.499861
0.50234
0.449049
0.466951
0.50892
0.537998
0.508756
0.448661
0.483952
0.501221
0.51601
0.478949
0.541738
0.52015
0.457753
0.487746
0.464686
0.503529
0.47875
0.507053
0.526633
0.514854
0.522948
0.446516
0.497745
0.539853
0.494897
0.518273
0.540419
0.539167
0.523092
0.492943
0.448031
0.498116
0.487107
0.468634
0.568435
0.485417
0.500411
0.474843
0.494059
0.462731
0.520731
0.543118
0.500499
0.516921
0.439834
0.506375
0.525468
0.526881
0.494614
0.558719
0.499984
0.556829
0.481352
0.497668
0.503666
0.517923
0.485016
0.510636
0.476021
0.500089
0.515503
0.497568
0.495589
0.47592
0.522657
0.511581
0.518825
0.508542
0.541981
0.479511
0.540595
0.475296
0.492886
0.524216
0.46815
0.519139
0.521367
0.470526
0.520475
0.509615
0.508981
0.506713
0.504861
0.535284
0.47999
0.513352
0.532597
0.509487
0.488566
0.511445
0.455642
0.531302
0.517907
0.481695
0.496166
0.473598
0.463161
0.466793
0.480819
0.520029
0.500016
0.538598
0.511617
0.492868
0.510848
0.522085
0.485313
0.523536
0.450284
0.497938
0.463128
0.507725
0.49207
0.515656
0.52272
0.506964
0.51911
0.459055
0.454261
0.538519
0.528554
0.476035
0.482508
0.495499
0.523808
0.514496
0.536724
0.499043
0.52535
0.486259
0.480348
0.514459
0.52221
0.520894
0.462265
0.513195
0.456008
0.501305
0.511567
0.442515
0.519407
0.502963
0.52768
0.484755
0.530873
0.498654
0.49772
0.458034
0.507603
0.550623
0.532962
0.500294
0.498505
0.591979
0.546298
0.498545
0.529099
0.479251
0.532556
0.515197
0.540222
0.497954
0.473552
0.463333
0.5624
0.483052
0.479755
0.512826
0.507776
0.44619
0.480444
0.469155
0.491453
0.451562
0.524213
0.496797
0.494147
0.512301
0.521728
0.489085
0.458001
0.519266
0.522583
0.536384
0.457461
0.544085
0.528149
0.494482
0.457067
0.528353
0.502284
0.465052
0.468043
0.530838
0.531772
0.51008
0.465565
0.554587
0.468388
0.53211
0.488577
0.475793
0.504432
0.492207
0.50403
0.526308
0.573639
0.487492
0.497415
0.541676
0.489314
0.500131
0.481479
0.496552
0.491588
0.489663
0.494985
0.489397
0.555652
0.490522
0.483393
0.578306
0.462859
0.506649
0.513346
0.459861
0.506558
0.465049
0.532826
0.512874
0.494541
0.430191
0.538857
0.508901
0.479976
0.471098
0.514638
0.511387
0.5127
0.503028
0.53797
0.485344
0.512754
0.515609
0.452855
0.419415
0.46802
0.489299
0.476152
0.482197
0.517851
0.512053
0.501148
0.514725
0.514565
0.478075
0.509933
0.490954
0.514663
0.520517
0.496447
0.448151
0.501673
0.540015
0.482076
0.499038
0.522472
0.530926
0.505672
0.527593
0.458969
0.517145
0.459872
0.550359
0.477029
0.429382
0.545589
0.485145
0.494502
0.545763
0.446559
0.479002
0.480249
0.497637
0.535798
0.497336
0.466013
0.47247
0.515873
0.466039
0.543045
0.475682
0.484836
0.518514
0.485323
0.463326
0.509715
0.579465
0.501275
0.537465
0.499417
0.447335
0.505848
0.47613
0.508948
0.457257
0.444824
0.479735
0.486785
0.476397
0.49324
0.475822
0.477318
0.543566
0.5398
0.544009
0.500199
0.484979
0.479147
0.53302
0.4385
0.498023
0.543867
0.481666
0.477542
0.514924
0.51811
0.505667
0.556269
0.528179
0.494693
0.512163
0.493053
0.529631
0.45757
0.463819
0.537793
0.445065
0.501531
0.514378
0.502188
0.456185
0.461015
0.507545
0.460061
0.471879
0.529916
0.461079
0.499602
0.460601
0.464238
0.53796
0.49942
0.475797
0.519498
0.506516
0.500255
0.476201
0.464731
0.521378
0.434253
0.492912
0.51499
0.55714
0.49365
0.535111
0.464198
0.496597
0.460771
0.516292
0.490245
0.425443
0.461187
0.512888
0.534193
0.535296
0.471935
0.497166
0.495463
0.516928
0.52665
0.486265
0.51489
0.495574
0.509503
0.519242
0.517512
0.510202
0.549812
0.504028
0.516967
0.488601
0.449199
0.446136
0.513383
0.460191
0.493172
0.491016
0.506623
0.528397
0.48901
0.531936
0.526769
0.544488
0.471812
0.465241
0.523718
0.514741
0.490606
0.504892
0.487762
0.502814
0.506377
0.49814
0.513036
0.549197
0.563888
0.524223
0.485687
0.479617
0.489189
0.467949
0.488676
0.464274
0.544657
0.540054
0.475048
0.489785
0.503477
0.526199
0.471569
0.535703
0.485409
0.506482
0.494607
0.517493
0.475736
0.527346
0.480112
0.447842
0.509258
0.507755
0.48959
0.508167
0.451211
0.501512
0.483937
0.512209
0.566982
0.497591
0.547007
0.51358
0.472505
0.520368
0.560798
0.529136
0.507193
0.521611
0.474112
0.550065
0.531312
0.506124
0.486589
0.532545
0.479632
0.442898
0.509972
0.539864
0.513275
0.493661
0.508481
0.527863
0.551591
0.51069
0.510177
0.465593
0.525973
0.505774
0.511187
0.513043
0.54746
0.502186
0.534662
0.507831
0.530023
0.50155
0.486351
0.502722
0.471394
0.477483
0.528659
0.465846
0.523319
0.487865
0.485066
0.515505
0.483114
0.497642
0.46678
0.521429
0.538388
0.494009
0.513509
0.514365
0.536825
0.485869
0.48021
0.485868
0.452875
0.499433
0.471709
0.510176
0.483261
0.49183
0.487044
0.430038
0.493147
0.504625
0.475435
0.53837
0.49486
0.469087
0.535729
0.477619
0.521033
0.525111
0.511212
0.498711
0.464053
0.535656
0.511652
0.49144
0.473677
0.488573
0.494459
0.528207
0.524694
0.4177
0.496831
0.542946
0.476523
0.505105
0.510755
0.457139
0.546596
0.476336
0.502753
0.474789
0.539426
0.52058
0.440229
0.478212
0.523211
0.527572
0.456316
0.506548
0.51588
0.503157
0.555071
0.45884
0.452419
0.525369
0.508914
0.453574
0.445383
0.542898
0.510177
0.476549
0.540453
0.507828
0.538636
0.548951
0.528915
0.494519
0.47691
0.437508
0.518942
0.516501
0.495592
0.488596
0.437548
0.493266
0.509992
0.508183
0.495086
0.468827
0.480368
0.509471
0.53418
0.503914
0.487516
0.500121
0.524947
0.463696
0.525599
0.48093
0.468395
0.482889
0.504086
0.557848
0.549873
0.450132
0.500677
0.529185
0.504441
0.523515
0.557086
0.519909
0.546043
0.489107
0.489572
0.514898
0.502346
0.504395
0.506064
0.453015
0.537139
0.488476
0.501789
0.513899
0.492145
0.470903
0.54525
0.509327
0.550139
0.47104
0.546443
0.521033
0.43124
0.539813
0.539192
0.506861
0.504243
0.475731
0.48946
0.55712
0.524886
0.487044
0.491527
0.533018
0.522911
0.431925
0.533906
0.489054
0.459796
0.518538
0.456865
0.491238
0.499043
0.476878
0.51344
0.513019
0.510878
0.534255
0.525806
0.450784
0.503268
0.476287
0.488888
0.50083
0.51109
0.505299
0.503078
0.489643
0.525368
0.557977
0.477947
0.479404
0.504424
0.49417
0.568806
0.540558
0.478825
0.488711
0.518014
0.48335
0.522016
0.48813
0.492894
0.490183
0.518487
0.484131
0.502134
0.490688
0.491378
0.535713
0.532548
0.541366
0.49137
0.491813
0.48808
0.551692
0.508759
0.476337
0.46291
0.518548
0.490574
0.46746
0.540555
0.470857
0.464623
0.473065
0.490826
0.516302
0.522333
0.574208
0.446519
0.451993
0.542264
0.478468
0.511731
0.530978
0.496181
0.545066
0.51364
0.486441
0.489534
0.543632
0.50967
0.535493
0.458252
0.448478
0.491872
0.474416
0.523703
0.500278
0.470432
0.49723
0.527702
0.497006
0.508157
0.509476
0.529446
0.476015
0.47782
0.529071
0.486249
0.519143
0.484253
0.516117
0.509945
0.512706
0.463035
0.46355
0.450848
0.554254
0.497684
0.520484
0.511127
0.487977
0.557194
0.500137
0.519488
0.530629
0.46582
0.494219
0.499022
0.529835
0.47697
0.54564
0.52011
0.466677
0.503078
0.541429
0.520245
0.464416
0.503353
0.477735
0.502655
0.455234
0.511248
0.498777
0.435603
0.476864
0.533547
0.501626
0.494232
0.480999
0.472944
0.518698
0.456834
0.505327
0.545975
0.519818
0.537418
0.491099
0.488188
0.535746
0.506458
0.46808
0.498427
0.475028
0.511676
0.518772
0.504102
0.486059
0.510766
0.503777
0.539319
0.486215
0.537902
0.52018
0.507744
0.479952
0.495927
0.504822
0.522086
0.49773
0.536094
0.504344
0.512056
0.517637
0.50722
0.54387
0.492696
0.501603
0.496152
0.516209
0.514941
0.488062
0.511394
0.47345
0.490289
0.482945
0.521794
0.532826
0.541465
0.500881
0.472149
0.548716
0.51094
0.528477
0.527606
0.502669
0.519187
0.511548
0.508747
0.473319
0.504553
0.508187
0.489211
0.548066
0.496609
0.459531
0.517747
0.488404
0.524871
0.520112
0.496564
0.530763
0.484752
0.489659
0.477857
0.514741
0.492621
0.548239
0.550375
0.530611
0.471859
0.526588
0.487923
0.527965
0.541771
0.483538
0.521654
0.517377
0.521226
0.502391
0.478037
0.546958
0.478927
0.52812
0.50438
0.46568
0.512148
0.477282
0.533766
0.505343
0.505844
0.502509
0.4813
0.433054
0.523998
0.493452
0.483517
0.48611
0.475068
0.506056
0.50285
0.541133
0.493433
0.462042
0.539014
0.489364
0.448695
0.550465
0.499196
0.459962
0.464716
0.503233
0.508911
0.513202
0.510269
0.496449
0.485412
0.535437
0.513172
0.499464
0.495523
0.477707
0.509789
0.543509
0.51977
0.569861
0.491762
0.431777
0.474686
0.502076
0.511855
0.512843
0.475164
0.485637
0.480788
0.559282
0.488738
0.464868
0.496927
0.483371
0.513655
0.482073
0.510717
0.501749
0.452629
0.487376
0.515719
0.450895
0.50414
0.475324
0.478137
0.50533
0.483156
0.500131
0.49671
0.490377
0.483154
0.511449
0.504831
0.531399
0.431318
0.472521
0.486788
0.541345
0.478783
0.492603
0.529981
0.428519
0.557803
0.49554
0.475011
0.45642
0.497716
0.486342
0.465494
0.497538
0.501591
0.427667
0.519497
0.552979
0.515412
0.478064
0.494453
0.489801
0.521695
0.513861
0.507441
0.527926
0.479398
0.48657
0.492699
0.508502
0.482011
0.547685
0.448252
0.455604
0.47569
0.482748
0.493526
0.45314
0.499311
0.506556
0.52982
0.558824
0.518336
0.531388
0.465516
0.487122
0.474341
0.520121
0.507904
0.493016
0.482093
0.506117
0.503485
0.468477
0.476062
0.481752
0.508646
0.473516
0.488216
0.487459
0.542561
0.533696
0.499005
0.493172
0.484213
0.515965
0.523382
0.504024
0.56539
0.454703
0.473756
0.512205
0.54156
0.519844
0.501738
0.546818
0.52246
0.51895
0.470564
0.483648
0.46432
0.535126
0.490067
0.48668
0.525553
0.552628
0.536073
0.473273
0.497819
0.502058
0.486089
0.474843
0.504322
0.497015
0.513181
0.544946
0.537215
0.514068
0.469879
0.496622
0.525996
0.477943
0.454025
0.520883
0.508763
0.513789
0.478412
0.478224
0.488205
0.478391
0.49609
0.465017
0.484206
0.522222
0.543236
0.476684
0.474932
0.554199
0.461436
0.549502
0.498285
0.491012
0.471268
0.53293
0.505588
0.492916
0.459064
0.524334
0.539385
0.497852
0.478714
0.547966
0.467222
0.485766
0.510398
0.510101
0.513296
0.535018
0.498115
0.462183
0.519837
0.492739
0.467889
0.51386
0.550102
0.49102
0.488517
0.507799
0.494852
0.43081
0.546751
0.49813
0.504198
0.465384
0.478769
0.504418
0.476674
0.465282
0.509823
0.483021
0.497428
0.526558
0.523941
0.537718
0.4674
0.484254
0.525546
0.421481
0.505351
0.532939
0.474874
0.48126
0.454646
0.496213
0.489075
0.50767
0.516629
0.467033
0.490848
0.481429
0.5225
0.460753
0.536513
0.508459
0.495543
0.482733
0.465376
0.505489
0.515596
0.522416
0.502267
0.488057
0.477631
0.535722
0.475129
0.482777
0.546318
0.52766
0.519533
0.515754
0.498455
0.487008
0.491983
0.459008
0.485128
0.484955
0.513905
0.5268
0.515489
0.459574
0.498181
0.503716
0.514015
0.467995
0.520106
0.506403
0.473134
0.538163
0.474641
0.540813
0.493078
0.492047
0.501848
0.516851
0.530858
0.462182
0.492367
0.532277
0.50022
0.433414
0.494817
0.497764
0.51446
0.521729
0.537
0.484963
0.543982
0.48203
0.472777
0.519466
0.470461
0.506753
0.546489
0.510538
0.469494
0.527178
0.486808
0.499484
0.463616
0.49933
0.471884
0.488545
0.497547
0.48633
0.487662
0.472174
0.497556
0.569073
0.571258
0.51259
0.516803
0.447119
0.481247
0.501467
0.488553
0.471657
0.476756
0.549648
0.489116
0.452429
0.477234
0.536745
0.522407
0.55048
0.464761
0.452508
0.477986
0.498614
0.540792
0.501841
0.444463
0.511436
0.499192
0.505327
0.530138
0.476839
0.497448
0.497159
0.502751
0.510829
0.517927
0.522321
0.480221
0.48755
0.501065
0.464929
0.434247
0.536395
0.482346
0.529575
0.478639
0.438065
0.514958
0.507575
0.494268
0.511463
0.510002
0.499978
0.512498
0.473293
0.51612
0.459218
0.508981
0.462234
0.43042
0.511288
0.499688
0.499576
0.482584
0.460299
0.511048
0.488183
0.474013
0.467316
0.526082
0.471658
0.533907
0.525327
0.528388
0.475593
0.504133
0.502239
0.525867
0.482775
0.454777
0.483755
0.486064
0.504211
0.552238
0.488033
0.49499
0.517876
0.531747
0.503976
0.481304
0.507024
0.49619
0.565041
0.49774
0.559965
0.423094
0.46045
0.511635
0.463167
0.491675
0.485654
0.51645
0.539566
0.491799
0.513952
0.49615
0.503953
0.576749
0.461122
0.494321
0.49732
0.48166
0.484946
0.459898
0.46203
0.49951
0.521498
0.441378
0.5497
0.496524
0.490083
0.461398
0.503657
0.508892
0.478688
0.523544
0.497853
0.522644
0.511827
0.483277
0.494112
0.528587
0.56265
0.484842
0.549573
0.484161
0.511203
0.456039
0.526224
0.464092
0.520695
0.512728
0.484385
0.491719
0.50367
0.51495
0.522024
0.482877
0.49993
0.466534
0.471773
0.514191
0.478121
0.520056
0.47753
0.527683
0.502817
0.499051
0.492514
0.533541
0.569009
0.48932
0.510647
0.472944
0.475858
0.571233
0.45315
0.562807
0.511592
0.494889
0.512203
0.494328
0.471413
0.510017
0.45358
0.457208
0.47031
0.522482
0.480099
0.561416
0.522627
0.509282
0.46778
0.468382
0.510282
0.443905
0.496592
0.503489
0.501499
0.493922
0.497642
0.501737
0.531934
0.462692
0.568702
0.488455
0.520067
0.527051
0.509942
0.47694
0.478742
0.492867
0.471737
0.464892
0.524716
0.500326
0.496437
0.531525
0.478111
0.530835
0.515955
0.547222
0.48362
0.527405
0.507078
0.497623
0.535371
0.5004
0.496339
0.474002
0.527297
0.48052
0.466356
0.521824
0.490903
0.530898
0.535502
0.479349
0.532302
0.530179
0.532769
0.478159
0.530388
0.488466
0.539723
0.547485
0.458034
0.467995
0.521412
0.484208
0.498179
0.480431
0.488097
0.510407
0.526677
0.482639
0.509698
0.470333
0.533801
0.532826
0.544815
0.518682
0.486254
0.548913
0.526202
0.442039
0.581577
0.481024
0.484575
0.505372
0.476823
0.499956
0.512624
0.475454
0.573375
0.493512
0.481104
0.483075
0.519781
0.522571
0.468885
0.50594
0.464481
0.528771
0.498822
0.5041
0.500303
0.565674
0.501345
0.429824
0.5526
0.535297
0.497615
0.493758
0.492905
0.471875
0.534145
0.51926
0.52998
0.474739
0.510744
0.566788
0.49013
0.512177
0.493673
0.550207
0.538661
0.488161
0.505875
0.5269
0.514357
0.523805
0.486161
0.493545
0.468846
0.535437
0.509232
0.509448
0.462739
0.531158
0.508398
0.509299
0.490405
0.557761
0.472882
0.477223
0.505268
0.489886
0.531577
0.484007
0.487496
0.533287
0.435135
0.469376
0.465956
0.48409
0.508259
0.481195
0.516314
0.575898
0.514076
0.493463
0.487149
0.496653
0.552468
0.534991
0.495964
0.487091
0.474224
0.520617
0.506963
0.582691
0.45291
0.546857
0.502466
0.500991
0.506307
0.463842
0.499849
0.536128
0.499312
0.545445
0.49587
0.512497
0.540168
0.539437
0.500272
0.469398
0.531894
0.509584
0.500513
0.578539
0.4708
0.491537
0.48953
0.486278
0.523957
0.534388
0.518387
0.472474
0.487495
0.529789
0.505688
0.507831
0.497607
0.510484
0.485643
0.551595
0.49613
0.490146
0.486637
0.441491
0.48259
0.486379
0.48221
0.497775
0.444566
0.508785
0.566284
0.463262
0.488268
0.473937
0.47455
0.54123
0.501186
0.51916
0.553862
0.513044
0.478705
0.586988
0.491527
0.527408
0.496541
0.482163
0.456365
0.503088
0.550889
0.533065
0.483407
0.537007
0.488141
0.529431
0.514113
0.47957
0.486072
0.478259
0.513984
0.489107
0.478349
0.519756
0.499437
0.497295
0.534242
0.575204
0.515827
0.477445
0.485422
0.478639
0.538488
0.477525
0.55171
0.494186
0.518657
0.539796
0.497657
0.540958
0.506178
0.54893
0.52183
0.517372
0.520841
0.500492
0.530677
0.476763
0.504239
0.521663
0.518846
0.486175
0.504021
0.496062
0.527836
0.510199
0.472408
0.484567
0.564854
0.501734
0.500858
0.543991
0.513746
0.511549
0.472742
0.505497
0.529895
0.498519
0.455914
0.454619
0.480935
0.472408
0.467052
0.474778
0.47518
0.471073
0.539641
0.486148
0.479627
0.563977
0.457466
0.501775
0.439421
0.493862
0.505512
0.502785
0.540645
0.488484
0.480115
0.494601
0.478312
0.534262
0.490269
0.516004
0.501445
0.523732
0.481942
0.492942
0.497109
0.538669
0.437293
0.47894
0.505269
0.510766
0.510645
0.454008
0.576358
0.531728
0.463111
0.4639
0.493425
0.474672
0.517732
0.491614
0.470732
0.468696
0.48701
0.483004
0.500692
0.518498
0.464709
0.488377
0.481
0.460922
0.533794
0.471949
0.523854
0.520297
0.452394
0.491046
0.499122
0.524457
0.499654
0.516901
0.503349
0.473302
0.503353
0.458954
0.496462
0.491789
0.511169
0.504504
0.418055
0.479218
0.507458
0.485596
0.545136
0.496696
0.487428
0.465027
0.553193
0.484644
0.520578
0.483329
0.542477
0.482235
0.465282
0.468624
0.521356
0.540622
0.566389
0.551201
0.558628
0.461849
0.487715
0.514723
0.556665
0.515304
0.551307
0.515902
0.52726
0.533599
0.485343
0.484545
0.482052
0.469749
0.482555
0.53584
0.489415
0.497523
0.431042
0.46674
0.469662
0.486845
0.479349
0.508348
0.510473
0.496118
0.517693
0.496152
0.484384
0.453352
0.507203
0.530005
0.470246
0.517953
0.449056
0.48571
0.520506
0.485078
0.485375
0.570093
0.506196
0.534398
0.523773
0.531441
0.541498
0.50517
0.477419
0.517171
0.509774
0.509482
0.512487
0.470612
0.512913
0.485538
0.414881
0.498777
0.505894
0.54288
0.468096
0.522992
0.52842
0.501398
0.504102
0.51426
0.575519
0.41602
0.47912
0.525244
0.48896
0.508946
0.536161
0.500726
0.481386
0.461314
0.51621
0.478437
0.505023
0.476152
0.449931
0.482117
0.506843
0.52452
0.521762
0.498689
0.442057
0.516682
0.478272
0.511417
0.507818
0.520222
0.522673
0.430929
0.468995
0.536941
0.497336
0.475973
0.507913
0.500442
0.556211
0.485787
0.529913
0.52625
0.549006
0.515952
0.526623
0.51637
0.549016
0.539609
0.558808
0.460134
0.536461
0.535915
0.490675
0.473225
0.519225
0.497599
0.517506
0.55675
0.552856
0.529522
0.518498
0.488237
0.471717
0.510079
0.506688
0.476429
0.46314
0.537356
0.477818
0.491755
0.496491
0.501882
0.44005
0.484346
0.518987
0.497878
0.50637
0.481481
0.520165
0.494865
0.481581
0.516321
0.466862
0.491503
0.525747
0.47983
0.450596
0.54355
0.475968
0.497735
0.469204
0.427801
0.478362
0.494412
0.444632
0.553889
0.522126
0.495575
0.458739
0.465826
0.487548
0.521637
0.528989
0.485151
0.469855
0.563612
0.475918
0.517568
0.450767
0.473455
0.484242
0.47494
0.47962
0.510689
0.539476
0.514527
0.505959
0.48721
0.521957
0.47733
0.515452
0.502145
0.490121
0.467421
0.52101
0.488625
0.524935
0.504136
0.520987
0.534364
0.517341
0.479007
0.47634
0.477909
0.50059
0.459298
0.518612
0.51244
0.489348
0.530038
0.560625
0.518992
0.477443
0.4864
0.43175
0.500977
0.466131
0.478336
0.479637
0.491881
0.464751
0.499306
0.590267
0.478009
0.46565
0.481
0.458216
0.548149
0.465252
0.535925
0.498997
0.512045
0.453143
0.549725
0.515356
0.489535
0.491044
0.525106
0.449401
0.512241
0.523562
0.51926
0.512431
0.529684
0.492576
0.476643
0.484348
0.511695
0.45714
0.488986
0.484529
0.499004
0.480782
0.524426
0.506017
0.56387
0.458071
0.537614
0.534928
0.482647
0.502322
0.522694
0.536929
0.492136
0.476325
0.561012
0.502682
0.48162
0.49796
0.465436
0.454104
0.512443
0.482584
0.493164
0.503345
0.497017
0.59406
0.508896
0.476337
0.489121
0.496303
0.510237
0.532807
0.497379
0.497216
0.527218
0.444608
0.513791
0.496899
0.467793
0.504268
0.509175
0.511994
0.48121
0.495609
0.427422
0.478056
0.471108
0.468327
0.490413
0.491809
0.510232
0.4684
0.475494
0.525171
0.51863
0.4762
0.417369
0.542926
0.457214
0.51419
0.486297
0.545907
0.478554
0.506067
0.554453
0.44158
0.44679
0.449243
0.492352
0.553885
0.488522
0.532532
0.537184
0.534229
0.486568
0.520907
0.494957
0.525492
0.508454
0.479223
0.498305
0.510925
0.481518
0.536766
0.481855
0.479819
0.506498
0.504506
0.517011
0.481814
0.481485
0.556929
0.518036
0.481725
0.488107
0.530329
0.441312
0.546762
0.53183
0.539426
0.52965
0.488018
0.558242
0.49419
0.513515
0.568099
0.407197
0.538744
0.46106
0.476772
0.536699
0.474228
0.548829
0.516501
0.558396
0.467481
0.505009
0.489759
0.45656
0.487443
0.527105
0.439978
0.482426
0.461124
0.445917
0.558015
0.515772
0.531038
0.527687
0.496011
0.515607
0.505958
0.4563
0.490522
0.491848
0.486885
0.517402
0.486789
0.529852
0.490092
0.466321
0.436024
0.459694
0.459122
0.521663
0.517592
0.492049
0.52762
0.536454
0.477959
0.542563
0.514866
0.498707
0.508283
0.506583
0.565895
0.553287
0.532523
0.516128
0.488059
0.44695
0.487939
0.440969
0.515938
0.498435
0.489859
0.48569
0.486435
0.525472
0.452593
0.464621
0.525968
0.490594
0.508362
0.496499
0.47161
0.527625
0.526115
0.540742
0.498057
0.540707
0.492122
0.507211
0.472306
0.527766
0.434203
0.511334
0.507909
0.53026
0.471481
0.446463
0.500686
0.531116
0.441517
0.505343
0.527766
0.502705
0.486724
0.512574
0.50183
0.476745
0.521917
0.489922
0.49244
0.498004
0.504885
0.506376
0.496321
0.543676
0.471847
0.464816
0.518467
0.520302
0.549688
0.527162
0.475964
0.510122
0.476827
0.509886
0.496384
0.458719
0.484607
0.501765
0.552634
0.495843
0.511079
0.495739
0.526141
0.491277
0.559052
0.466761
0.540236
0.527633
0.47028
0.5075
0.455625
0.461941
0.50768
0.523793
0.509805
0.49792
0.447429
0.481697
0.522321
0.570789
0.492835
0.518029
0.507718
0.506508
0.481851
0.536276
0.478085
0.497314
0.470105
0.489731
0.48704
0.465432
0.451321
0.483745
0.507058
0.556838
0.457011
0.498966
0.491992
0.47694
0.51731
0.487434
0.446688
0.500063
0.474819
0.433424
0.49554
0.504604
0.50336
0.490886
0.51189
0.535739
0.463475
0.51938
0.480119
0.547551
0.476587
0.500372
0.472328
0.55646
0.529666
0.485762
0.48147
0.527824
0.462298
0.47053
0.482813
0.477589
0.47801
0.52136
0.54561
0.500864
0.501746
0.473131
0.526842
0.469296
0.535362
0.505147
0.518926
0.539117
0.503003
0.448968
0.523246
0.461737
0.508257
0.509739
0.471391
0.488769
0.484954
0.44287
0.485975
0.533344
0.493467
0.417964
0.492908
0.459606
0.494428
0.491842
0.527001
0.502251
0.511688
0.522568
0.542776
0.527994
0.496442
0.556329
0.45235
0.490835
0.514353
0.479045
0.472285
0.51299
0.49758
0.474607
0.491255
0.493388
0.473568
0.471584
0.510432
0.485573
0.482485
0.560299
0.478439
0.536918
0.505172
0.462146
0.502765
0.531006
0.503489
0.533009
0.519515
0.505063
0.524926
0.532673
0.473351
0.514314
0.47336
0.462094
0.529525
0.545139
0.557824
0.500407
0.479865
0.548899
0.541176
0.463546
0.524587
0.598315
0.490528
0.496348
0.531815
0.548268
0.481323
0.480015
0.51668
0.472902
0.50693
0.506826
0.481877
0.520894
0.505622
0.513942
0.531547
0.490779
0.526839
0.508209
0.530369
0.498198
0.518574
0.463824
0.479727
0.496939
0.507793
0.484726
0.522839
0.52566
0.545737
0.50361
0.500708
0.532155
0.479996
0.54942
0.480786
0.467048
0.515225
0.495207
0.49021
0.468782
0.454376
0.488224
0.475501
0.501783
0.502329
0.504127
0.530588
0.459674
0.513777
0.467169
0.545038
0.525413
0.44727
0.518248
0.454365
0.50023
0.507264
0.472701
0.4843
0.513232
0.446071
0.499701
0.520883
0.463567
0.517567
0.525143
0.498264
0.477004
0.504555
0.539892
0.506086
0.518815
0.481635
0.475267
0.42832
0.464829
0.475472
0.507636
0.495428
0.482537
0.484329
0.483997
0.491739
0.51412
0.578744
0.520422
0.499897
0.533276
0.555228
0.505235
0.494268
0.497717
0.544845
0.488805
0.505175
0.499224
0.518571
0.491817
0.545844
0.493116
0.531291
0.493918
0.503917
0.529023
0.486314
0.524586
0.489439
0.46483
0.532275
0.488116
0.481155
0.515677
0.534318
0.514595
0.473029
0.539872
0.531406
0.458735
0.512831
0.523608
0.491661
0.458438
0.504686
0.476361
0.467589
0.494984
0.497449
0.51882
0.523076
0.566695
0.460792
0.555259
0.514023
0.477963
0.490859
0.452196
0.514508
0.465517
0.547388
0.515228
0.520324
0.553797
0.484157
0.495921
0.521805
0.451321
0.504637
0.500613
0.477774
0.479904
0.504722
0.473027
0.512527
0.518623
0.52442
0.512549
0.537696
0.504384
0.490366
0.520063
0.470885
0.520986
0.53105
0.563199
0.512951
0.498535
0.516616
0.512892
0.505798
0.475101
0.47512
0.493106
0.502566
0.532488
0.50712
0.505611
0.482086
0.567984
0.490465
0.551682
0.54948
0.493978
0.477175
0.472598
0.544775
0.487308
0.51426
0.500813
0.461416
0.490229
0.510386
0.513681
0.466538
0.544854
0.540234
0.501595
0.524886
0.472971
0.488443
0.522437
0.508253
0.493085
0.495013
0.50419
0.512309
0.486578
0.524028
0.517609
0.542695
0.524852
0.487592
0.510809
0.502265
0.519334
0.536843
0.467655
0.471341
0.506219
0.531922
0.521825
0.472865
0.497822
0.472769
0.458419
0.514311
0.522418
0.542632
0.505
0.508251
0.47444
0.576144
0.503923
0.513427
0.48692
0.523869
0.507848
0.488223
0.488036
0.485166
0.530293
0.528401
0.483645
0.491267
0.533117
0.450984
0.477681
0.480429
0.512801
0.446148
0.532284
0.517043
0.537398
0.489016
0.559549
0.506574
0.516039
0.493217
0.516751
0.498207
0.462856
0.47808
0.486939
0.527069
0.537212
0.541359
0.526764
0.537911
0.452092
0.469337
0.513413
0.492117
0.50256
0.48621
0.512542
0.529917
0.486123
0.484601
0.509056
0.469684
0.486905
0.459103
0.522637
0.506185
0.485492
0.474707
0.499873
0.489657
0.476321
0.512004
0.474884
0.547595
0.464503
0.501019
0.530299
0.511119
0.48393
0.495576
0.450477
0.52779
0.508576
0.520045
0.518837
0.502761
0.518823
0.450363
0.471173
0.430138
0.504733
0.561192
0.496829
0.506408
0.478104
0.531101
0.499618
0.527834
0.495205
0.497636
0.50034
0.493674
0.492064
0.524158
0.5328
0.517108
0.454168
0.470325
0.485175
0.505744
0.482475
0.518092
0.488626
0.523577
0.507595
0.4951
0.515018
0.52628
0.524014
0.507339
0.515624
0.501704
0.476249
0.492945
0.442697
0.467449
0.538801
0.489025
0.46577
0.447399
0.471781
0.523362
0.484574
0.51908
0.494081
0.5129
0.500439
0.49373
0.495973
0.490866
0.478058
0.460942
0.48301
0.464405
0.509484
0.539769
0.54309
0.464617
0.512246
0.518153
0.458581
0.540853
0.473439
0.432561
0.535364
0.44116
0.511689
0.479706
0.460671
0.45074
0.558844
0.512214
0.471605
0.440304
0.493279
0.500129
0.466206
0.486189
0.476695
0.490118
0.478935
0.454122
0.526265
0.52426
0.492464
0.548502
0.524028
0.500287
0.517641
0.549071
0.545391
0.495157
0.513492
0.486855
0.468614
0.513829
0.479164
0.511245
0.567164
0.535125
0.439651
0.540102
0.526793
0.506537
0.517205
0.454745
0.539241
0.489873
0.510289
0.441717
0.484417
0.499605
0.421959
0.503183
0.492944
0.465794
0.499538
0.447854
0.480938
0.553475
0.487472
0.514301
0.518902
0.540369
0.52523
0.518533
0.566601
0.514802
0.542128
0.517723
0.515809
0.5157
0.49095
0.47195
0.552777
0.466547
0.532251
0.505829
0.482324
0.505163
0.471199
0.461916
0.515411
0.521196
0.488846
0.487752
0.502076
0.483188
0.519696
0.46842
0.451603
0.4671
0.507451
0.486505
0.471809
0.478166
0.480798
0.53131
0.499307
0.487947
0.511126
0.539226
0.532644
0.498477
0.504042
0.53711
0.480161
0.455351
0.516556
0.480558
0.424473
0.49165
0.47182
0.528953
0.525436
0.514571
0.473287
0.519142
0.523468
0.506636
0.520173
0.449644
0.505115
0.503355
0.526087
0.537242
0.512722
0.489221
0.442714
0.477847
0.470095
0.483906
0.510423
0.4935
0.486018
0.530548
0.47767
0.547396
0.487515
0.457977
0.511075
0.4488
0.484714
0.518782
0.488055
0.46973
0.469206
0.565084
0.513869
0.415278
0.507758
0.553881
0.47497
0.579457
0.56327
0.533855
0.500531
0.468436
0.524832
0.535507
0.474015
0.54304
0.488781
0.456495
0.456674
0.542398
0.502609
0.474055
0.464843
0.530606
0.473613
0.516377
0.562908
0.478282
0.504151
0.484807
0.503826
0.490887
0.555391
0.458762
0.519068
0.455696
0.551417
0.505214
0.499855
0.459277
0.475571
0.47464
0.521577
0.537368
0.560908
0.495298
0.513256
0.479021
0.556637
0.497703
0.473929
0.516889
0.452426
0.501189
0.507839
0.485527
0.502435
0.474428
0.500294
0.519591
0.500969
0.481772
0.516071
0.4438
0.541617
0.557305
0.512254
0.486544
0.501743
0.498474
0.527365
0.509007
0.504226
0.491173
0.458664
0.511682
0.4683
0.508164
0.459508
0.570159
0.511392
0.582692
0.538629
0.49205
0.493808
0.479188
0.533204
0.516929
0.548166
0.50293
0.517617
0.521177
0.445434
0.540522
0.539745
0.499581
0.489462
0.443089
0.486691
0.485581
0.521864
0.46405
0.521804
0.512037
0.509146
0.493341
0.43487
0.484384
0.51394
0.499975
0.487362
0.458061
0.492228
0.514799
0.524607
0.47207
0.488425
0.515342
0.486751
0.480571
0.500196
0.464608
0.510402
0.524353
0.514892
0.495701
0.492821
0.504078
0.519463
0.514163
0.510534
0.477176
0.535741
0.499881
0.534243
0.470243
0.47295
0.520456
0.481918
0.478841
0.479337
0.477899
0.551925
0.526566
0.454782
0.470536
0.538091
0.495251
0.516274
0.461987
0.438558
0.518198
0.49812
0.449108
0.490319
0.458289
0.518767
0.500753
0.461291
0.542877
0.49611
0.539249
0.551829
0.497312
0.523162
0.486453
0.457522
0.408988
0.50596
0.516251
0.495172
0.523781
0.485582
0.535404
0.52382
0.456753
0.486148
0.454586
0.522699
0.489006
0.510687
0.53151
0.467975
0.53254
0.496739
0.498003
0.570177
0.44502
0.493565
0.472918
0.514164
0.476297
0.512846
0.502744
0.503519
0.498581
0.504746
0.4718
0.501247
0.502121
0.491204
0.513886
0.438639
0.478293
0.508345
0.507256
0.474192
0.511937
0.499871
0.544808
0.514443
0.564856
0.493321
0.481344
0.508617
0.482314
0.491057
0.449789
0.458932
0.474441
0.507871
0.488239
0.528464
0.524398
0.527074
0.509718
0.538435
0.495187
0.506943
0.496508
0.506792
0.476978
0.529415
0.470942
0.49997
0.486827
0.512877
0.50452
0.519698
0.532668
0.550957
0.527235
0.516728
0.483437
0.509166
0.488974
0.443367
0.467223
0.501285
0.514884
0.526678
0.489308
0.467352
0.516554
0.494237
0.481972
0.505147
0.490914
0.474303
0.467946
0.507033
0.498709
0.482299
0.459379
0.54403
0.524427
0.525458
0.474197
0.489008
0.539561
0.477518
0.521733
0.550862
0.511071
0.465351
0.449496
0.471543
0.516932
0.489375
0.492959
0.507838
0.490632
0.439656
0.450239
0.489752
0.466502
0.509543
0.523549
0.527377
0.507751
0.518742
0.499284
0.558124
0.529085
0.567679
0.478633
0.496192
0.415771
0.495036
0.500575
0.48615
0.481041
0.460346
0.509155
0.482499
0.473698
0.4435
0.506889
0.467099
0.5378
0.46306
0.506195
0.536337
0.5263
0.475245
0.530713
0.489899
0.520519
0.515461
0.448397
0.523029
0.497321
0.484263
0.518241
0.514156
0.525867
0.489607
0.532533
0.46975
0.505827
0.507283
0.506496
0.508293
0.488921
0.481394
0.507194
0.465236
0.555668
0.566758
0.533586
0.500815
0.489206
0.485108
0.519596
0.482608
0.518079
0.486971
0.472071
0.514697
0.529843
0.501088
0.555517
0.515323
0.527389
0.503268
0.525464
0.514899
0.509834
0.526528
0.502361
0.496257
0.479873
0.494419
0.567857
0.479009
0.529463
0.489394
0.505346
0.509897
0.495709
0.478099
0.496667
0.451001
0.458831
0.485471
0.506809
0.46768
0.544083
0.489498
0.498514
0.458133
0.489508
0.488538
0.478649
0.456436
0.551395
0.463053
0.498215
0.520953
0.529314
0.523654
0.537884
0.42997
0.50261
0.497307
0.470914
0.506447
0.520225
0.523592
0.545343
0.46376
0.495723
0.502892
0.567323
0.494296
0.519402
0.488372
0.52747
0.53279
0.519351
0.463638
0.532105
0.456272
0.543347
0.527941
0.491268
0.522498
0.513451
0.530808
0.495367
0.468748
0.495185
0.487966
0.452354
0.492853
0.493165
0.510452
0.457286
0.528339
0.535065
0.468754
0.436153
0.445558
0.495784
0.523894
0.485857
0.520671
0.513695
0.467297
0.5822
0.514379
0.510845
0.551341
0.497769
0.522261
0.508993
0.512448
0.511585
0.518595
0.543345
0.518612
0.462402
0.445542
0.475872
0.51321
0.567512
0.509574
0.450086
0.497001
0.528953
0.506997
0.479141
0.500163
0.458981
0.500479
0.459142
0.536259
0.476682
0.518424
0.509536
0.470005
0.497607
0.519092
0.482452
0.530701
0.508291
0.501326
0.502878
0.493225
0.50755
0.473767
0.501538
0.45844
0.526416
0.524427
0.562351
0.524902
0.528582
0.492507
0.456347
0.503747
0.503257
0.544312
0.473907
0.45862
0.522269
0.455167
0.467219
0.542532
0.503326
0.479186
0.524799
0.493517
0.481285
0.49878
0.509981
0.500955
0.509318
0.495773
0.515231
0.474457
0.451847
0.48601
0.484164
0.507158
0.491114
0.519323
0.533145
0.535323
0.539278
0.51673
0.464344
0.516121
0.5279
0.496754
0.47212
0.445442
0.506694
0.44272
0.484612
0.49765
0.503423
0.462918
0.562407
0.509126
0.456814
0.4755
0.506167
0.537484
0.494359
0.469989
0.545082
0.508345
0.546895
0.487277
0.488032
0.491524
0.551813
0.469979
0.509326
0.498525
0.476798
0.535027
0.480898
0.533199
0.525947
0.510375
0.482831
0.487466
0.48017
0.457692
0.484091
0.443944
0.473723
0.512909
0.495332
0.487389
0.448761
0.496512
0.485666
0.506808
0.499783
0.48544
0.445258
0.490108
0.509852
0.488472
0.515624
0.423191
0.560444
0.506975
0.489515
0.495323
0.516826
0.512886
0.502253
0.5027
0.490822
0.495808
0.466394
0.472044
0.492848
0.491091
0.481601
0.506135
0.535085
0.490779
0.491595
0.523135
0.487679
0.519282
0.500061
0.491592
0.529822
0.505672
0.517386
0.472985
0.517612
0.574458
0.470096
0.483701
0.530545
0.506723
0.524884
0.538305
0.468534
0.523501
0.469079
0.465985
0.471313
0.493262
0.519459
0.522048
0.512113
0.555382
0.511259
0.506339
0.55748
0.501479
0.509264
0.540456
0.475107
0.526483
0.532856
0.495643
0.521568
0.481312
0.466891
0.483229
0.491804
0.489049
0.540279
0.499492
0.462269
0.476462
0.48415
0.536822
0.49958
0.502771
0.521467
0.513056
0.446567
0.517531
0.489977
0.500866
0.497589
0.489483
0.470358
0.499064
0.454989
0.49829
0.49146
0.517714
0.468572
0.490989
0.554482
0.518911
0.439973
0.445067
0.487998
0.475113
0.513794
0.510018
0.505677
0.486892
0.487377
0.489262
0.488582
0.461995
0.501107
0.5243
0.483934
0.47756
0.471094
0.492985
0.542195
0.457404
0.516135
0.483768
0.454364
0.496211
0.510806
0.477821
0.511347
0.542539
0.496584
0.490883
0.53729
0.512489
0.462855
0.426724
0.51873
0.505926
0.499685
0.454092
0.491466
0.517124
0.504245
0.489025
0.426996
0.511711
0.462745
0.524397
0.520418
0.491786
0.479765
0.478576
0.481662
0.461085
0.476846
0.505066
0.561915
0.522072
0.462236
0.525014
0.497144
0.476827
0.483643
0.504452
0.500558
0.483611
0.475888
0.478149
0.515909
0.520976
0.455315
0.421951
0.473498
0.461301
0.462857
0.48548
0.480757
0.465627
0.547612
0.517076
0.479285
0.511664
0.44281
0.472837
0.520223
0.526851
0.516054
0.451661
0.509826
0.518332
0.455695
0.528138
0.527114
0.491742
0.475234
0.475186
0.455485
0.460654
0.56761
0.528289
0.540156
0.478588
0.521259
0.503232
0.4933
0.48543
0.54981
0.529189
0.48878
0.490165
0.547309
0.499055
0.528321
0.491769
0.490825
0.568878
0.481025
0.51016
0.532327
0.468291
0.558083
0.469071
0.50171
0.523795
0.474571
0.462716
0.492826
0.476782
0.480198
0.51814
0.524421
0.518171
0.430889
0.515104
0.507828
0.471527
0.463069
0.525411
0.523313
0.486543
0.532527
0.453516
0.526927
0.46476
0.509738
0.480316
0.499762
0.549393
0.533511
0.511989
0.50147
0.551153
0.534848
0.495758
0.42992
0.481916
0.522878
0.47445
0.468878
0.528143
0.504744
0.491729
0.49558
0.485902
0.541329
0.529885
0.510071
0.499382
0.510679
0.512036
0.498184
0.514761
0.511011
0.510638
0.490039
0.511318
0.435171
0.514164
0.51594
0.531654
0.468424
0.473832
0.501524
0.502894
0.511456
0.552257
0.524075
0.50076
0.550445
0.525908
0.501833
0.468374
0.516094
0.503228
0.50821
0.51167
0.483491
0.540308
0.522771
0.5033
0.514677
0.525989
0.530854
0.466895
0.475793
0.488258
0.503709
0.493566
0.510678
0.503816
0.491033
0.462511
0.492805
0.542699
0.487766
0.507619
0.477415
0.479824
0.527037
0.50192
0.515734
0.535328
0.481121
0.461788
0.463145
0.515584
0.492293
0.522741
0.503192
0.486768
0.455449
0.578738
0.509284
0.502848
0.524366
0.506827
0.575982
0.499868
0.523485
0.469041
0.461744
0.528414
0.527082
0.493399
0.504996
0.496121
0.497709
0.505887
0.515408
0.412107
0.455778
0.555316
0.522253
0.495209
0.502158
0.462902
0.511718
0.477887
0.555673
0.518464
0.535048
0.547678
0.51736
0.495106
0.499393
0.478081
0.493373
0.514266
0.483236
0.48073
0.468401
0.52299
0.478274
0.490746
0.481486
0.495328
0.489635
0.497143
0.496104
0.489713
0.536291
0.450148
0.486382
0.494199
0.523559
0.487323
0.561348
0.441437
0.509554
0.520371
0.499057
0.465264
0.547471
0.524469
0.482499
0.550773
0.545573
0.492052
0.439139
0.489754
0.466762
0.452871
0.465977
0.47336
0.479599
0.502241
0.552007
0.483892
0.452661
0.479331
0.509935
0.497567
0.574095
0.477379
0.539045
0.470151
0.51826
0.507707
0.471078
0.547322
0.481322
0.51941
0.511011
0.52165
0.487674
0.476589
0.504595
0.518061
0.539066
0.495016
0.45454
0.499663
0.488317
0.520089
0.527221
0.505807
0.449474
0.52797
0.521767
0.504262
0.50631
0.481765
0.453426
0.459373
0.471023
0.534627
0.503073
0.538083
0.515011
0.511666
0.514725
0.515688
0.563613
0.482524
0.472963
0.503209
0.486669
0.486503
0.492112
0.518246
0.426789
0.442119
0.539065
0.491193
0.487206
0.492947
0.491627
0.528691
0.501076
0.531649
0.52425
0.466193
0.444119
0.474045
0.503036
0.521512
0.482453
0.465111
0.501884
0.481235
0.577516
0.558771
0.51165
0.521871
0.509943
0.503372
0.434204
0.477609
0.474266
0.474694
0.523254
0.536562
0.476331
0.498402
0.493811
0.497376
0.475281
0.583776
0.502173
0.498076
0.472008
0.520633
0.528301
0.549015
0.495922
0.511288
0.49246
0.461817
0.471937
0.459441
0.478008
0.50618
0.459529
0.477864
0.502201
0.466416
0.505749
0.506757
0.546883
0.449597
0.514074
0.514664
0.500958
0.507194
0.510955
0.533797
0.526489
0.502074
0.501946
0.441675
0.470327
0.532733
0.499295
0.470922
0.513127
0.546642
0.512853
0.559129
0.537628
0.484578
0.506201
0.490623
0.448086
0.527819
0.47985
0.512051
0.492712
0.530069
0.473395
0.523627
0.501014
0.516002
0.548501
0.50793
0.507898
0.528287
0.464599
0.50813
0.466419
0.574978
0.459153
0.55751
0.501041
0.489136
0.464387
0.522159
0.493296
0.562566
0.512343
0.468719
0.53171
0.465542
0.460144
0.449053
0.497868
0.434384
0.517332
0.503709
0.510503
0.488782
0.447167
0.546068
0.479469
0.47073
0.473754
0.529028
0.521487
0.536937
0.486875
0.536118
0.509536
0.516609
0.5164
0.558916
0.477753
0.526465
0.498157
0.542628
0.503737
0.534862
0.523125
0.471729
0.510108
0.456907
0.481839
0.497518
0.48722
0.472435
0.535873
0.51948
0.478883
0.478714
0.458275
0.512312
0.522984
0.499771
0.474837
0.450512
0.508871
0.504197
0.478066
0.542373
0.553382
0.503319
0.485738
0.465295
0.497389
0.541606
0.485903
0.544257
0.524741
0.49118
0.550227
0.485345
0.515464
0.50233
0.467533
0.496202
0.485115
0.481866
0.499422
0.525273
0.502144
0.491227
0.519855
0.541733
0.515155
0.496191
0.480557
0.497952
0.521934
0.480075
0.484133
0.546395
0.512113
0.542291
0.456763
0.472814
0.47536
0.494148
0.532346
0.487614
0.516959
0.543755
0.49998
0.507273
0.512654
0.531919
0.496647
0.467678
0.474639
0.470897
0.526977
0.501269
0.460565
0.487888
0.511963
0.499846
0.54744
0.55514
0.478515
0.494938
0.482295
0.458533
0.481709
0.507582
0.541495
0.486535
0.471624
0.499412
0.450564
0.501387
0.516631
0.486914
0.496406
0.4844
0.51501
0.490735
0.503792
0.487241
0.466776
0.511914
0.49799
0.50108
0.557582
0.496911
0.465413
0.515471
0.526582
0.453311
0.494157
0.538844
0.510113
0.518076
0.486312
0.45249
0.443098
0.500221
0.493907
0.479894
0.450014
0.499792
0.460385
0.503323
0.507326
0.515009
0.449454
0.439507
0.519243
0.52947
0.463226
0.486316
0.538687
0.511267
0.471476
0.552298
0.525335
0.545913
0.483939
0.530953
0.472617
0.504928
0.467487
0.451613
0.505554
0.451989
0.560076
0.438817
0.461283
0.478494
0.553338
0.49204
0.49418
0.530427
0.515692
0.487663
0.497425
0.498399
0.517841
0.53505
0.502906
0.502736
0.492542
0.448619
0.551324
0.515492
0.450518
0.517763
0.544377
0.501255
0.504383
0.496518
0.480899
0.518641
0.502471
0.504835
0.508836
0.514318
0.504416
0.503344
0.534917
0.541472
0.450389
0.533475
0.463912
0.494555
0.505845
0.474815
0.529343
0.492223
0.503664
0.511583
0.487522
0.47031
0.465564
0.450081
0.486803
0.516731
0.464646
0.479016
0.493901
0.490187
0.49097
0.504553
0.51918
0.494537
0.532012
0.481978
0.502758
0.520724
0.489898
0.475853
0.493328
0.528122
0.527271
0.53053
0.511555
0.517185
0.453684
0.462897
0.539921
0.515264
0.534381
0.529238
0.490915
0.477482
0.523348
0.458088
0.515413
0.454522
0.512503
0.51093
0.51315
0.469223
0.50891
0.472651
0.487137
0.463845
0.491875
0.46359
0.483917
0.529881
0.481824
0.495083
0.471519
0.492302
0.562808
0.490369
0.526997
0.47009
0.500539
0.502728
0.455423
0.534947
0.477812
0.49273
0.532205
0.510064
0.45919
0.496479
0.540618
0.560795
0.506844
0.506708
0.516412
0.469148
0.479401
0.538612
0.471371
0.493936
0.465685
0.4623
0.477709
0.458485
0.51523
0.543726
0.495164
0.537764
0.507434
0.525984
0.53268
0.486812
0.541227
0.492834
0.566537
0.472341
0.497137
0.516352
0.476814
0.529383
0.53362
0.470552
0.464057
0.474872
0.469533
0.50288
0.518028
0.510012
0.454627
0.505437
0.520408
0.493325
0.459928
0.507817
0.49333
0.456247
0.469892
0.533432
0.545614
0.483151
0.498196
0.511196
0.528592
0.547663
0.45905
0.504446
0.453375
0.507154
0.475901
0.488977
0.53146
0.487285
0.479407
0.512057
0.510539
0.448468
0.516548
0.454311
0.477385
0.516134
0.512758
0.486336
0.479696
0.506667
0.508954
0.511929
0.518773
0.540896
0.50532
0.469803
0.464892
0.476999
0.493751
0.475658
0.477269
0.484718
0.500795
0.4865
0.510472
0.482742
0.493006
0.489059
0.519163
0.491133
0.526554
0.544199
0.443052
0.500691
0.522975
0.569192
0.48392
0.5211
0.502951
0.499722
0.496608
0.459764
0.539971
0.503506
0.55583
0.523179
0.505761
0.487397
0.510694
0.492736
0.429366
0.489854
0.538798
0.466824
0.511737
0.500638
0.501787
0.491098
0.477718
0.479632
0.52424
0.488808
0.4973
0.52664
0.477753
0.433039
0.468015
0.464045
0.472118
0.532764
0.540349
0.534213
0.475439
0.514556
0.46805
0.513495
0.505095
0.48186
0.465198
0.514729
0.521393
0.483685
0.541923
0.450095
0.575814
0.444592
0.500638
0.496204
0.485705
0.527862
0.484664
0.49331
0.507305
0.483707
0.451123
0.550496
0.478976
0.504407
0.489978
0.508725
0.496513
0.468247
0.511081
0.533633
0.49241
0.474128
0.531124
0.509926
0.510956
0.458722
0.442351
0.539267
0.481033
0.498058
0.534913
0.533524
0.478501
0.515403
0.504745
0.545251
0.560032
0.507314
0.50883
0.517288
0.490274
0.479747
0.479735
0.513338
0.504228
0.476078
0.471285
0.451412
0.51669
0.498938
0.537262
0.482011
0.420666
0.497706
0.454986
0.442908
0.496602
0.453563
0.495675
0.502435
0.514332
0.453963
0.493438
0.533114
0.529591
0.488404
0.494791
0.547534
0.526998
0.487378
0.520567
0.548338
0.551361
0.48636
0.522085
0.484192
0.529188
0.476731
0.493471
0.493621
0.492279
0.495494
0.491994
0.48858
0.495272
0.515662
0.508291
0.52963
0.449023
0.489202
0.518362
0.504611
0.501683
0.504398
0.499211
0.502668
0.539365
0.529511
0.459997
0.515515
0.458259
0.494619
0.580585
0.527815
0.500078
0.503498
0.489358
0.528539
0.492713
0.507437
0.48218
0.495194
0.497962
0.532838
0.514366
0.46278
0.488223
0.504506
0.477555
0.559362
0.544004
0.506472
0.463342
0.53013
0.494153
0.462255
0.465559
0.501818
0.530655
0.546406
0.493069
0.50936
0.539893
0.529245
0.534955
0.526653
0.522236
0.48663
0.479976
0.483317
0.521829
0.556657
0.522167
0.549304
0.508469
0.525163
0.524452
0.499253
0.493432
0.471893
0.532156
0.508451
0.531132
0.529227
0.498279
0.46228
0.528481
0.495317
0.462418
0.491029
0.523838
0.49354
0.5152
0.47194
0.467403
0.510109
0.490111
0.510367
0.524945
0.47174
0.474598
0.521916
0.486738
0.505247
0.4923
0.527454
0.433577
0.520927
0.478312
0.502851
0.521739
0.511622
0.549332
0.525329
0.50879
0.499335
0.510574
0.518305
0.472082
0.481263
0.521336
0.526592
0.511844
0.487132
0.501068
0.483833
0.540714
0.469703
0.467848
0.484051
0.461613
0.550334
0.521117
0.509183
0.505818
0.501456
0.510558
0.484477
0.543114
0.537857
0.512995
0.583625
0.485908
0.468631
0.529183
0.505503
0.519162
0.531685
0.532365
0.524405
0.498044
0.552661
0.490472
0.415632
0.505148
0.470166
0.533839
0.498319
0.499177
0.419164
0.480321
0.507379
0.55695
0.504432
0.479664
0.466419
0.530617
0.475925
0.50903
0.513537
0.551957
0.507948
0.521533
0.491836
0.475624
0.464004
0.519672
0.506564
0.44323
0.469181
0.445526
0.520733
0.480127
0.471973
0.459596
0.5611
0.556777
0.537395
0.460165
0.546386
0.506566
0.533271
0.525047
0.469606
0.541961
0.501573
0.457606
0.536382
0.49086
0.566685
0.498917
0.491126
0.475031
0.462462
0.517947
0.512947
0.4825
0.509965
0.491621
0.503181
0.495775
0.527746
0.476666
0.466399
0.527768
0.496554
0.465091
0.556781
0.537304
0.500341
0.515183
0.501725
0.516078
0.525444
0.499905
0.484566
0.548951
0.549813
0.514546
0.478283
0.479443
0.514163
0.535533
0.492068
0.482308
0.466928
0.492242
0.572628
0.515069
0.444883
0.443713
0.452104
0.500377
0.521321
0.522132
0.504467
0.521076
0.54365
0.454949
0.522289
0.529853
0.522292
0.497519
0.485733
0.445335
0.492749
0.518134
0.555675
0.496525
0.532727
0.497325
0.472789
0.497437
0.466178
0.503301
0.484517
0.493812
0.546143
0.515411
0.501754
0.453791
0.518267
0.487495
0.487162
0.544415
0.466862
0.513008
0.466957
0.505834
0.515402
0.483776
0.498065
0.505096
0.463303
0.484282
0.482512
0.491382
0.53089
0.493336
0.550926
0.464586
0.484405
0.485018
0.507022
0.469088
0.46294
0.510756
0.524955
0.534615
0.489172
0.504432
0.491404
0.486046
0.51577
0.542374
0.504266
0.514065
0.549346
0.530111
0.519843
0.518499
0.553841
0.527786
0.460385
0.476253
0.535199
0.466069
0.483869
0.495688
0.579219
0.424473
0.487895
0.489335
0.444458
0.503937
0.469559
0.476815
0.532053
0.515545
0.513198
0.449836
0.514348
0.467272
0.537862
0.551142
0.484187
0.530616
0.436405
0.489304
0.486765
0.468999
0.498055
0.521202
0.565893
0.449809
0.546351
0.504096
0.49657
0.471965
0.494316
0.549147
0.535726
0.48087
0.498736
0.478274
0.493011
0.452631
0.495432
0.516211
0.463513
0.479425
0.477387
0.529644
0.51427
0.507881
0.517618
0.495308
0.516458
0.542353
0.528648
0.498908
0.445129
0.454962
0.500476
0.546747
0.578374
0.474281
0.518898
0.521941
0.507775
0.504538
0.536071
0.447074
0.452045
0.55721
0.515185
0.455201
0.48571
0.486885
0.461128
0.531041
0.464709
0.513267
0.478997
0.494259
0.510805
0.471198
0.472366
0.526699
0.466661
0.520574
0.533147
0.525449
0.543468
0.518028
0.504948
0.453614
0.482995
0.532252
0.541789
0.490657
0.48594
0.464844
0.494054
0.464212
0.468454
0.508541
0.493557
0.525216
0.498715
0.55472
0.469589
0.528247
0.545421
0.48205
0.507833
0.508946
0.510089
0.518146
0.474008
0.51039
0.485021
0.446132
0.464131
0.490302
0.488826
0.487962
0.533264
0.560953
0.451358
0.486385
0.484618
0.523659
0.479958
0.507427
0.510895
0.489724
0.498872
0.49527
0.499747
0.549715
0.523707
0.461395
0.455214
0.472942
0.482824
0.469866
0.517027
0.52902
0.477523
0.480635
0.469646
0.503385
0.482903
0.57274
0.482911
0.458637
0.451266
0.479266
0.486175
0.513591
0.519958
0.495951
0.507808
0.521913
0.495493
0.465313
0.501924
0.512198
0.54586
0.488166
0.454229
0.471394
0.502882
0.464402
0.438853
0.503414
0.496484
0.514918
0.548044
0.464848
0.50278
0.566564
0.536592
0.499608
0.477815
0.521974
0.432876
0.474424
0.52887
0.526175
0.478386
0.487029
0.465183
0.491834
0.527615
0.478932
0.519971
0.47502
0.50018
0.504648
0.525624
0.463361
0.47706
0.469248
0.483955
0.418472
0.522816
0.526126
0.53336
0.544522
0.485677
0.526841
0.544795
0.494814
0.51736
0.494908
0.498408
0.508268
0.524496
0.515434
0.542736
0.527664
0.483556
0.502439
0.518314
0.55153
0.461122
0.51578
0.50759
0.471546
0.491406
0.499508
0.493011
0.517345
0.432874
0.52357
0.495158
0.500573
0.525863
0.520713
0.462804
0.500102
0.523052
0.470461
0.506774
0.480255
0.51467
0.502059
0.519476
0.47392
0.520324
0.508233
0.451979
0.502442
0.509301
0.451671
0.550522
0.514145
0.511243
0.446067
0.494314
0.493381
0.509048
0.493638
0.50651
0.521971
0.475888
0.510954
0.480241
0.504906
0.508214
0.564984
0.49156
0.492196
0.576621
0.481221
0.521191
0.488743
0.516448
0.525756
0.486955
0.47409
0.499988
0.52319
0.488734
0.493955
0.512191
0.492244
0.467875
0.515396
0.511723
0.460955
0.532874
0.487499
0.499259
0.503323
0.503254
0.509455
0.474896
0.50929
0.533471
0.53791
0.50654
0.549924
0.508764
0.455453
0.53117
0.489679
0.504786
0.54212
0.490823
0.487621
0.482923
0.481797
0.495199
0.479469
0.463152
0.465386
0.502751
0.502354
0.496328
0.532614
0.502136
0.504151
0.527771
0.484358
0.435898
0.489269
0.474017
0.497371
0.538274
0.482769
0.494633
0.533263
0.49897
0.464688
0.500945
0.463632
0.474813
0.496444
0.503566
0.453215
0.461132
0.501197
0.520601
0.532923
0.484749
0.480035
0.5284
0.434654
0.540462
0.49587
0.526734
0.479738
0.582886
0.476915
0.520269
0.522907
0.495527
0.491609
0.518217
0.503658
0.518978
0.516879
0.51403
0.476875
0.480086
0.491608
0.487027
0.494604
0.493994
0.497174
0.497808
0.480841
0.470914
0.506954
0.489354
0.51121
0.489507
0.496652
0.535666
0.529413
0.448759
0.487336
0.489835
0.46232
0.510207
0.513053
0.523405
0.535578
0.482415
0.484896
0.518914
0.561612
0.489544
0.483409
0.497482
0.501895
0.495926
0.471189
0.483322
0.525353
0.478488
0.497574
0.547054
0.504802
0.498915
0.527282
0.489687
0.513263
0.497425
0.474881
0.519153
0.502055
0.500032
0.496968
0.531268
0.462523
0.481165
0.52392
0.466981
0.50329
0.483533
0.50311
0.487812
0.524895
0.547087
0.555444
0.471326
0.493707
0.538984
0.52711
0.528539
0.506971
0.4664
0.5684
0.515116
0.490882
0.494086
0.531498
0.51825
0.483546
0.488533
0.529085
0.531083
0.464708
0.480627
0.505656
0.446559
0.514123
0.508654
0.553422
0.512564
0.490449
0.47356
0.544654
0.470254
0.532527
0.518304
0.502371
0.507417
0.474932
0.483207
0.491222
0.468776
0.489664
0.489163
0.510456
0.495071
0.485858
0.480581
0.470842
0.512834
0.489388
0.509943
0.507421
0.486695
0.504235
0.485844
0.519965
0.476131
0.507504
0.486399
0.483011
0.558494
0.539946
0.43988
0.487354
0.530228
0.48389
0.50447
0.524873
0.538129
0.520428
0.538999
0.508553
0.432526
0.487748
0.556544
0.509594
0.534267
0.542487
0.512763
0.503477
0.547372
0.455974
0.530845
0.47685
0.479245
0.527238
0.42494
0.487133
0.480296
0.494663
0.443954
0.516689
0.484874
0.50816
0.477581
0.503461
0.495366
0.503728
0.496442
0.539934
0.531352
0.512287
0.508218
0.532302
0.515674
0.484651
0.531636
0.551716
0.469315
0.544518
0.450196
0.53949
0.506943
0.481356
0.517511
0.528129
0.455008
0.505053
0.496126
0.510072
0.494261
0.514211
0.471705
0.466008
0.538577
0.499956
0.514455
0.484649
0.47194
0.467147
0.499655
0.495835
0.535493
0.534841
0.499177
0.518843
0.486497
0.477912
0.495864
0.507773
0.541098
0.491682
0.482652
0.495893
0.482765
0.561444
0.518292
0.500814
0.478275
0.478753
0.561566
0.532368
0.433125
0.506365
0.535866
0.505067
0.468242
0.513684
0.476002
0.507016
0.509866
0.484612
0.499126
0.507158
0.524478
0.479655
0.531644
0.512725
0.480665
0.514183
0.443985
0.478763
0.459764
0.504699
0.525107
0.48162
0.537199
0.485009
0.528618
0.52826
0.486355
0.504147
0.452383
0.503281
0.546878
0.467957
0.503483
0.465515
0.559278
0.496182
0.520425
0.446084
0.527701
0.506951
0.474452
0.469782
0.482751
0.490531
0.511844
0.491668
0.55624
0.464223
0.479082
0.520734
0.509729
0.480274
0.45274
0.492531
0.518751
0.478685
0.536002
0.532622
0.554576
0.486781
0.513651
0.492744
0.485405
0.52743
0.54743
0.56155
0.498859
0.467773
0.453632
0.571799
0.527646
0.490354
0.504808
0.495885
0.510272
0.488509
0.477455
0.461568
0.498677
0.487907
0.477571
0.499784
0.534677
0.526099
0.46594
0.486408
0.457067
0.471967
0.505035
0.539851
0.481282
0.506937
0.489403
0.536365
0.533481
0.479837
0.501413
0.494917
0.500928
0.517267
0.514237
0.49353
0.470545
0.48137
0.533951
0.528944
0.457519
0.506864
0.45261
0.511495
0.475825
0.479219
0.484197
0.487058
0.49256
0.415852
0.465296
0.467957
0.517936
0.532211
0.462388
0.5147
0.512834
0.504634
0.477625
0.480425
0.515776
0.531843
0.504966
0.589912
0.511195
0.48696
0.508559
0.48507
0.540884
0.531912
0.535217
0.488737
0.490488
0.466107
0.482899
0.488692
0.492923
0.511255
0.527035
0.513751
0.500596
0.474197
0.546605
0.533809
0.538292
0.539634
0.521813
0.42572
0.508614
0.484626
0.495257
0.506878
0.501851
0.516726
0.508457
0.518379
0.492138
0.507635
0.465622
0.489638
0.50179
0.564251
0.486524
0.516336
0.465692
0.508987
0.470364
0.523575
0.477605
0.501222
0.492492
0.536105
0.500273
0.521784
0.525869
0.527518
0.521207
0.432315
0.509142
0.490259
0.506017
0.481405
0.503196
0.478354
0.481161
0.489372
0.478079
0.48471
0.528002
0.48356
0.492154
0.544873
0.530036
0.506024
0.555368
0.489117
0.545163
0.495486
0.528505
0.474735
0.514895
0.465438
0.490301
0.510414
0.482343
0.530252
0.484294
0.474561
0.490901
0.491193
0.507286
0.529465
0.485459
0.494196
0.501294
0.453155
0.518051
0.461281
0.560858
0.480847
0.4498
0.457491
0.507589
0.507841
0.521033
0.535225
0.473825
0.515751
0.50145
0.527827
0.497277
0.493937
0.472211
0.484333
0.48853
0.468017
0.50183
0.517223
0.533291
0.457342
0.457732
0.455071
0.501236
0.503286
0.475372
0.481965
0.433356
0.490258
0.496762
0.505563
0.42965
0.47128
0.500313
0.48567
0.509067
0.490031
0.503839
0.515211
0.503553
0.501211
0.482617
0.515465
0.518087
0.511119
0.484365
0.467448
0.518573
0.520306
0.493022
0.471306
0.509476
0.470185
0.463204
0.495611
0.553066
0.475467
0.477205
0.478412
0.492146
0.514313
0.506425
0.43194
0.478141
0.48805
0.509088
0.502823
0.506432
0.482355
0.566153
0.5197
0.530789
0.471766
0.49725
0.460094
0.5088
0.489394
0.518558
0.488435
0.490156
0.493718
0.494475
0.527099
0.489673
0.484339
0.53496
0.582336
0.476927
0.528554
0.460428
0.476972
0.494378
0.480644
0.506064
0.511744
0.485846
0.555742
0.477442
0.497166
0.497232
0.510149
0.449315
0.497773
0.511349
0.469985
0.539449
0.440643
0.478736
0.490047
0.489388
0.470059
0.526335
0.454742
0.544016
0.490183
0.475906
0.522979
0.49179
0.537633
0.534051
0.528888
0.467524
0.485818
0.545726
0.51025
0.449596
0.502921
0.513111
0.476496
0.503458
0.535399
0.531722
0.498174
0.50331
0.45887
0.485631
0.499736
0.483833
0.498279
0.473668
0.467538
0.473842
0.509194
0.458496
0.494912
0.533735
0.552126
0.540409
0.4762
0.528622
0.531747
0.49775
0.531614
0.468996
0.492859
0.505816
0.504802
0.530832
0.515026
0.486112
0.494996
0.436986
0.507708
0.507862
0.525613
0.531763
0.507794
0.473611
0.491187
0.550539
0.521403
0.500826
0.514502
0.4363
0.511826
0.491354
0.515816
0.504992
0.535485
0.510617
0.466025
0.51153
0.507786
0.488417
0.545671
0.488364
0.500741
0.483229
0.471645
0.498473
0.514226
0.541855
0.463477
0.524645
0.502767
0.476315
0.401075
0.526945
0.479708
0.509847
0.495801
0.49022
0.500654
0.473895
0.466746
0.543538
0.488054
0.517957
0.554086
0.433415
0.5288
0.524174
0.521398
0.422729
0.536721
0.528523
0.4488
0.537167
0.521845
0.530503
0.538799
0.501114
0.4683
0.483177
0.486722
0.574821
0.532735
0.495452
0.487591
0.494766
0.505137
0.478477
0.501344
0.489049
0.513907
0.468013
0.42825
0.519719
0.497086
0.494679
0.516405
0.503898
0.471599
0.513925
0.523186
0.505576
0.462382
0.487621
0.532539
0.53996
0.553289
0.51913
0.479958
0.542242
0.501636
0.513742
0.487063
0.542668
0.578258
0.516347
0.477617
0.539781
0.494967
0.478217
0.52688
0.513715
0.511272
0.444776
0.526171
0.491404
0.522243
0.486227
0.494505
0.545604
0.469395
0.472924
0.509184
0.509573
0.54646
0.477344
0.467226
0.519316
0.491928
0.484557
0.559489
0.495237
0.470237
0.493048
0.509382
0.455105
0.473469
0.487779
0.508031
0.490187
0.525447
0.527366
0.517769
0.496424
0.480098
0.437233
0.495837
0.482543
0.545957
0.540638
0.510166
0.476962
0.48869
0.529426
0.519107
0.495363
0.503508
0.476403
0.526998
0.480825
0.509352
0.481186
0.517432
0.488371
0.526715
0.50142
0.556109
0.515824
0.460985
0.481234
0.475138
0.492822
0.483184
0.4888
0.550672
0.5199
0.489967
0.474889
0.475752
0.52948
0.52477
0.524277
0.490218
0.48067
0.511969
0.511896
0.449595
0.48973
0.545943
0.535593
0.484789
0.468095
0.496888
0.477375
0.564503
0.43981
0.515292
0.485016
0.512222
0.500278
0.476912
0.5259
0.509664
0.488169
0.53015
0.514978
0.498551
0.482386
0.507701
0.508704
0.462591
0.455952
0.484336
0.526841
0.521539
0.528693
0.482706
0.413999
0.469212
0.490604
0.499038
0.512784
0.497334
0.497753
0.4906
0.520435
0.467089
0.502612
0.486805
0.480821
0.470248
0.480694
0.53584
0.503674
0.481759
0.515353
0.478675
0.502937
0.485662
0.482642
0.522356
0.506092
0.436205
0.518086
0.514423
0.526357
0.486055
0.467264
0.50036
0.489609
0.503446
0.492055
0.445933
0.497931
0.500166
0.444441
0.496286
0.461635
0.492254
0.449725
0.5337
0.451652
0.535264
0.511061
0.485847
0.504155
0.466
0.47714
0.496454
0.489295
0.512563
0.484943
0.500224
0.475925
0.49462
0.459405
0.513906
0.53418
0.455743
0.451883
0.485377
0.497802
0.519708
0.499297
0.542624
0.518065
0.522616
0.47582
0.454484
0.461197
0.502733
0.458994
0.505034
0.511156
0.489896
0.452139
0.443497
0.519647
0.476383
0.554941
0.541539
0.45525
0.46111
0.494086
0.509834
0.533526
0.469032
0.495823
0.475773
0.529999
0.477628
0.522318
0.504189
0.447862
0.492334
0.473684
0.532973
0.5023
0.482815
0.51757
0.535464
0.503298
0.491937
0.498154
0.541476
0.518809
0.489316
0.526455
0.49884
0.490162
0.511332
0.503806
0.507347
0.481579
0.509459
0.530382
0.506953
0.505676
0.508814
0.490647
0.512125
0.486829
0.508781
0.507603
0.524213
0.474276
0.527582
0.447717
0.4937
0.506829
0.462692
0.488385
0.484237
0.521071
0.49895
0.479831
0.520307
0.504918
0.496249
0.473302
0.500412
0.518414
0.518692
0.497432
0.497654
0.543641
0.547062
0.504661
0.479581
0.47561
0.496513
0.519574
0.499173
0.516017
0.541326
0.541043
0.508854
0.541737
0.518637
0.510036
0.509388
0.549924
0.472976
0.51498
0.485546
0.441604
0.523529
0.466548
0.490418
0.47562
0.505965
0.503743
0.520236
0.504824
0.500733
0.553155
0.5016
0.526374
0.509673
0.46327
0.522957
0.508018
0.492846
0.475699
0.462239
0.50224
0.507434
0.545208
0.522504
0.460143
0.510604
0.490424
0.487481
0.52694
0.518193
0.547085
0.538873
0.51094
0.531106
0.485717
0.497312
0.447882
0.511286
0.465607
0.458822
0.502517
0.44915
0.496956
0.468682
0.499296
0.474344
0.483075
0.494555
0.514046
0.491709
0.484504
0.500756
0.508505
0.504325
0.516936
0.46554
0.499596
0.495515
0.544809
0.493284
0.505309
0.53167
0.53245
0.513436
0.429076
0.477786
0.514643
0.468104
0.4345
0.49758
0.48849
0.470164
0.522323
0.50006
0.448457
0.573763
0.471506
0.484424
0.546457
0.509087
0.556295
0.475167
0.488867
0.57327
0.49115
0.499268
0.522332
0.479324
0.465404
0.517324
0.470258
0.514964
0.519544
0.510531
0.501841
0.523188
0.464966
0.525349
0.485525
0.486519
0.539103
0.477765
0.518758
0.486744
0.517778
0.519003
0.515923
0.522064
0.496681
0.484562
0.516318
0.473498
0.453819
0.508463
0.544057
0.502436
0.52484
0.474579
0.51177
0.531208
0.513082
0.49691
0.489984
0.538548
0.476239
0.460699
0.534042
0.49182
0.541518
0.486247
0.470454
0.527894
0.511146
0.47731
0.544542
0.504531
0.550123
0.465947
0.541262
0.49417
0.48808
0.535706
0.511075
0.441973
0.52713
0.495012
0.502736
0.490023
0.477574
0.532626
0.484891
0.519527
0.493346
0.527074
0.47834
0.482926
0.469068
0.481897
0.470854
0.497759
0.520595
0.498609
0.476413
0.484178
0.500918
0.459228
0.470742
0.487979
0.513303
0.520278
0.485025
0.501024
0.483542
0.500104
0.479663
0.510931
0.503193
0.491401
0.559959
0.481909
0.485679
0.470823
0.505603
0.478604
0.50712
0.507542
0.565823
0.514849
0.493783
0.482647
0.512097
0.569166
0.478015
0.441233
0.540278
0.50893
0.504535
0.489086
0.474025
0.495028
0.488968
0.495812
0.511403
0.508933
0.570485
0.536301
0.516535
0.514029
0.490429
0.482395
0.498174
0.483085
0.508812
0.516635
0.507082
0.493748
0.480532
0.469966
0.504071
0.443927
0.463219
0.475267
0.470606
0.458943
0.458551
0.518595
0.493818
0.472321
0.538946
0.509996
0.507827
0.462106
0.481476
0.515784
0.503233
0.494565
0.490907
0.494141
0.536661
0.517158
0.463714
0.555928
0.51222
0.562652
0.41496
0.462574
0.516771
0.496254
0.489916
0.482917
0.490868
0.497635
0.492289
0.480878
0.487237
0.469723
0.510933
0.515843
0.528693
0.526133
0.506927
0.497621
0.487349
0.469126
0.522887
0.517854
0.506993
0.519949
0.506389
0.499767
0.49053
0.513448
0.509378
0.478113
0.494329
0.518824
0.475441
0.511203
0.481383
0.478404
0.43681
0.486893
0.485136
0.486308
0.492987
0.534396
0.555861
0.488879
0.512842
0.4538
0.511458
0.46876
0.522085
0.485172
0.504561
0.514488
0.467966
0.469108
0.527803
0.497474
0.493087
0.520622
0.489147
0.478263
0.530208
0.508231
0.489127
0.523923
0.519902
0.500132
0.541896
0.508465
0.472958
0.559317
0.521944
0.518139
0.459387
0.509538
0.518367
0.513519
0.425918
0.523961
0.538559
0.530207
0.51386
0.528409
0.503201
0.500077
0.529185
0.521053
0.514426
0.524892
0.456742
0.550446
0.499035
0.514205
0.540445
0.483743
0.478631
0.509388
0.541322
0.507019
0.528555
0.515691
0.485308
0.549533
0.5075
0.524188
0.502642
0.50382
0.519663
0.445487
0.510755
0.473497
0.501335
0.467091
0.512517
0.49064
0.493774
0.496267
0.47172
0.454622
0.524268
0.500317
0.467672
0.434279
0.477235
0.466111
0.460784
0.515279
0.507251
0.500763
0.531007
0.474574
0.535876
0.475324
0.461013
0.483809
0.464156
0.483372
0.495987
0.573555
0.502673
0.506366
0.531901
0.54025
0.531016
0.537638
0.454156
0.517723
0.458553
0.526915
0.498452
0.535171
0.528378
0.577222
0.495777
0.54346
0.516306
0.536056
0.453378
0.481645
0.48679
0.502707
0.513597
0.515554
0.497639
0.47359
0.512434
0.45034
0.435408
0.457472
0.499736
0.438857
0.53334
0.492471
0.45286
0.477739
0.503727
0.516688
0.535703
0.503066
0.496578
0.524367
0.474967
0.487478
0.486446
0.479442
0.505534
0.500626
0.479323
0.45835
0.516833
0.47482
0.511444
0.493991
0.472057
0.487763
0.521893
0.492702
0.522133
0.484241
0.460891
0.516128
0.446283
0.478637
0.505622
0.569856
0.551091
0.540154
0.465486
0.55069
0.529918
0.432622
0.478657
0.464455
0.464557
0.490749
0.541806
0.496175
0.441005
0.504713
0.54488
0.574539
0.481209
0.554958
0.472799
0.492494
0.512688
0.449058
0.495956
0.49586
0.507879
0.492553
0.541387
0.511844
0.545102
0.515606
0.476497
0.509311
0.493007
0.527362
0.5272
0.542708
0.490387
0.489896
0.482365
0.491495
0.523219
0.523609
0.466434
0.506979
0.480827
0.515957
0.512088
0.478408
0.493024
0.505385
0.544838
0.480209
0.510116
0.49234
0.451411
0.502249
0.547647
0.47924
0.503817
0.534982
0.467748
0.521273
0.52096
0.531363
0.438979
0.4599
0.499671
0.477413
0.496529
0.460941
0.497045
0.523292
0.434653
0.509111
0.555948
0.516773
0.53322
0.500891
0.505576
0.490974
0.520248
0.537603
0.518932
0.51824
0.5023
0.480564
0.44911
0.502043
0.504615
0.480191
0.446247
0.498768
0.472854
0.470947
0.477024
0.501273
0.498329
0.503983
0.548595
0.476089
0.488592
0.559359
0.468809
0.476137
0.575267
0.519729
0.494611
0.500838
0.490984
0.497348
0.550489
0.515494
0.497309
0.466287
0.538847
0.471801
0.575528
0.541729
0.514173
0.541398
0.472168
0.508217
0.502884
0.464288
0.461136
0.458735
0.510719
0.484041
0.524337
0.506495
0.509557
0.491633
0.492655
0.4913
0.525533
0.499805
0.469172
0.482362
0.490325
0.519817
0.466498
0.519459
0.467492
0.512459
0.500089
0.464285
0.525742
0.52522
0.509418
0.533886
0.500986
0.487461
0.468894
0.478054
0.449077
0.465491
0.480388
0.452543
0.511091
0.519401
0.529237
0.489999
0.483038
0.54355
0.455625
0.460463
0.511865
0.492561
0.493184
0.543333
0.539636
0.444712
0.526722
0.512655
0.577766
0.554598
0.500923
0.527619
0.573168
0.526932
0.541918
0.500134
0.488205
0.493362
0.483589
0.551361
0.48632
0.504185
0.520484
0.459075
0.505207
0.496826
0.469219
0.477728
0.509409
0.482961
0.530241
0.503098
0.484216
0.526153
0.471827
0.523389
0.472735
0.471889
0.518195
0.468665
0.50801
0.501876
0.513604
0.540485
0.472066
0.474488
0.504308
0.52362
0.50375
0.463219
0.490252
0.521723
0.487248
0.515041
0.49838
0.488836
0.483149
0.490523
0.469427
0.50859
0.483935
0.407593
0.460072
0.533
0.515769
0.550816
0.532326
0.482699
0.448452
0.468073
0.482038
0.530517
0.475441
0.506494
0.51838
0.500254
0.425775
0.559547
0.526195
0.54254
0.489813
0.487135
0.523086
0.509646
0.510639
0.480591
0.49311
0.501127
0.493018
0.464437
0.498961
0.512168
0.481774
0.476788
0.514516
0.536516
0.511471
0.560274
0.479614
0.505858
0.509262
0.515352
0.458949
0.487538
0.472792
0.477889
0.506951
0.54247
0.495021
0.452881
0.460518
0.535141
0.457849
0.486202
0.471502
0.507562
0.516413
0.476228
0.470789
0.549049
0.52593
0.497247
0.505875
0.543717
0.512975
0.516497
0.503801
0.49754
0.533039
0.486733
0.521327
0.466885
0.526282
0.516175
0.44421
0.490353
0.513316
0.527734
0.497475
0.46585
0.472927
0.519373
0.488546
0.484716
0.533585
0.567494
0.585114
0.474825
0.500633
0.515206
0.519611
0.434504
0.511023
0.45737
0.512178
0.499166
0.45748
0.514286
0.463987
0.492517
0.483956
0.54589
0.492809
0.484219
0.484269
0.498352
0.552679
0.465887
0.515781
0.55494
0.489564
0.487286
0.460006
0.463017
0.524878
0.524608
0.502012
0.559075
0.488742
0.482714
0.500504
0.523641
0.484853
0.503189
0.460448
0.51796
0.488835
0.52012
0.480124
0.534327
0.461962
0.515438
0.484474
0.531924
0.492105
0.525729
0.546628
0.530055
0.513797
0.472364
0.509475
0.510652
0.509286
0.486842
0.479164
0.501919
0.512442
0.533209
0.552391
0.544995
0.477411
0.499431
0.499376
0.47551
0.493868
0.479603
0.534377
0.551906
0.490767
0.578855
0.505635
0.532409
0.490446
0.522845
0.526611
0.492503
0.554969
0.453702
0.480401
0.534816
0.526584
0.474305
0.459202
0.493254
0.524162
0.482759
0.570699
0.483295
0.507498
0.53896
0.483248
0.470288
0.50135
0.545104
0.531738
0.527651
0.481093
0.502042
0.485998
0.496835
0.501848
0.513323
0.453634
0.490927
0.502986
0.538827
0.499153
0.473782
0.489858
0.459853
0.491275
0.476529
0.514641
0.477532
0.550284
0.473364
0.508171
0.50645
0.537304
0.508474
0.424633
0.505349
0.42738
0.505977
0.510995
0.516782
0.498224
0.484765
0.493042
0.527602
0.476517
0.480107
0.489908
0.572148
0.503632
0.543892
0.498963
0.500024
0.462655
0.535398
0.522934
0.480318
0.478582
0.48445
0.521147
0.554163
0.543561
0.488839
0.516744
0.5175
0.529063
0.507895
0.511768
0.505915
0.476848
0.494069
0.531985
0.51344
0.500609
0.454413
0.513311
0.537176
0.520156
0.523821
0.501732
0.48963
0.510035
0.541922
0.488584
0.490623
0.494439
0.47548
0.483065
0.490658
0.480292
0.448195
0.473863
0.487619
0.480389
0.489768
0.471769
0.468672
0.498451
0.516108
0.495152
0.439246
0.477984
0.532559
0.490166
0.440975
0.496813
0.472016
0.497575
0.490458
0.509157
0.539813
0.47806
0.52074
0.497141
0.50725
0.49789
0.51736
0.513592
0.475639
0.436823
0.500858
0.53802
0.532743
0.480129
0.477616
0.457643
0.503481
0.46659
0.470899
0.485338
0.486777
0.514363
0.483977
0.496385
0.510428
0.506587
0.527208
0.465896
0.495859
0.50859
0.48094
0.518779
0.524653
0.468588
0.496126
0.464141
0.448719
0.52375
0.494522
0.495972
0.495975
0.483487
0.540327
0.502024
0.473433
0.471867
0.485171
0.462717
0.529541
0.471003
0.558289
0.541986
0.487675
0.507311
0.473794
0.491917
0.512642
0.442504
0.496887
0.543061
0.462087
0.44119
0.490912
0.492298
0.504649
0.526965
0.527108
0.490116
0.526782
0.468862
0.528941
0.459204
0.500072
0.510039
0.482897
0.536204
0.470966
0.500576
0.537598
0.518519
0.474749
0.506261
0.503126
0.518049
0.495685
0.495236
0.532428
0.483712
0.475156
0.514378
0.466679
0.494656
0.479705
0.497293
0.466464
0.486006
0.520845
0.495797
0.520679
0.519044
0.538505
0.476757
0.525002
0.577679
0.540003
0.516166
0.541825
0.503101
0.526403
0.552337
0.473512
0.498478
0.508143
0.490073
0.490864
0.505574
0.501806
0.447707
0.538664
0.495172
0.509909
0.458873
0.450178
0.493169
0.505583
0.510894
0.542484
0.534217
0.51402
0.511645
0.544507
0.514791
0.492565
0.536794
0.499636
0.477556
0.491325
0.539263
0.494791
0.498902
0.446169
0.512811
0.487826
0.501538
0.495994
0.491601
0.505134
0.524
0.496143
0.467622
0.521332
0.528964
0.479827
0.467861
0.512901
0.44223
0.539449
0.533067
0.497659
0.504257
0.489691
0.500023
0.471935
0.50612
0.46425
0.509162
0.487323
0.511762
0.488083
0.489426
0.508898
0.468434
0.557047
0.482239
0.50675
0.507162
0.516814
0.476463
0.522739
0.455159
0.452917
0.446213
0.504312
0.502024
0.563823
0.483416
0.517289
0.501615
0.508892
0.51697
0.489476
0.481475
0.503111
0.500403
0.476978
0.501682
0.51046
0.529881
0.475094
0.444993
0.447806
0.464459
0.535674
0.480166
0.481185
0.480442
0.442797
0.46033
0.476347
0.471732
0.518657
0.498277
0.545456
0.468039
0.501533
0.520556
0.551794
0.472819
0.447707
0.502239
0.454366
0.432839
0.53922
0.534233
0.474269
0.46121
0.519324
0.515024
0.464705
0.425801
0.457526
0.49871
0.486513
0.52487
0.496071
0.491212
0.511088
0.51182
0.479774
0.52654
0.452576
0.490938
0.511039
0.534969
0.491203
0.475989
0.481973
0.565031
0.489627
0.463557
0.475443
0.561161
0.504183
0.512988
0.526973
0.498914
0.52289
0.474825
0.479339
0.449585
0.502108
0.499602
0.491746
0.476142
0.533706
0.538872
0.475465
0.442327
0.534627
0.530355
0.51779
0.496807
0.46072
0.479062
0.51621
0.464247
0.51671
0.476283
0.474658
0.515186
0.524193
0.498319
0.51371
0.526584
0.529517
0.506815
0.516619
0.504917
0.493436
0.502584
0.513057
0.543696
0.494401
0.524793
0.492431
0.467288
0.507374
0.497384
0.498654
0.52291
0.540031
0.514609
0.488251
0.482664
0.478233
0.497543
0.51367
0.487512
0.532642
0.503472
0.433664
0.475029
0.508349
0.530002
0.482643
0.522852
0.529404
0.505795
0.490839
0.489658
0.510105
0.449777
0.477192
0.505579
0.46493
0.490714
0.516805
0.503912
0.498995
0.489029
0.494861
0.536
0.530892
0.482721
0.438864
0.501163
0.519807
0.499275
0.54109
0.503559
0.508773
0.505434
0.483116
0.467833
0.525939
0.556707
0.504302
0.435451
0.505742
0.458486
0.476112
0.493571
0.531831
0.47065
0.574126
0.498352
0.483651
0.537536
0.489642
0.474547
0.498529
0.525136
0.462735
0.45328
0.531162
0.547414
0.548634
0.47987
0.55237
0.523606
0.439318
0.473575
0.478991
0.478381
0.502185
0.541139
0.486795
0.45674
0.537673
0.46601
0.448288
0.505522
0.497719
0.48511
0.507286
0.493405
0.476918
0.495023
0.532131
0.521259
0.518265
0.499492
0.499425
0.494738
0.525344
0.570077
0.500154
0.510989
0.572863
0.501872
0.500084
0.51134
0.517374
0.476142
0.516294
0.501853
0.530094
0.511756
0.481732
0.463611
0.513661
0.487302
0.479662
0.484622
0.494736
0.505742
0.489876
0.495198
0.524302
0.483494
0.468549
0.498712
0.507544
0.495816
0.493619
0.499573
0.465185
0.490359
0.517546
0.500327
0.468153
0.500772
0.47935
0.519735
0.527453
0.49223
0.50779
0.483719
0.491114
0.54076
0.527553
0.461038
0.500099
0.538241
0.530345
0.49558
0.515041
0.484955
0.452744
0.47714
0.495683
0.521558
0.462696
0.452557
0.4349
0.542352
0.496531
0.539086
0.469175
0.511736
0.508372
0.47189
0.497407
0.495691
0.493806
0.557506
0.519922
0.490207
0.479702
0.45518
0.479563
0.498496
0.522049
0.50794
0.506742
0.508885
0.51368
0.485274
0.470309
0.515254
0.52377
0.499297
0.526141
0.451902
0.500971
0.476283
0.525301
0.534706
0.49207
0.495426
0.503656
0.480462
0.468032
0.49672
0.574823
0.506266
0.499323
0.45982
0.498323
0.480829
0.502361
0.465766
0.484811
0.499575
0.538994
0.503445
0.530268
0.515433
0.47087
0.51266
0.471013
0.507161
0.480571
0.52569
0.55143
0.527105
0.521389
0.49921
0.466266
0.510245
0.467628
0.458445
0.509395
0.446432
0.477285
0.505438
0.4809
0.547655
0.499011
0.523302
0.504372
0.452246
0.47521
0.528339
0.516275
0.487876
0.543151
0.491884
0.509282
0.575227
0.535981
0.513776
0.491429
0.484216
0.465498
0.519297
0.512977
0.444638
0.478574
0.531491
0.462861
0.48311
0.499086
0.510704
0.476581
0.468186
0.45725
0.503246
0.527437
0.505531
0.508215
0.521031
0.492959
0.495003
0.521804
0.524088
0.498421
0.441545
0.465268
0.467794
0.47931
0.541752
0.530938
0.506737
0.524626
0.497976
0.540641
0.467048
0.542885
0.531867
0.46876
0.479104
0.502701
0.579204
0.515811
0.512466
0.529828
0.527905
0.454411
0.464925
0.602529
0.481085
0.499518
0.527541
0.497147
0.557033
0.424809
0.557533
0.545762
0.507998
0.487079
0.510916
0.507802
0.479636
0.530529
0.456741
0.527477
0.493016
0.512824
0.50483
0.438928
0.441047
0.494795
0.49886
0.520951
0.521201
0.485655
0.5067
0.483174
0.436412
0.49561
0.519839
0.525571
0.496025
0.517737
0.483821
0.513173
0.518667
0.501004
0.481527
0.467864
0.538916
0.496307
0.521196
0.509133
0.519648
0.517403
0.531065
0.49565
0.481929
0.508608
0.542484
0.449556
0.474329
0.461136
0.513402
0.525323
0.493542
0.479958
0.55408
0.47508
0.518174
0.473053
0.556928
0.472258
0.517578
0.454927
0.522316
0.525448
0.467623
0.506275
0.472249
0.464338
0.525248
0.491657
0.503787
0.399601
0.523702
0.537071
0.474066
0.508614
0.520324
0.539292
0.538809
0.468891
0.518754
0.518853
0.476198
0.49108
0.497436
0.448545
0.467986
0.533431
0.536299
0.509304
0.529716
0.489582
0.473488
0.475379
0.501923
0.501558
0.484016
0.480624
0.54421
0.549847
0.502212
0.567824
0.474046
0.522428
0.459852
0.492904
0.502181
0.534637
0.53183
0.505909
0.526554
0.491731
0.501257
0.520627
0.49655
0.506033
0.515857
0.504727
0.489503
0.460536
0.487539
0.592292
0.461303
0.440836
0.537017
0.470619
0.492999
0.517261
0.545351
0.533161
0.455252
0.539099
0.454292
0.490487
0.452533
0.49276
0.507296
0.471135
0.528927
0.495784
0.493092
0.53423
0.467428
0.498545
0.483665
0.51575
0.53459
0.44554
0.498549
0.510304
0.432418
0.508129
0.447288
0.530306
0.499373
0.520609
0.501943
0.504412
0.482352
0.51149
0.501527
0.457111
0.481545
0.491854
0.47024
0.531314
0.460016
0.542667
0.491375
0.515858
0.499902
0.492921
0.498771
0.509761
0.477092
0.48048
0.497697
0.525125
0.496277
0.527511
0.507024
0.520559
0.508228
0.472365
0.544583
0.516994
0.531187
0.49979
0.507562
0.557758
0.478247
0.45135
0.479834
0.534805
0.532591
0.52792
0.458076
0.602956
0.512468
0.516143
0.518571
0.56403
0.487782
0.450711
0.44655
0.492745
0.520163
0.494352
0.459966
0.536266
0.468404
0.517402
0.489559
0.529264
0.491132
0.508825
0.527102
0.506368
0.478589
0.510569
0.50369
0.543891
0.475403
0.507123
0.499957
0.532691
0.53622
0.512154
0.500088
0.524053
0.506065
0.524105
0.49151
0.550466
0.527326
0.522616
0.502126
0.573162
0.495214
0.507654
0.436977
0.498301
0.533592
0.49322
0.496202
0.493675
0.463033
0.497514
0.486168
0.477802
0.502999
0.511432
0.505658
0.523286
0.479996
0.497261
0.548971
0.546324
0.503594
0.48946
0.49783
0.53423
0.502189
0.559394
0.50396
0.482846
0.52037
0.515899
0.504214
0.535727
0.499771
0.473552
0.490128
0.456965
0.495291
0.510519
0.473765
0.529536
0.528543
0.50786
0.501745
0.521028
0.510422
0.512166
0.449316
0.50865
0.574654
0.513394
0.546346
0.495373
0.464204
0.539793
0.487125
0.529098
0.462429
0.551775
0.495831
0.486708
0.470833
0.486619
0.519548
0.494892
0.495317
0.515886
0.480707
0.469609
0.502783
0.507403
0.47083
0.536077
0.479975
0.503714
0.51744
0.491143
0.50644
0.518853
0.456029
0.429928
0.513463
0.455323
0.498942
0.498617
0.510872
0.503157
0.533063
0.475256
0.463575
0.492937
0.528178
0.490455
0.449712
0.464636
0.487878
0.399845
0.49229
0.464168
0.494899
0.460192
0.48618
0.559525
0.502746
0.531014
0.51235
0.458353
0.475502
0.503602
0.521215
0.508879
0.537684
0.509303
0.526963
0.486022
0.536014
0.468947
0.484748
0.484603
0.495002
0.505288
0.482626
0.511493
0.458194
0.520347
0.530085
0.528607
0.486973
0.509511
0.515081
0.458588
0.518778
0.484284
0.491422
0.535085
0.556629
0.525549
0.488393
0.469476
0.491824
0.499224
0.514491
0.485925
0.491681
0.496192
0.537148
0.466643
0.514207
0.468364
0.510316
0.529232
0.481566
0.492764
0.501783
0.43798
0.48422
0.495509
0.452109
0.530989
0.477618
0.497552
0.527039
0.495006
0.513311
0.48407
0.435283
0.529835
0.486363
0.499371
0.503534
0.554207
0.49094
0.519188
0.460589
0.444972
0.495941
0.522249
0.522469
0.481507
0.492562
0.452982
0.490386
0.527193
0.525649
0.527241
0.473456
0.489857
0.480736
0.532926
0.468023
0.503037
0.498618
0.517364
0.475465
0.519956
0.46936
0.523343
0.540363
0.492073
0.467601
0.525655
0.490907
0.464093
0.511027
0.540034
0.483414
0.497301
0.443901
0.526365
0.482831
0.533112
0.527509
0.508026
0.481099
0.518685
0.499412
0.439263
0.525256
0.506509
0.463365
0.522443
0.477145
0.509807
0.511792
0.48708
0.486618
0.535649
0.502677
0.462508
0.460094
0.547647
0.48276
0.526063
0.536353
0.510104
0.478905
0.488665
0.471448
0.54549
0.549515
0.479665
0.544594
0.497128
0.467873
0.522832
0.496929
0.478956
0.499281
0.49536
0.495001
0.454245
0.523874
0.481769
0.530872
0.505151
0.50698
0.564571
0.510711
0.494966
0.498908
0.533582
0.523738
0.464954
0.506029
0.485742
0.473418
0.487637
0.515037
0.507344
0.482754
0.468418
0.492256
0.530514
0.475573
0.467401
0.45987
0.545847
0.485676
0.4833
0.530953
0.553046
0.535713
0.501295
0.565171
0.531472
0.497683
0.536721
0.477038
0.502444
0.53691
0.486465
0.49859
0.485192
0.511387
0.449939
0.488361
0.558327
0.478351
0.501509
0.498528
0.468695
0.539975
0.536259
0.552115
0.539511
0.49004
0.520949
0.512111
0.489629
0.463473
0.472064
0.49439
0.495825
0.500622
0.492816
0.516307
0.559983
0.518136
0.450968
0.43284
0.49304
0.50834
0.479375
0.532155
0.497579
0.518963
0.521096
0.512477
0.540937
0.535109
0.520964
0.482124
0.500704
0.505335
0.48549
0.464598
0.484492
0.523718
0.562963
0.470597
0.495849
0.519781
0.505641
0.518824
0.468185
0.488159
0.525887
0.537477
0.498592
0.529869
0.478142
0.508276
0.483438
0.467078
0.498601
0.504926
0.517593
0.523218
0.494469
0.477869
0.42918
0.500351
0.554668
0.547217
0.491718
0.525637
0.543885
0.465731
0.505528
0.518789
0.541811
0.513722
0.520288
0.502394
0.529474
0.507753
0.4706
0.526963
0.534512
0.535017
0.526454
0.482601
0.547291
0.505257
0.470455
0.529157
0.519722
0.492118
0.533696
0.446734
0.458649
0.495792
0.542149
0.518443
0.505711
0.508839
0.475446
0.467264
0.535516
0.487056
0.489928
0.498888
0.524033
0.497273
0.507838
0.492432
0.469053
0.493942
0.494533
0.470877
0.474617
0.516405
0.485582
0.483131
0.501263
0.498708
0.485641
0.509565
0.483988
0.52384
0.440961
0.512923
0.479778
0.504272
0.487424
0.526457
0.456607
0.510665
0.505958
0.51118
0.495756
0.530635
0.417237
0.484107
0.479341
0.499431
0.487505
0.459348
0.544919
0.504426
0.51743
0.503949
0.489054
0.455264
0.525852
0.500335
0.471704
0.531573
0.570284
0.487246
0.443325
0.490093
0.466073
0.511028
0.496545
0.5231
0.486068
0.509167
0.524294
