0.349142
0.821268
0.847397
0.362982
0.357611
0.236072
0.882849
0.80741
0.727377
0.452822
0.901323
0.539162
0.137069
0.922042
0.959737
0.524129
0.179706
0.0340319
0.190914
0.441735
0.0352694
0.860608
0.674662
0.108062
0.395846
0.642443
0.958466
0.781459
0.149082
0.445247
0.713101
0.234081
0.63548
0.952306
0.789806
0.21033
0.605994
0.719902
0.0512919
0.516793
0.847658
0.624539
0.261274
0.960928
0.127255
0.998883
0.0500442
0.483996
0.217982
0.0029132
0.571818
0.768054
0.694869
0.117774
0.509294
0.331303
0.56553
0.885681
0.169558
0.498606
0.0793365
0.847291
0.691756
0.826247
0.946984
0.339153
0.0208043
0.59731
0.20183
0.793024
0.993955
0.255643
0.823507
0.40447
0.370745
0.325049
0.58381
0.5825
0.175352
0.0227992
0.206431
0.121094
0.608625
0.823171
0.478849
0.30706
0.851182
0.401625
0.320901
0.55031
0.176464
0.281312
0.685768
0.0395074
0.312055
0.04253
0.512112
0.429293
0.349
0.917889
0.508952
0.789552
0.653298
0.100414
0.366899
0.721057
0.163736
0.101588
0.861029
0.487548
0.679424
0.317949
0.333898
0.647873
0.793621
0.748777
0.094885
0.503059
0.0940452
0.04773
0.498634
0.805507
0.231087
0.125952
0.806295
0.80831
0.0929666
0.0347554
0.605356
0.652896
0.29083
0.367925
0.565226
0.187564
0.648121
0.806121
0.915548
0.0566422
0.639879
0.391648
0.313183
0.872026
0.502422
0.727666
0.053556
0.641975
0.827196
0.442162
0.00577364
0.645851
0.190545
0.187715
0.612839
0.461592
0.111197
0.251344
0.983921
0.822371
0.258047
0.955962
0.981876
0.941061
0.272279
0.721723
0.524017
0.530668
0.271186
0.540907
0.596834
0.194227
0.548579
0.166815
0.0465362
0.481121
0.192202
0.332176
0.63863
0.624332
0.346909
0.446046
0.55449
0.794605
0.239746
0.464417
0.0650718
0.236331
0.456919
0.826468
0.0273428
0.583488
0.46157
0.677378
0.804317
0.283137
0.13529
0.0851422
0.712847
0.763634
0.916523
0.972152
0.933921
0.753302
0.627847
0.235162
0.538542
0.0550976
0.595291
0.576472
0.730311
0.779923
0.461236
0.314973
0.20644
0.295243
0.00426642
0.632311
0.59655
0.310289
0.161905
0.924753
0.938745
0.0415115
0.694356
0.106967
0.061814
0.323088
0.948861
0.625275
0.309238
0.982094
0.936426
0.704168
0.294054
0.514738
0.397818
0.93381
0.124237
0.901265
0.227551
0.0146393
0.877856
0.698686
0.0880174
0.458269
0.90889
0.862167
0.35712
0.795977
0.98255
0.171255
0.819196
0.704923
0.208786
0.873337
0.369277
0.109533
0.481191
0.994938
0.124826
0.276685
0.633736
0.596293
0.928131
0.0674344
0.0790582
0.534739
0.508952
0.548062
0.349817
0.629997
0.324541
0.15574
0.0708724
0.655479
0.0975769
0.459557
0.567597
0.574047
0.658237
0.500126
0.968986
0.747724
0.221773
0.818406
0.478763
0.425962
0.586458
0.0283844
0.930336
0.197267
0.838332
0.424203
0.060136
0.908913
0.450193
0.259414
0.65801
0.0478532
0.644936
0.457091
0.193398
0.0548147
0.571548
0.411263
0.263798
0.429116
0.260543
0.872844
0.640618
0.783672
0.0606809
0.671187
0.451189
0.831444
0.917796
0.0433082
0.569975
0.323598
0.57816
0.808567
0.313776
0.50677
0.752988
0.562296
0.542879
0.106951
0.168534
0.836918
0.0421071
0.159056
0.980255
0.00619393
0.152973
0.256541
0.513324
0.144133
0.89256
0.660461
0.000347149
0.495162
0.849306
0.941862
0.746549
0.410463
0.894863
0.789025
0.82052
0.144947
0.880267
0.738853
0.333354
0.721655
0.960427
0.93089
0.0507214
0.930986
0.761651
0.667672
0.432198
0.560043
0.30172
0.324885
0.192466
0.105608
0.201544
0.811506
0.6435
0.819289
0.383427
0.749577
0.950418
0.115773
0.00649599
0.335447
0.0925591
0.638843
0.99923
0.562613
0.872916
0.962948
0.147759
0.327973
0.40198
0.692107
0.503543
0.699495
0.766305
0.128343
0.883159
0.178605
0.278772
0.587665
0.725633
0.623649
0.0291517
0.555888
0.609458
0.183822
0.173688
0.255815
0.654046
0.291952
0.316055
0.741941
0.961883
0.739304
0.765327
0.593078
0.602367
0.959617
0.766965
0.724906
0.581774
0.830144
0.878898
0.225185
0.252845
0.0956347
0.426581
0.699535
0.940099
0.571624
0.869514
0.0244951
0.722473
0.814687
0.429565
0.0998494
0.633912
0.281717
0.482276
0.980641
0.606666
0.0537744
0.0409942
0.301262
0.66458
0.982458
0.746329
0.173622
0.82873
0.231513
0.717648
0.586607
0.360936
0.330863
0.567517
0.936429
0.0588406
0.325349
0.99437
0.702435
0.82731
0.771071
0.354159
0.819706
0.464323
0.186698
0.200956
0.201069
0.0756613
0.177934
0.242905
0.683807
0.613553
0.48628
0.778663
0.82056
0.342864
0.428245
0.286554
0.144034
0.478857
0.941698
0.291616
0.398812
0.498477
0.189361
0.323126
0.682705
0.669329
0.426546
0.117064
0.249804
0.91512
0.755959
0.165408
0.0171084
0.272529
0.195133
0.249594
0.548954
0.702905
0.994195
0.232634
0.77528
0.99459
0.779156
0.668117
0.0813406
0.801118
0.36854
0.79084
0.181941
0.661273
0.122413
0.290557
0.700605
0.0747082
0.6301
0.575895
0.294808
0.578096
0.216932
0.679913
0.0280231
0.279871
0.0362214
0.743117
0.356902
0.745688
0.888645
0.366472
0.290366
0.542363
0.949715
0.819799
0.0433489
0.487063
0.453008
0.914669
0.751811
0.833949
0.332044
0.631901
0.781566
0.666567
0.720728
0.689241
0.9393
0.8367
0.998326
0.0335816
0.911629
0.365797
0.28102
0.663998
0.792397
0.551638
0.543038
0.688162
0.228981
0.629827
0.124605
0.567698
0.987818
0.037542
0.573797
0.131547
0.414565
0.707635
0.490893
0.175204
0.995464
0.757502
0.306634
0.894041
0.00781643
0.0836687
0.333585
0.62826
0.916919
0.165134
0.679684
0.563911
0.915884
0.533021
0.996185
0.308885
0.839016
0.379137
0.933216
0.345999
0.977805
0.430767
0.573681
0.989576
0.304221
0.0741867
0.0824746
0.901074
0.815259
0.606514
0.00891133
0.748182
0.556217
0.0579578
0.875782
0.0465529
0.101937
0.158307
0.231911
0.46145
0.463219
0.40835
0.683897
0.256649
0.471412
0.825554
0.597792
0.579972
0.453179
0.51181
0.307631
0.819908
0.558831
0.768681
0.513477
0.338378
0.414205
0.872917
0.919223
0.994533
0.134612
0.913796
0.465863
0.568325
0.320126
0.15722
0.269022
0.54681
0.938723
0.393656
0.673787
0.858003
0.335297
0.583581
0.892512
0.665364
0.66202
0.0518147
0.283381
0.940528
0.334386
0.499112
0.343739
0.413922
0.546512
0.474829
0.411233
0.894794
0.141997
0.749056
0.459733
0.617645
0.289293
0.578007
0.411967
0.00600063
0.353645
0.295786
0.326499
0.373039
0.335298
0.393171
0.506682
0.959269
0.343743
0.44537
0.970699
0.228875
0.231912
0.392493
0.355918
0.428407
0.997884
0.00697621
0.842145
0.505452
0.493852
0.430491
0.295596
0.0730773
0.825858
0.739646
0.880747
0.201984
0.389655
0.19683
0.776638
0.47128
0.418466
0.53281
0.37756
0.486784
0.211453
0.945609
0.0587496
0.59024
0.705366
0.921181
0.943119
0.872384
0.927659
0.202364
0.406106
0.0374619
0.152782
0.751466
0.687233
0.847591
0.64353
0.148078
0.917443
0.534877
0.909091
0.0976455
0.192954
0.970961
0.00750111
0.440011
0.695336
0.822693
0.962911
0.863353
0.0334256
0.22506
0.601549
0.352237
0.319188
0.525724
0.62248
0.914193
0.433856
0.788302
0.441748
0.304297
0.533759
0.403637
0.0567258
0.0496212
0.221865
0.301106
0.990578
0.0944392
0.699773
0.857753
0.257603
0.653323
0.437955
0.18549
0.545403
0.464464
0.875465
0.580672
0.589884
0.452815
0.893911
0.622186
0.517977
0.996235
0.407661
0.81121
0.0887447
0.473282
0.570407
0.396758
0.957685
0.77545
0.608242
0.795756
0.847135
0.987484
0.0361325
0.996128
0.696633
0.756352
0.476657
0.758383
0.204039
0.0428325
0.0492791
0.0693381
0.707591
0.32156
0.501349
0.945674
0.00139465
0.988561
0.168218
0.661316
0.666194
0.154271
0.332778
0.138414
0.921582
0.330194
0.551734
0.485795
0.296661
0.225646
0.567967
0.410988
0.849006
0.20532
0.170183
0.923512
0.855738
0.448199
0.021259
0.870457
0.318465
0.803975
0.377476
0.414172
0.072401
0.356595
0.678255
0.620995
0.41964
0.148732
0.209784
0.45565
0.0113017
0.0502814
0.0396473
0.275517
0.0211461
0.8039
0.880383
0.531258
0.665784
0.567948
0.758956
0.97501
0.85927
0.30002
0.731098
0.955901
0.61172
0.861833
0.362907
0.0772546
0.905629
0.339153
0.379261
0.864284
0.766285
0.600461
0.41549
0.44028
0.484645
0.188242
0.965194
0.359335
0.196206
0.151427
0.74648
0.552091
0.855855
0.0721437
0.258665
0.196367
0.00787052
0.281413
0.312467
0.646853
0.407723
0.844695
0.923837
0.29847
0.627117
0.358634
0.893237
0.398915
0.228772
0.74551
0.470722
0.88101
0.239389
0.15349
0.14856
0.799704
0.628473
0.641968
0.337161
0.00805399
0.811329
0.70624
0.570262
0.398707
0.174493
0.810173
0.148892
0.010973
0.9528
0.166035
0.56168
0.228433
0.994512
0.0254521
0.49625
0.369355
0.903678
0.00374434
0.261395
0.434393
0.460008
0.512254
0.544599
0.386829
0.142681
0.561496
0.800382
0.894854
0.925992
0.145117
0.461563
0.289301
0.515884
0.524957
0.44149
0.941239
0.944865
0.196662
0.997687
0.230511
0.370435
0.589877
0.497445
0.678774
0.304185
0.895366
0.598142
0.109773
0.954417
0.342502
0.058302
0.358102
0.357267
0.0851745
0.151615
0.0891644
0.30666
0.183997
0.381567
0.762293
0.422207
0.370792
0.898541
0.242346
0.0107177
0.00204525
0.307966
0.649846
0.519024
0.286816
0.124349
0.874631
0.525097
0.228388
0.263097
0.932918
0.396303
0.245632
0.0544083
0.723832
0.327237
0.919054
0.28998
0.471242
0.667795
0.298344
0.845876
0.483852
0.821609
0.554626
0.129766
0.125816
0.936153
0.084742
0.737667
0.887884
0.86271
0.380908
0.627656
0.0426507
0.0250518
0.75267
0.27328
0.945525
0.831613
0.295915
0.688329
0.025518
0.872615
0.0939073
0.0522268
0.848024
0.480113
0.53716
0.639946
0.307821
0.258219
0.673006
0.694328
0.538313
0.219423
0.733738
0.188073
0.0473814
0.341356
0.317291
0.617166
0.987373
0.18074
0.260782
0.150614
0.444098
0.985406
0.99057
0.830479
0.825932
0.212917
0.26939
0.862127
0.519124
0.0208006
0.789842
0.242318
0.150408
0.00783471
0.263182
0.52066
0.295361
0.971183
0.583651
0.950286
0.054408
0.756993
0.653191
0.822495
0.382748
0.322846
0.652469
0.657208
0.732062
0.143212
0.345826
0.989962
0.798006
0.161834
0.595844
0.704096
0.856842
0.059221
0.104215
0.744774
0.237155
0.934763
0.737797
0.254265
0.359476
0.220317
0.171265
0.914044
0.970285
0.208529
0.291283
0.891014
0.710974
0.801158
0.453324
0.178478
0.041782
0.610741
0.634318
0.307258
0.361705
0.377144
0.436387
0.98194
0.535304
0.62684
0.20466
0.869046
0.0948749
0.788741
0.942332
0.818908
0.301553
0.611497
0.736746
0.625892
0.722715
0.0724699
0.8307
0.00105749
0.748007
0.241056
0.84387
0.819375
0.78606
0.315211
0.812117
0.576508
0.0534664
0.690394
0.290393
0.107489
0.712957
0.188822
0.662463
0.335012
0.496452
0.0617222
0.703071
0.575694
0.249358
0.00999248
0.312474
0.779648
0.475136
0.0245122
0.937372
0.146713
0.89485
0.445632
0.535479
0.580337
0.24769
0.244838
0.843983
0.229544
0.558835
0.446978
0.266545
0.346761
0.435586
0.989095
0.772449
0.364256
0.697469
0.64601
0.959351
0.568039
0.908558
0.281171
0.803246
0.22259
0.799084
0.285645
0.822617
0.263782
0.808625
0.173822
0.416344
0.615438
0.255773
0.780566
0.276034
0.275902
0.17171
0.0640967
0.0836225
0.136775
0.391202
0.218451
0.526115
0.202823
0.869105
0.539341
0.114309
0.739642
0.709658
0.511733
0.785476
0.737513
0.417176
0.984426
0.986895
0.893279
0.28876
0.497938
0.344602
0.618015
0.592372
0.112493
0.367783
0.0115423
0.658169
0.0620163
0.453169
0.533916
0.739794
0.700645
0.0462325
0.571241
0.489081
0.316988
0.778586
0.15447
0.177237
0.118671
0.106934
0.755048
0.964175
0.0296114
0.0824219
0.953853
0.17279
0.733001
0.815873
0.557161
0.80514
0.815663
0.690962
0.706282
0.612762
0.949757
0.911921
0.0808995
0.604817
0.15483
0.334171
0.408517
0.677853
0.529891
0.275903
0.235932
0.343393
0.988074
0.987888
0.959515
0.60919
0.866056
0.290663
0.208867
0.763051
0.560764
0.477132
0.186763
0.971991
0.154966
0.609977
0.934429
0.632852
0.262705
0.783923
0.75612
0.713313
0.830688
0.520942
0.335475
0.855586
0.491639
0.251115
0.136707
0.761499
0.243405
0.613759
0.328612
0.850723
0.0296445
0.18422
0.114706
0.928612
0.374856
0.0646531
0.508203
0.692541
0.0722742
0.726311
0.359656
0.453338
0.375795
0.491929
0.0250531
0.0899054
0.888146
0.316602
0.24411
0.66046
0.892439
0.0620078
0.467086
0.464122
0.112109
0.541358
0.502304
0.91425
0.518044
0.301537
0.527847
0.113679
0.887972
0.746334
0.385704
0.306718
0.262343
0.913504
0.914665
0.749646
0.477214
0.403009
0.733133
0.347907
0.675777
0.799546
0.301838
0.542888
0.537936
0.906384
0.820373
0.314024
0.197044
0.457481
0.175218
0.244209
0.0537419
0.23021
0.988956
0.860424
0.411646
0.952349
0.143086
0.920927
0.855113
0.676016
0.876105
0.0201002
0.215776
0.751066
0.704212
0.398326
0.826236
0.825392
0.577536
0.784529
0.373989
0.865097
0.567538
0.601853
0.228119
0.740494
0.27213
0.102372
0.640777
0.962326
0.40891
0.665836
0.0942527
0.455807
0.722224
0.332721
0.485284
0.388633
0.42881
0.906926
0.367925
0.864744
0.635539
0.953236
0.515053
0.381441
0.241072
0.555405
0.350723
0.227703
0.134551
0.649713
0.938827
0.16185
0.476041
0.494893
0.119629
0.713752
0.526333
0.802264
0.840082
0.0587038
0.0226959
0.180932
0.845498
0.636162
0.200714
0.834488
0.652078
0.347294
0.0627445
0.39134
0.408631
0.352542
0.806824
0.905676
0.0319086
0.0771676
0.965716
0.506156
0.357505
0.173407
0.867883
0.00225898
0.325106
0.817805
0.717602
0.622397
0.0946417
0.0585179
0.691344
0.623383
0.994055
0.967748
0.846617
0.978805
0.198973
0.378401
0.816285
0.956675
0.752577
0.0520318
0.78813
0.898145
0.00696481
0.579012
0.312182
0.703919
0.705691
0.274594
0.296894
0.749575
0.975134
0.210528
0.00298706
0.542555
0.537718
0.496613
0.868156
0.291
0.934495
0.466821
0.137693
0.597563
0.723502
0.778537
0.170287
0.171259
0.12287
0.130199
0.163316
0.249483
0.856698
0.652851
0.220058
0.354419
0.843863
0.626566
0.0785237
0.117982
0.495689
0.38644
0.447742
0.773349
0.751722
0.769169
0.355868
0.136567
0.421857
0.645684
0.902678
0.627217
0.0991679
0.70468
0.617882
0.27269
0.886544
0.194244
0.641026
0.407403
0.8107
0.573391
0.137027
0.648686
0.29223
0.532767
0.815872
0.968821
0.956732
0.455833
0.80179
0.582647
0.810028
0.731545
0.155939
0.758507
0.104347
0.301221
0.450938
0.394512
0.679799
0.111483
0.372616
0.670768
0.108321
0.718611
0.425265
0.711304
0.370798
0.895485
0.576057
0.91814
0.181472
0.759774
0.820875
0.456656
0.399902
0.481691
0.0096218
0.78976
0.546265
0.133263
0.250356
0.723406
0.411124
0.581805
0.32794
0.213751
0.620014
0.662262
0.927935
0.304218
0.114255
0.122015
0.247381
0.647588
0.523906
0.234319
0.591982
0.793878
0.862112
0.520841
0.688759
0.990358
0.731445
0.989103
0.163002
0.878068
0.015007
0.737511
0.510592
0.943244
0.884834
0.0509096
0.107503
0.687084
0.797706
0.326294
0.597257
0.539492
0.208183
0.735641
0.237911
0.919175
0.0982756
0.636491
0.419901
0.422521
0.534326
0.847578
0.125962
0.826795
0.589865
0.264582
0.228993
0.87079
0.737427
0.429264
0.441756
0.110287
0.675596
0.894352
0.765886
0.550426
0.326437
0.138412
0.352945
0.277159
0.063395
0.752579
0.796815
0.521555
0.104859
0.29875
0.628276
0.101275
0.271726
0.0621895
0.87624
0.13171
0.140175
0.607304
0.28698
0.455001
0.0488323
0.0915697
0.537478
0.0995814
0.811656
0.478643
0.520262
0.988458
0.557232
0.678032
0.587072
0.324831
0.418207
0.0671521
0.183426
0.893757
0.231851
0.445214
0.345366
0.754585
0.728243
0.13148
0.416909
0.318228
0.464319
0.3385
0.529275
0.994666
0.941522
0.0908094
0.901786
0.879354
0.697607
0.569348
0.0142406
0.273524
0.808226
0.870676
0.890068
0.185265
0.134304
0.588696
0.940895
0.849274
0.11349
0.446606
0.472374
0.278351
0.0684748
0.301427
0.547962
0.995135
0.385946
0.366875
0.555325
0.495683
0.845213
0.388156
0.716438
0.306032
0.526769
0.971244
0.718289
0.378657
0.633593
0.317424
0.501118
0.238997
0.0810836
0.520594
0.503844
0.965393
0.567904
0.410647
0.904051
0.53246
0.0864753
0.0128838
0.768617
0.0631311
0.368682
0.163997
0.810496
0.444437
0.833765
0.0839586
0.480914
0.924021
0.299174
0.935658
0.36152
0.607028
0.463071
0.0772323
0.798809
0.136381
0.244549
0.0737365
0.0783336
0.714581
0.0935884
0.114348
0.397146
0.494667
0.820274
0.589358
0.782018
0.245283
0.1484
0.809451
0.834168
0.125074
0.722731
0.57131
0.7683
0.960873
0.686027
0.142762
0.258235
0.219844
0.0292914
0.692877
0.800539
0.036587
0.888312
0.944686
0.952386
0.37207
0.836707
0.378309
0.275123
0.343368
0.379632
0.439725
0.0992496
0.703886
0.495803
0.475674
0.391961
0.636796
0.765307
0.360043
0.721065
0.744691
0.757119
0.624614
0.328814
0.202118
0.677484
0.261532
0.00937311
0.342152
0.38627
0.911854
0.271669
0.862177
0.704649
0.860815
0.206159
0.77744
0.239443
0.874093
0.694432
0.174954
0.856321
0.459654
0.833033
0.707337
0.408595
0.437202
0.509686
0.129884
0.67737
0.833768
0.387279
0.569475
0.852538
0.972446
0.628307
0.696986
0.776785
0.336124
0.633365
0.663197
0.924273
0.30478
0.0692302
0.190312
0.373618
0.400318
0.315797
0.257163
0.38652
0.224998
0.0516759
0.577124
0.488224
0.127693
0.503936
0.776004
0.876598
0.836885
0.480664
0.596617
0.619778
0.202388
0.85168
0.382019
0.338394
0.912266
0.902666
0.846948
0.151494
0.00159284
0.81468
0.0940429
0.683332
0.33117
0.361743
0.856751
0.312801
0.453769
0.315004
0.974336
0.873883
0.651107
0.627555
0.577218
0.303178
0.945708
0.477969
0.865462
0.742297
0.87877
0.995122
0.713288
0.145188
0.3898
0.888071
0.672838
0.163887
0.609258
0.272252
0.857354
0.984688
0.43596
0.320766
0.264793
0.69832
0.852214
0.674049
0.496381
0.894055
0.748178
0.104078
0.700642
0.494023
0.0810821
0.13494
0.633191
0.75966
0.263741
0.148795
0.698451
0.119962
0.320957
0.0271837
0.995145
0.54773
0.413697
0.258276
0.0178683
0.0456584
0.432335
0.440808
0.598326
0.143103
0.406176
0.588661
0.75952
0.734485
0.152332
0.0334832
0.792791
0.0433036
0.859755
0.0775372
0.471193
0.746906
0.92176
0.999816
0.834358
0.46572
0.322062
0.293869
0.402153
0.869469
0.0557406
0.938083
0.51081
0.888586
0.519414
0.484301
0.260659
0.0919934
0.407326
0.308436
0.395351
0.696851
0.556265
0.600663
0.405876
0.249549
0.327898
0.780122
0.907533
0.441896
0.718849
0.790804
0.544068
0.327457
0.444926
0.0562888
0.53182
0.249475
0.0354093
0.21964
0.700139
0.796676
0.556932
0.743439
0.276375
0.123126
0.305973
0.159552
0.499248
0.903594
0.787342
0.498638
0.749555
0.290696
0.93766
0.0490623
0.619391
0.582367
0.0431661
0.0410844
0.0890668
0.329521
0.607082
0.66596
0.664531
0.589611
0.791286
0.655656
0.398595
0.581171
0.519417
0.695815
0.659021
0.580364
0.194379
0.544586
0.329202
0.329603
0.844301
0.79911
0.877728
0.150907
0.740345
0.799416
0.987669
0.366895
0.781727
0.78994
0.802461
0.368147
0.653376
0.868899
0.461399
0.908687
0.646668
0.73655
0.633941
0.986926
0.59162
0.18954
0.919413
0.3468
0.359232
0.678689
0.989772
0.42574
0.415663
0.12398
0.481398
0.0394165
0.787648
0.229081
0.182498
0.628021
0.153893
0.518436
0.841675
0.239594
0.514469
0.586028
0.798021
0.180239
0.69505
0.0439328
0.992403
0.350766
0.781916
0.431466
0.183347
0.48976
0.205122
0.027079
0.310219
0.973283
0.620319
0.823535
0.903756
0.444507
0.794991
0.704648
0.75298
0.668938
0.474184
0.514999
0.243203
0.783121
0.557076
0.752251
0.958149
0.0208028
0.0134321
0.138626
0.397909
0.398476
0.743474
0.540885
0.64183
0.403599
0.252927
0.397876
0.151773
0.979006
0.574933
0.86619
0.867352
0.905219
0.601445
0.786052
0.523421
0.761484
0.94927
0.873723
0.484734
0.0528937
0.0217857
0.429294
0.138364
0.725509
0.15964
0.569593
0.337285
0.397911
0.10678
0.40859
0.905913
0.304091
0.637367
0.659338
0.689008
0.600662
0.561476
0.363229
0.96919
0.616393
0.700857
0.498886
0.746414
0.43319
0.329865
0.312887
0.847705
0.347807
0.321375
0.670018
0.130752
0.0793159
0.415016
0.457822
0.20569
0.709184
0.00829731
0.108725
0.701609
0.262785
0.314571
0.226376
0.75551
0.401183
0.0707443
0.818377
0.240226
0.0717953
0.929077
0.0363125
0.444171
0.191351
0.729266
0.990654
0.170827
0.873633
0.798683
0.12121
0.272104
0.580675
0.830594
0.835683
0.730661
0.426053
0.584281
0.34546
0.857081
0.0929866
0.260227
0.58885
0.794377
0.192415
0.832219
0.19115
0.182287
0.964755
0.551957
0.0152668
0.915805
0.955498
0.247244
0.047382
0.856241
0.444435
0.660192
0.273908
0.0700828
0.100272
0.946407
0.56735
0.66345
0.529669
0.390275
0.231911
0.0615422
0.398843
0.477187
0.180761
0.198321
0.777306
0.57376
0.235591
0.607669
0.781134
0.756137
0.858959
0.951057
0.81531
0.729929
0.948197
0.716863
0.412782
0.51993
0.927344
0.352909
0.367309
0.671606
0.15549
0.147667
0.427114
0.37869
0.104503
0.989361
0.969628
0.292646
0.418711
0.469535
0.870951
0.12207
0.0196743
0.45345
0.117347
0.61625
0.120528
0.54016
0.824389
0.551573
0.219964
0.137655
0.320012
0.0875732
0.80308
0.0717572
0.24259
0.798163
0.126007
0.651391
0.479304
0.0608879
0.738243
0.378683
0.843009
0.832255
0.529498
0.502386
0.120095
0.460836
0.398745
0.381126
0.324367
0.683726
0.0483211
0.193834
0.312967
0.689138
0.914799
0.484584
0.354085
0.762632
0.464739
0.965427
0.620406
0.0024045
0.704427
0.0622228
0.0987747
0.606862
0.0693929
0.0450144
0.0805243
0.803478
0.256643
0.937161
0.597768
0.381017
0.0186171
0.478835
0.111315
0.568068
0.525224
0.49413
0.992566
0.511325
0.284843
0.371913
0.275063
0.470202
0.556765
0.844889
0.525485
0.964486
0.0396272
0.696402
0.0867034
0.174331
0.830266
0.829195
0.308641
0.863844
0.256114
0.714319
0.481525
0.728721
0.32649
0.553048
0.139846
0.384378
0.952494
0.512299
0.176803
0.0240556
0.573871
0.648354
0.104836
0.178505
0.820305
0.159647
0.968533
0.872988
0.833734
0.483069
0.355675
0.957769
0.991163
0.577156
0.99863
0.420641
0.191143
0.158319
0.293053
0.291018
0.392806
0.342837
0.209551
0.312896
0.608673
0.298895
0.405592
0.177726
0.530062
0.361852
0.572472
0.828577
0.978943
0.375955
0.232159
0.515665
0.598665
0.591635
0.231792
0.0234357
0.877752
0.595695
0.313591
0.205165
0.599558
0.839361
0.452837
0.838166
0.0731722
0.245147
0.5881
0.317765
0.56863
0.0375685
0.191334
0.0894344
0.886981
0.80622
0.46005
0.505108
0.171569
0.354946
0.222328
0.292237
0.233313
0.131479
0.734662
0.634439
0.735803
0.0129391
0.0728568
0.353692
0.575449
0.520126
0.761605
0.510175
0.301243
0.755021
0.496868
0.33265
0.145151
0.640026
0.468324
0.476512
0.468835
0.554135
0.91246
0.676322
0.559992
0.911573
0.489335
0.694097
0.710659
0.344993
0.0907144
0.624424
0.452625
0.20159
0.310629
0.944356
0.377617
0.33158
0.441987
0.813108
0.891961
0.470411
0.248684
0.938083
0.900482
0.746396
0.489699
0.515283
0.229743
0.372668
0.171519
0.29048
0.627381
0.826629
0.553291
0.420694
0.547016
0.732274
0.144567
0.572845
0.375508
0.223629
0.281138
0.388443
0.103498
0.294488
0.647073
0.161692
0.0971758
0.0757289
0.480893
0.196422
0.108898
0.202877
0.655096
0.979096
0.0700403
0.550614
0.688835
0.966443
0.738718
0.25641
0.725078
0.653634
0.718627
0.802147
0.101453
0.660614
0.6081
0.171849
0.237359
0.129326
0.559029
0.987676
0.861639
0.823846
0.895801
0.809011
0.171874
0.31051
0.83094
0.255588
0.248505
0.589138
0.976387
0.611403
0.188692
0.953683
0.140918
0.438974
0.0639652
0.86661
0.772254
0.372164
0.373916
0.702814
0.888077
0.58001
0.440887
0.60404
0.0781001
0.855149
0.786884
0.912759
0.378135
0.360779
0.416739
0.0359463
0.83899
0.783427
0.907478
0.71588
0.35404
0.0299508
0.923305
0.930083
0.779173
0.252386
0.232747
0.660096
0.18115
0.490925
0.33719
0.994479
0.882309
0.732051
0.609949
0.182051
0.1222
0.855674
0.417465
0.824981
0.0148141
0.493155
0.418492
0.177229
0.0220688
0.969737
0.325939
0.0525183
0.462506
0.523916
0.426154
0.989296
0.294621
0.177458
0.482219
0.691158
0.316779
0.799392
0.0453546
0.264078
0.363661
0.922748
0.249805
0.092253
0.500044
0.122723
0.803134
0.299075
0.657296
0.669324
0.881157
0.376838
0.761175
0.677475
0.113891
0.76749
0.889794
0.0755264
0.768788
0.747688
0.20023
0.912732
0.906824
0.00627341
0.68725
0.372534
0.856076
0.674273
0.797736
0.427492
0.3104
0.430763
0.623188
0.470914
0.0556444
0.598124
0.0273208
0.128376
0.434076
0.0740094
0.427438
0.459157
0.704779
0.522935
0.921508
0.104526
0.312896
0.74695
0.516443
0.859001
0.45651
0.633008
0.939015
0.396058
0.293445
0.876137
0.0653799
0.26602
0.561625
0.925469
0.647872
0.12729
0.540079
0.698758
0.602265
0.830134
0.240995
0.745948
0.592251
0.333443
0.928196
0.18025
0.551468
0.419358
0.779284
0.0842349
0.751854
0.229402
0.366734
0.767857
0.288838
0.261287
0.0901978
0.515725
0.731263
0.651552
0.554958
0.903999
0.0928848
0.370482
0.810117
0.766233
0.232657
0.948635
0.328994
0.0964144
0.88627
0.146095
0.471068
0.0320979
0.468816
0.704985
0.0914597
0.277539
0.859065
0.162754
0.985633
0.404246
0.964346
0.349432
0.342918
0.183658
0.950063
0.378866
0.545562
0.0242266
0.671579
0.93557
0.0468003
0.544916
0.734651
0.750218
0.092451
0.941992
0.493625
0.174022
0.459802
0.000290147
0.527531
0.562887
0.763028
0.0495134
0.160546
0.154759
0.14767
0.837213
0.455862
0.68816
0.143213
0.931112
0.945658
0.117426
0.181678
0.903557
0.89311
0.413337
0.784251
0.000686191
0.937477
0.110085
0.973981
0.350246
0.966232
0.515946
0.240877
0.887802
0.498843
0.421683
0.860429
0.235795
0.858502
0.825111
0.885601
0.688931
0.148259
0.280982
0.377324
0.459655
0.327637
0.652418
0.934831
0.416895
0.389512
0.484604
0.203957
0.989253
0.243577
0.175878
0.491726
0.760885
0.994157
0.349292
0.955712
0.906178
0.0225684
0.124184
0.967268
0.11122
0.907455
0.678359
0.412849
0.420024
0.59399
0.934681
0.985221
0.707305
0.301868
0.289773
0.358026
0.683923
0.983565
0.94711
0.808259
0.734037
0.343246
0.0732192
0.970969
0.993869
0.731432
0.146387
0.441706
0.221227
0.963336
0.525899
0.691613
0.764465
0.185769
0.481311
0.877951
0.692367
0.348277
0.261764
0.613421
0.546782
0.222459
0.862311
0.438764
0.663416
0.956247
0.0962964
0.806473
0.289566
0.138524
0.579975
0.854351
0.309024
0.66845
0.978862
0.495318
0.0430692
0.351846
0.0873115
0.587166
0.892943
0.156152
0.277104
0.729468
0.365332
0.111953
0.852321
0.9651
0.901174
0.712469
0.71274
0.0847926
0.813792
0.686385
0.313687
0.932824
0.220667
0.651158
0.605578
0.0219933
0.0906335
0.434473
0.861001
0.661715
0.173217
0.915656
0.0024571
0.803686
0.658359
0.815081
0.212168
0.877908
0.743477
0.770117
0.750263
0.33455
0.952577
0.697154
0.574266
0.574693
0.931819
0.360251
0.61709
0.939363
0.692091
0.351676
0.550332
0.769566
0.817064
0.535247
0.17302
0.931653
0.221869
0.20089
0.893206
0.147953
0.630893
0.613098
0.311944
0.851074
0.322577
0.785439
0.908746
0.804686
0.925066
0.750145
0.0282466
0.460511
0.480859
0.482293
0.574377
0.85103
0.754353
0.2417
0.357106
0.994312
0.237616
0.266158
0.265151
0.399133
0.702388
0.434094
0.244593
0.736924
0.917091
0.25427
0.368117
0.367462
0.544453
0.969532
0.533647
0.78661
0.787577
0.909281
0.0170025
0.669899
0.370501
0.813637
0.234476
0.821824
0.515171
0.597204
0.692885
0.657818
0.083507
0.931597
0.792786
0.838187
0.644976
0.707124
0.512674
0.178616
0.342552
0.582331
0.176727
0.161911
0.77976
0.736686
0.665919
0.295793
0.236831
0.991118
0.273334
0.570922
0.124088
0.632106
0.661643
0.584842
0.256079
0.639629
0.317657
0.0678006
0.122507
0.243731
0.810523
0.975812
0.464692
0.578342
0.872727
0.749055
0.043409
0.0179357
0.693972
0.357593
0.191149
0.0198234
0.235882
0.303148
0.545739
0.993416
0.260311
0.590581
0.0110893
0.012364
0.0669569
0.945073
0.51377
0.804686
0.639388
0.193525
0.331744
0.221998
0.516194
0.0581604
0.755709
0.717881
0.78071
0.777021
0.477186
0.766929
0.17472
0.464218
0.534932
0.733702
0.596279
0.290226
0.828181
0.651908
0.777808
0.0809516
0.338232
0.489627
0.428031
0.329028
0.287191
0.641134
0.761089
0.751049
0.783456
0.0782725
0.360928
0.123049
0.118412
0.386742
0.502293
0.24017
0.129504
0.971046
0.166434
0.375481
0.0545081
0.295984
0.376025
0.801491
0.474676
0.996009
0.487281
0.873916
0.465983
0.973699
0.606493
0.292337
0.414922
0.766128
0.263084
0.721958
0.355973
0.117718
0.323041
0.603825
0.681577
0.0888606
0.34757
0.160547
0.972489
0.473311
0.205757
0.127339
0.08873
0.710279
0.781818
0.25458
0.921977
0.868868
0.653331
0.132039
0.993402
0.256717
0.26411
0.21453
0.822328
0.458458
0.512796
0.265501
0.407282
0.43418
0.995645
0.804426
0.750299
0.0879647
0.0806698
0.914983
0.896782
0.430517
0.282565
0.15669
0.0175653
0.180006
0.317461
0.879686
0.468751
0.0376402
0.0383675
0.37096
0.15146
0.698842
0.0124097
0.704779
0.762219
0.270821
0.657015
0.518183
0.360724
0.610015
0.992775
0.115861
0.0520883
0.209368
0.615661
0.102897
0.233401
0.790475
0.391872
0.267893
0.818735
0.417768
0.617125
0.65575
0.943311
0.573439
0.47252
0.985555
0.948052
0.628604
0.0959125
0.934966
0.833313
0.0282862
0.547454
0.822346
0.999476
0.378369
0.487727
0.209585
0.897896
0.679269
0.145692
0.603662
0.41511
0.984546
0.801129
0.278979
0.404412
0.657859
0.743766
0.144461
0.041114
0.637058
0.731135
0.25223
0.671551
0.262056
0.113144
0.0450094
0.893033
0.449522
0.818237
0.66767
0.865498
0.561997
0.630102
0.868619
0.719844
0.0754512
0.982503
0.276955
0.57846
0.0447369
0.751715
0.593146
0.606993
0.941826
0.151072
0.749727
0.921078
0.33206
0.281564
0.00343541
0.606782
0.287255
0.648537
0.674053
0.889527
0.733724
0.0311777
0.654775
0.194977
0.014162
0.53339
0.534453
0.859898
0.814532
0.0281513
0.18781
0.225594
0.874239
0.139868
0.843486
0.216773
0.257171
0.529298
0.113277
0.991327
0.703648
0.723193
0.284506
0.339669
0.0937312
0.767125
0.71028
0.995156
0.309238
0.307416
0.592319
0.450352
0.857376
0.590332
0.394754
0.099219
0.179292
0.598694
0.955143
0.165816
0.371627
0.953962
0.815117
0.840055
0.4521
0.153036
0.965386
0.00598793
0.74824
0.572261
0.0200377
0.884901
0.522901
0.876227
0.578413
0.572065
0.705683
0.967205
0.318605
0.85176
0.304531
0.384771
0.157617
0.64065
0.548727
0.628096
0.916098
0.0264913
0.479343
0.770426
0.490729
0.0106586
0.0656708
0.0425401
0.0589362
0.883256
0.0897661
0.887024
0.656471
0.594279
0.203268
0.966542
0.260283
0.750153
0.512111
0.416968
0.802269
0.960042
0.670392
0.471383
0.203163
0.459965
0.243008
0.675962
0.262906
0.315377
0.600037
0.0373479
0.130844
0.386464
0.00012336
0.378205
0.0066254
0.75781
0.0652432
0.259319
0.934641
0.889766
0.39857
0.41045
0.139328
0.528267
0.598041
0.586652
0.737159
0.879791
0.911691
0.0519961
0.129164
0.966735
0.901567
0.939685
0.544408
0.954919
0.959659
0.0288593
0.532955
0.899843
0.673959
0.0276388
0.503115
0.38347
0.791602
0.304049
0.312504
0.281694
0.878717
0.737619
0.449921
0.0687143
0.336739
0.582021
0.323034
0.0636231
0.899674
0.0718065
0.777077
0.573623
0.397251
0.144083
0.237577
0.485295
0.809785
0.779888
0.164614
0.279658
0.440413
0.832674
0.040346
0.258908
0.461427
0.0661774
0.441878
0.814415
0.819751
0.766131
0.278691
0.460024
0.271922
0.5458
0.741683
0.00599941
0.514755
0.691703
0.507442
0.342869
0.431536
0.981747
0.198267
0.807557
0.425974
0.773288
0.791044
0.764728
0.802185
0.254519
0.715563
0.883418
0.897036
0.0614741
0.748041
0.433373
0.00361907
0.498494
0.795269
0.858881
0.457449
0.907219
0.429119
0.783234
0.0998684
0.384098
0.0645158
0.608686
0.789777
0.156592
0.314031
0.940355
0.902248
0.132256
0.98087
0.394793
0.622054
0.102743
0.8944
0.95293
0.196224
0.0175325
0.217782
0.162114
0.631074
0.872389
0.678511
0.243557
0.177984
0.848795
0.446482
0.861411
0.514453
0.187802
0.0108502
0.0811084
0.0525401
0.211155
0.630716
0.29159
0.149122
0.271453
0.84331
0.774434
0.0987302
0.11035
0.538616
0.639211
0.201193
0.0491255
0.52658
0.256899
0.547497
0.0806822
0.95136
0.641031
0.686878
0.758507
0.809423
0.76006
0.348323
0.800005
0.0112124
0.105987
0.806426
0.583908
0.540155
0.366588
0.314741
0.800226
0.30188
0.406051
0.882814
0.0139629
0.058794
0.386819
0.243326
0.969168
0.592048
0.480935
0.434166
0.257812
0.949976
0.720145
0.391621
0.209578
0.698314
0.899677
0.293674
0.25645
0.695897
0.641718
0.178938
0.853494
0.636674
0.582689
0.263035
0.589601
0.825159
0.796771
0.140012
0.225087
0.132054
0.91089
0.0451931
0.904634
0.397538
0.589125
0.0149751
0.102542
0.643316
0.134091
0.149441
0.382728
0.0963703
0.617276
0.400178
0.749432
0.336522
0.238847
0.0967064
0.208646
0.819324
0.340737
0.612843
0.668496
0.902168
0.746548
0.5751
0.024176
0.465044
0.751099
0.338603
0.275618
0.762448
0.285558
0.205585
0.921425
0.607235
0.476606
0.234459
0.299258
0.052532
0.216749
0.274872
0.670881
0.929418
0.465785
0.950725
0.880488
0.78522
0.0898573
0.177441
0.580285
0.662738
0.175022
0.0140377
0.0812132
0.821222
0.268584
0.380818
0.644035
0.825826
0.0267305
0.679518
0.803081
0.667713
0.685469
0.488036
0.469039
0.809873
0.809074
0.213703
0.977005
0.715689
0.373058
0.418444
0.851584
0.783698
0.655011
0.11086
0.303141
0.30206
0.165976
0.862829
0.830958
0.512761
0.267695
0.47384
0.803604
0.945288
0.779028
0.991041
0.55925
0.492678
0.1511
0.20661
0.995084
0.253781
0.339523
0.900108
0.402914
0.79196
0.759008
0.769144
0.596008
0.344138
0.38756
0.488086
0.330358
0.680328
0.692297
0.0363565
0.352749
0.13173
0.356039
0.323635
0.84099
0.988108
0.353788
0.281288
0.801866
0.569003
0.602736
0.653618
0.454818
0.198829
0.81167
0.468747
0.580231
0.807268
0.189817
0.950742
0.107893
0.521306
0.0268452
0.89916
0.252353
0.345633
0.791702
0.350546
0.687535
0.619137
0.0663324
0.783359
0.544122
0.506136
0.360251
0.961826
0.39246
0.294649
0.454142
0.557597
0.354601
0.0370127
0.486792
0.356806
0.6166
0.231017
0.402863
0.664038
0.962459
0.296433
0.773539
0.557171
0.63159
0.890374
0.32347
0.12556
0.450997
0.306935
0.962524
0.529329
0.481537
0.847404
0.727681
0.53464
0.545706
0.996152
0.0681795
0.587029
0.204902
0.207039
0.416477
0.0546838
0.790669
0.15236
0.32029
0.171733
0.761949
0.311514
0.690189
0.698122
0.285067
0.0237134
0.347054
0.240914
0.872435
0.686185
0.219879
0.499141
0.0584624
0.0779789
0.713545
0.941695
0.35685
0.10516
0.1865
0.239917
0.583455
0.214923
0.67893
0.382037
0.525702
0.77691
0.323656
0.117754
0.906728
0.686431
0.846315
0.13393
0.675022
0.9567
0.591554
0.156519
0.424426
0.129806
0.252175
0.612814
0.822414
0.786795
0.364043
0.269302
0.435227
0.457605
0.37783
0.674721
0.456681
0.847049
0.227444
0.670238
0.274386
0.872737
0.563514
0.657396
0.275179
0.767623
0.769142
0.811946
0.0644675
0.990467
0.366101
0.663927
0.646787
0.312213
0.0757584
0.191042
0.913385
0.949324
0.524624
0.147152
0.864493
0.584324
0.0649509
0.217725
0.747793
0.480849
0.383245
0.800425
0.140304
0.440753
0.241757
0.886428
0.889821
0.18346
0.8694
0.39504
0.746347
0.815584
0.999633
0.213045
0.96752
0.708638
0.435382
0.526904
0.71971
0.464652
0.178185
0.320274
0.794351
0.218009
0.744678
0.244815
0.124728
0.634559
0.24384
0.656116
0.460451
0.307801
0.319904
0.229957
0.00509599
0.341982
0.176553
0.121589
0.0483262
0.62253
0.867257
0.580994
0.859378
0.318125
0.924889
0.862254
0.118068
0.592682
0.552934
0.331413
0.737134
0.229849
0.133672
0.14411
0.402074
0.13151
0.130004
0.585532
0.879066
0.533111
0.752622
0.088008
0.00672259
0.714018
0.499796
0.606842
0.213256
0.246021
0.101282
0.0776794
0.838324
0.0365162
0.0398807
0.32714
0.970741
0.0479404
0.994747
0.385029
0.953134
0.418098
0.841293
0.56716
0.19734
0.417697
0.62657
0.97235
0.0761042
0.255722
0.870681
0.769172
0.0148306
0.0181342
0.0594851
0.534631
0.640502
0.182509
0.00861042
0.239297
0.123215
0.215845
0.391388
0.636138
0.370406
0.104237
0.913309
0.782045
0.237034
0.494093
0.943322
0.273979
0.660561
0.00191165
0.719672
0.181842
0.912307
0.573548
0.157999
0.367372
0.802946
0.288684
0.706406
0.246098
0.546897
0.299617
0.301693
0.524838
0.466872
0.597273
0.249736
0.071606
0.225731
0.786796
0.529147
0.982583
0.759323
0.149447
0.630127
0.830851
0.5335
0.929582
0.400398
0.835825
0.674678
0.321998
0.569062
0.697059
0.471144
0.196165
0.530275
0.600852
0.787894
0.674049
0.745899
0.536592
0.188555
0.615225
0.705568
0.749099
0.652621
0.538406
0.980458
0.694551
0.384672
0.0478155
0.521697
0.145571
0.53567
0.305079
0.264957
0.584227
0.927237
0.205466
0.37
0.302423
0.851654
0.737968
0.389515
0.86328
0.508222
0.432246
0.44854
0.0245518
0.956561
0.0661096
0.528479
0.739338
0.977056
0.0127096
0.373658
0.377551
0.816435
0.178769
0.840343
0.394919
0.38249
0.69925
0.936262
0.949411
0.487257
0.0290544
0.882134
0.656383
0.705084
0.271559
0.576165
0.105849
0.32454
0.313614
0.449626
0.853872
0.775988
0.247502
0.239571
0.355176
0.38609
0.646384
0.327841
0.32897
0.95385
0.358884
0.439098
0.0421207
0.598786
0.782218
0.371801
0.244059
0.770379
0.0872122
0.552547
0.381052
0.930161
0.971654
0.335575
0.232152
0.95621
0.423682
0.675889
0.317548
0.0379972
0.240927
0.928186
0.998198
0.0224669
0.0743005
0.687778
0.87328
0.666058
0.291772
0.698013
0.242676
0.899514
0.575157
0.587155
0.4827
0.411505
0.803395
0.532847
0.225508
0.023118
0.214504
0.632337
0.371027
0.409476
0.194448
0.810834
0.923124
0.709375
0.277477
0.339266
0.251544
0.962714
0.365665
0.548043
0.0537674
0.673453
0.935877
0.988391
0.536248
0.189057
0.594265
0.261505
0.255877
0.123357
0.0996247
0.943958
0.857389
0.367038
0.589083
0.702043
0.401678
0.998609
0.728108
0.806275
0.988457
0.829743
0.740796
0.109335
0.412854
0.624889
0.468789
0.196816
0.231712
0.989511
0.814491
0.202132
0.0174567
0.319385
0.0470977
0.817832
0.00533331
0.370981
0.732228
0.739641
0.646953
0.307725
0.575739
0.332422
0.716797
0.387402
0.681126
0.175627
0.119606
0.702094
0.883234
0.577829
0.0501244
0.0150691
0.557903
0.674809
0.891125
0.241255
0.0806056
0.654001
0.523117
0.503131
0.723674
0.571701
0.475791
0.00691273
0.891796
0.521278
0.586756
0.800978
0.193235
0.225085
0.151043
0.406986
0.767523
0.895355
0.642416
0.492811
0.720906
0.156837
0.255766
0.355068
0.483936
0.444447
0.143605
0.698934
0.770436
0.361902
0.277274
0.776499
0.796558
0.572922
0.427407
0.635717
0.0693456
0.736727
0.494286
0.335149
0.776664
0.417408
0.0868679
0.321108
0.348473
0.696545
0.202908
0.601202
0.70136
0.0857497
0.549042
0.270005
0.955388
0.237414
0.499942
0.768872
0.800283
0.6359
0.0644596
0.943689
0.305717
0.946985
0.232585
0.484186
0.780989
0.821212
0.542276
0.199983
0.599328
0.778513
0.0458541
0.356609
0.861708
0.220342
0.581381
0.035682
0.878704
0.775675
0.468843
0.304495
0.0343351
0.0242733
0.651272
0.520258
0.344722
0.371296
0.678167
0.0229795
0.462102
0.469808
0.667496
0.989732
0.870457
0.381141
0.961739
0.564131
0.285583
0.688113
0.184987
0.302062
0.866519
0.374477
0.978273
0.28284
0.667273
0.578758
0.0986525
0.250282
0.051795
0.726156
0.667669
0.228094
0.649152
0.223932
0.0940581
0.0870755
0.271413
0.340499
0.114721
0.447963
0.329272
0.324363
0.132085
0.534384
0.279075
0.785342
0.803333
0.627786
0.982554
0.167737
0.979957
0.634054
0.363838
0.385128
0.520717
0.994732
0.0576165
0.732211
0.217038
0.340478
0.851804
0.69497
0.680777
0.498071
0.4756
0.681932
0.24732
0.863581
0.851051
0.713187
0.0331936
0.913158
0.338592
0.228231
0.641545
0.440442
0.133558
0.187819
0.609453
0.718324
0.0244003
0.109518
0.610407
0.44625
0.760742
0.433224
0.329348
0.357526
0.701058
0.284626
0.576304
0.550231
0.959636
0.195859
0.951234
0.827767
0.53859
0.338722
0.664628
0.979589
0.844603
0.293929
0.99661
0.419005
0.327204
0.0676441
0.476585
0.874425
0.854904
0.00361146
0.914317
0.885408
0.830221
0.235856
0.734067
0.19905
0.241296
0.475128
0.0719726
0.340499
0.006685
0.0949867
0.303105
0.719978
0.585252
0.83497
0.17196
0.744903
0.232753
0.904231
0.705944
0.168361
0.172265
0.0661409
0.386615
0.994087
0.832582
0.410679
0.522814
0.874506
0.0661099
0.25631
0.891978
0.314642
0.598592
0.0269367
0.0629558
0.894567
0.94381
0.364343
0.551762
0.941343
0.537619
0.285207
0.350521
0.944407
0.151451
0.278694
0.262955
0.87338
0.823598
0.0512847
0.824426
0.31306
0.0288846
0.626718
0.921724
0.896849
0.86908
0.948729
0.192309
0.348133
0.326735
0.541984
0.103085
0.0117197
0.547011
0.472751
0.607212
0.0879209
0.502037
0.407236
0.370031
0.91523
0.900851
0.365193
0.75166
0.159925
0.829207
0.463682
0.637602
0.269765
0.175234
0.976213
0.517293
0.172881
0.600938
0.112853
0.214636
0.122003
0.681047
0.555151
0.759248
0.499332
0.219017
0.735297
0.0307172
0.0412498
0.877898
0.692295
0.0829917
0.578213
0.687936
0.910953
0.128081
0.308565
0.113633
0.475094
0.787319
0.661805
0.924569
0.0490611
0.758021
0.814464
0.704658
0.326648
0.940755
0.288874
0.385073
0.621043
0.368606
0.211631
0.472502
0.961117
0.109606
0.685707
0.78556
0.43781
0.405269
0.320278
0.471159
0.419958
0.484433
0.779196
0.155996
0.723516
0.168106
0.797427
0.446433
0.744734
0.0677137
0.551025
0.11713
0.110825
0.979495
0.657589
0.562597
0.496507
0.189005
0.0694569
0.108213
0.118285
0.612886
0.370965
0.113371
0.048637
0.90491
0.705118
0.318576
0.168473
0.318403
0.966492
0.303322
0.359099
0.819674
0.769626
0.289117
0.766115
0.853161
0.830693
0.742461
0.770238
0.528264
0.110796
0.55005
0.0784244
0.683948
0.7195
0.0409223
0.288159
0.237276
0.0556113
0.249226
0.845453
0.977218
0.888856
0.822288
0.760779
0.160061
0.512054
0.500695
0.296302
0.12607
0.201111
0.593219
0.402815
0.0109431
0.0233067
0.146068
0.557578
0.386194
0.577855
0.213741
0.207843
0.339446
0.112772
0.771646
0.913533
0.702497
0.246048
0.206618
0.941788
0.548952
0.365768
0.162156
0.212871
0.00540169
0.862939
0.825956
0.629072
0.235215
0.363686
0.897335
0.715247
0.140579
0.806472
0.674246
0.721888
0.958702
0.818814
0.510489
0.731037
0.168138
0.681524
0.713762
0.484897
0.730707
0.0529533
0.528545
0.531012
0.0270575
0.418496
0.76232
0.531935
0.34675
0.320379
0.801011
0.188068
0.507917
0.229471
0.995077
0.918103
0.241728
0.395615
0.800636
0.261241
0.111744
0.138293
0.593176
0.719924
0.769858
0.328917
0.0414704
0.542778
0.695065
0.814616
0.486683
0.628041
0.72844
0.317275
0.410398
0.462056
0.811015
0.0181317
0.133407
0.73123
0.547965
0.24618
0.0461204
0.175719
0.353611
0.0978732
0.456832
0.387289
0.862163
0.627304
0.424953
0.871446
0.497083
0.692631
0.435536
0.855683
0.150042
0.389679
0.525687
0.373278
0.99441
0.0422327
0.3931
0.208589
0.80802
0.276882
0.346156
0.759523
0.658963
0.145567
0.781667
0.941316
0.363766
0.460136
0.632055
0.389783
0.300447
0.389946
0.183941
0.669853
0.584362
0.397194
0.453919
0.485677
0.521085
0.227525
0.377553
0.332594
0.959934
0.949251
0.231098
0.220427
0.600244
0.988227
0.612379
0.405083
0.459912
0.313091
0.951911
0.145464
0.205491
0.994725
0.745515
0.790954
0.562573
0.433078
0.677102
0.717814
0.865318
0.783779
0.560266
0.268972
0.349574
0.227518
0.93906
0.69002
0.023536
0.439325
0.464652
0.655449
0.93567
0.196348
0.362206
0.184947
0.0676233
0.806451
0.821551
0.183046
0.669827
0.772044
0.730296
0.400827
0.983054
0.681513
0.406778
0.00131963
0.397477
0.133024
0.814311
0.077473
0.232919
0.962349
0.922994
0.171122
0.614656
0.118787
0.549981
0.102634
0.0969098
0.193711
0.116524
0.0543019
0.573298
0.36842
0.616884
0.947987
0.0259929
0.956702
0.850767
0.591916
0.312953
0.849047
0.12145
0.997353
0.578884
0.127186
0.484044
0.618486
0.197737
0.548192
0.924099
0.26522
0.203687
0.166804
0.0813703
0.076608
0.828324
0.273979
0.176113
0.501741
0.512821
0.3114
0.358757
0.775539
0.177302
0.239502
0.844758
0.240912
0.771655
0.785344
0.815316
0.17917
0.462242
0.402593
0.405546
0.971668
0.0809822
0.996395
0.252571
0.613095
0.624335
0.389693
0.468416
0.297194
0.180797
0.0544307
0.812
0.247281
0.321477
0.252407
0.880018
0.695808
0.937541
0.908537
0.781021
0.240144
0.0731868
0.287756
0.80716
0.307279
0.399299
0.910628
0.724212
0.521632
0.610759
0.698075
0.456879
0.0415446
0.813158
0.689924
0.990758
0.847211
0.589586
0.973923
0.426476
0.242286
0.196227
0.861316
0.330713
0.971441
0.611578
0.553274
0.202261
0.135909
0.936572
0.291777
0.221828
0.0691514
0.984127
0.5427
0.0386349
0.356999
0.472598
0.412689
0.56533
0.873979
0.808099
0.0811922
0.349518
0.96437
0.359144
0.392115
0.653181
0.408372
0.840826
0.284631
0.832048
0.547388
0.975881
0.869695
0.740985
0.645934
0.121097
0.628917
0.817844
0.270279
0.768293
0.40805
0.179843
0.976285
0.571677
0.112129
0.810016
0.0126858
0.233858
0.828242
0.867118
0.934418
0.710864
0.581033
0.81452
0.137789
0.875763
0.172979
0.77019
0.310819
0.208147
0.214679
0.912316
0.854846
0.0437767
0.179978
0.458928
0.475426
0.310023
0.327746
0.544201
0.641056
0.966656
0.849022
0.951765
0.527784
0.140544
0.388713
0.193063
0.748196
0.352745
0.949953
0.736867
0.727567
0.547194
0.442853
0.548709
0.442538
0.695165
0.144995
0.574068
0.563918
0.516204
0.987492
0.828288
0.312084
0.865294
0.787481
0.614842
0.788875
0.222429
0.766855
0.700753
0.723207
0.712956
0.410234
0.496766
0.769418
0.507423
0.936289
0.226658
0.319352
0.214057
0.43051
0.375537
0.604511
0.995377
0.590538
0.375013
0.327471
0.216122
0.674597
0.351753
0.607767
0.160082
0.758192
0.0167857
0.373426
0.0294883
0.963825
0.431323
0.973181
0.447106
0.634333
0.820035
0.505646
0.996657
0.204932
0.0274979
0.720686
0.0338952
0.0558441
0.184567
0.186856
0.744574
0.191372
0.0691567
0.360055
0.976509
0.0187558
0.254367
0.136762
0.0843856
0.64835
0.0241246
0.115991
0.345224
0.394422
0.133978
0.0941021
0.470464
0.943041
0.577944
0.0240341
0.492259
0.92126
0.710374
0.814536
0.565281
0.33259
0.327654
0.736209
0.823389
0.0311801
0.944767
0.93139
0.77896
0.636208
0.656776
0.467153
0.361218
0.114793
0.149177
0.67931
0.662112
0.79381
0.951849
0.165726
0.991423
0.436856
0.600493
0.916442
0.727811
0.912346
0.502489
0.71394
0.574264
0.0833866
0.870137
0.378781
0.663362
0.102108
0.7961
0.734308
0.0822009
0.0542659
0.460327
0.660902
0.964733
0.669027
0.474987
0.428541
0.590456
0.910082
0.738345
0.0403186
0.786343
0.0550744
0.967789
0.77479
0.300878
0.239393
0.74808
0.948257
0.246108
0.307618
0.738755
0.377437
0.820486
0.632505
0.253535
0.637701
0.560461
0.809713
0.217565
0.29276
0.644584
0.83028
0.331862
0.410083
0.206294
0.516993
0.779007
0.245541
0.210347
0.261413
0.983864
0.635068
0.816553
0.0230165
0.635977
0.806037
0.990306
0.289048
0.567844
0.733408
0.713478
0.413557
0.190912
0.313506
0.886163
0.157507
0.388002
0.290903
0.868244
0.0715328
0.259894
0.611761
0.661893
0.862342
0.481538
0.532028
0.648021
0.357925
0.640318
0.00405971
0.321105
0.961839
0.548963
0.504875
0.971258
0.420213
0.73715
0.238909
0.187128
0.705523
0.0600361
0.514562
0.439219
0.268526
0.394433
0.805156
0.98535
0.775124
0.843119
0.590328
0.64662
0.71087
0.697863
0.344054
0.455797
0.415923
0.928654
0.0820867
0.196428
0.752488
0.320879
0.57778
0.940003
0.781258
0.0678265
0.855244
0.953688
0.640554
0.980845
0.808163
0.989704
0.920463
0.185408
0.988136
0.770487
0.874086
0.753578
0.756207
0.335928
0.0103664
0.0511155
0.374497
0.298947
0.200153
0.363561
0.292265
0.535551
0.162956
0.666769
0.193902
0.581377
0.881074
0.123889
0.448528
0.278421
0.436693
0.266867
0.836194
0.866518
0.343542
0.944061
0.00979307
0.691642
0.536409
0.418129
0.551429
0.548049
0.709222
0.755445
0.945259
0.0186707
0.106637
0.478925
0.844936
0.256295
0.657581
0.823327
0.973411
0.779331
0.505626
0.64241
0.447633
0.956365
0.58536
0.721124
0.64384
0.932936
0.492255
0.937569
0.564788
0.41567
0.103281
0.236478
0.474141
0.670163
0.365433
0.900269
0.0419405
0.601089
0.549245
0.160586
0.896844
0.25038
0.76554
0.151806
0.0847938
0.450772
0.398454
0.781255
0.0506045
0.779634
0.579844
0.835325
0.230371
0.037861
0.214565
0.956828
0.791704
0.990498
0.188792
0.760888
0.389835
0.403164
0.112148
0.892245
0.706188
0.938528
0.647457
0.197839
0.968876
0.281091
0.589392
0.170176
0.369769
0.0710797
0.316379
0.528526
0.319644
0.577919
0.0411918
0.20926
0.631942
0.352737
0.938421
0.440311
0.088735
0.783719
0.276391
0.128169
0.292504
0.0476434
0.203229
0.983213
0.398794
0.509045
0.939156
0.988326
0.193038
0.362534
0.448266
0.658395
0.236841
0.0347684
0.873109
0.569757
0.462648
0.445271
0.315334
0.728106
0.920474
0.148158
0.168039
0.203706
0.43658
0.212218
0.913917
0.150601
0.0736629
0.610639
0.892647
0.742262
0.608138
0.143794
0.337596
0.9439
0.166855
0.362368
0.343003
0.489408
0.878593
0.541066
0.237205
0.370206
0.361724
0.0160681
0.0250236
0.849534
0.336615
0.777256
0.574332
0.108131
0.14887
0.327309
0.540457
0.568597
0.828001
0.806546
0.661183
0.54281
0.0773855
0.150704
0.0595644
0.749744
0.668328
0.608601
0.137735
0.454353
0.748212
0.901239
0.139811
0.319375
0.0054039
0.350712
0.644564
0.722986
0.178764
0.73723
0.288599
0.301242
0.555233
0.840515
0.61961
0.194615
0.644372
0.566168
0.869208
0.125332
0.714463
0.320726
0.879592
0.563448
0.162589
0.546969
0.712804
0.254926
0.394123
0.823364
0.441707
0.0286825
0.909519
0.021928
0.125547
0.659344
0.32372
0.154446
0.398653
0.570185
0.042808
0.758914
0.868486
0.0915649
0.0415829
0.121159
0.57995
0.963441
0.654037
0.0191462
0.139117
0.749018
0.31664
0.84201
0.214954
0.116992
0.883765
0.288119
0.597138
0.702492
0.338584
0.896501
0.857878
0.965917
0.605543
0.517038
0.0531361
0.472257
0.66772
0.674365
0.442559
0.992843
0.520752
0.419384
0.577554
0.312131
0.652546
0.575427
0.504619
0.473353
0.00417508
0.751974
0.488533
0.13135
0.802447
0.689668
0.34112
0.755527
0.600749
0.582184
0.940837
0.540773
0.444655
0.253095
0.172695
0.283779
0.696993
0.302742
0.664262
0.254048
0.898937
0.528499
0.230594
0.66501
0.576174
0.60276
0.78861
0.00605727
0.370271
0.801264
0.110985
0.850512
0.814277
0.738464
0.643472
0.270053
0.789058
0.908829
0.721274
0.469936
0.784443
0.269326
0.934726
0.361577
0.920225
0.138486
0.688148
0.504026
0.910548
0.935076
0.775851
0.011359
0.216859
0.431673
0.204435
0.820723
0.246156
0.546328
0.690812
0.171065
0.110825
0.623951
0.961825
0.624623
0.953131
0.64634
0.906442
0.684883
0.712102
0.928371
0.0489134
0.582671
0.314731
0.273677
0.0159413
0.516582
0.230377
0.0359409
0.488925
0.289353
0.0410582
0.4153
0.421251
0.465826
0.83673
0.0604357
0.448939
0.82255
0.810285
0.686916
0.850761
0.739155
0.150041
0.0957983
0.0723198
0.416611
0.237129
0.412129
0.699967
0.360195
0.0620582
0.38289
0.368512
0.74207
0.77058
0.594244
0.956371
0.210295
0.206827
0.998379
0.639246
0.931854
0.395949
0.284317
0.0460882
0.484929
0.0345308
0.582057
0.52766
0.331698
0.45185
0.546332
0.0782876
0.532843
0.166546
0.909903
0.946735
0.977872
0.370751
0.60511
0.664789
0.41407
0.487827
0.0987154
0.875876
0.0182453
0.71232
0.834882
0.755781
0.0695685
0.27454
0.894157
0.309389
0.693053
0.481804
0.00616217
0.758819
0.7394
0.559151
0.847575
0.498044
0.0796721
0.411223
0.655859
0.596922
0.197965
0.901976
0.227971
0.0447936
0.581078
0.629248
0.58033
0.312764
0.494006
0.7675
0.244
0.398186
0.100533
0.956131
0.273323
0.33963
0.189683
0.79555
0.566924
0.831909
0.995487
0.933133
0.640542
0.635968
0.587192
0.411743
0.248919
0.106314
0.241516
0.631426
0.519824
0.519052
0.113033
0.438383
0.922197
0.677728
0.762547
0.283507
0.420686
0.23444
0.899175
0.646304
0.642867
0.553727
0.596503
0.840695
0.469267
0.061572
0.656992
0.529951
0.909532
0.68753
0.465866
0.683337
0.804449
0.0820485
0.184019
0.992273
0.240084
0.162044
0.410595
0.895891
0.618215
0.625771
0.275167
0.0928273
0.231211
0.33403
0.416182
0.767104
0.668058
0.861325
0.429231
0.54175
0.25362
0.591301
0.432534
0.486052
0.411539
0.0106465
0.548128
0.214087
0.852015
0.420743
0.82978
0.377853
0.922831
0.244178
0.820452
0.613249
0.522375
0.092416
0.174959
0.458401
0.448374
0.451409
0.162578
0.929156
0.830085
0.43488
0.238957
0.585543
0.843517
0.782845
0.959697
0.115951
0.811016
0.909334
0.355948
0.0446351
0.204308
0.123156
0.40577
0.255927
0.263626
0.485074
0.657981
0.0294845
0.768323
0.481377
0.485573
0.380643
0.893709
0.676173
0.295254
0.165221
0.605743
0.672756
0.573623
0.886971
0.314401
0.519266
0.527985
0.967687
0.75659
0.617985
0.743902
0.71514
0.6326
0.254669
0.538711
0.944497
0.292367
0.0992309
0.190976
0.547622
0.768937
0.0180499
0.964221
0.915932
0.290048
0.888552
0.657206
0.442002
0.761985
0.95725
0.484206
0.0694182
0.903677
0.802971
0.442411
0.527784
0.098388
0.858794
0.32913
0.259373
0.603585
0.441621
0.441482
0.676372
0.589106
0.601039
0.282693
0.124723
0.225479
0.124082
0.71208
0.395253
0.478003
0.545852
0.654649
0.719493
0.731472
0.875177
0.318696
0.601736
0.32251
0.338099
0.787658
0.53737
0.532321
0.190177
0.630986
0.39836
0.727111
0.502179
0.937198
0.059212
0.85498
0.765535
0.873451
0.501413
0.238913
0.707241
0.826491
0.263028
0.961777
0.393939
0.530143
0.565774
0.63059
0.617652
0.828785
0.908968
0.0373261
0.798646
0.202255
0.303609
0.399493
0.852698
0.567185
0.847453
0.25654
0.320744
0.698059
0.0112441
0.602733
0.74943
0.747675
0.0965849
0.931882
0.0741258
0.503826
0.897816
0.126572
0.354985
0.253818
0.995547
0.710238
0.446681
0.340977
0.451127
0.154463
0.369638
0.932038
0.363736
0.549593
0.652333
0.258878
0.980404
0.951598
0.619249
0.0842489
0.280929
0.652929
0.427262
0.644312
0.44248
0.124832
0.0557166
0.460041
0.851817
0.671536
0.914797
0.647819
0.687185
0.245389
0.266436
0.50345
0.128811
0.312209
0.297148
0.833723
0.349559
0.137735
0.0187261
0.759799
0.240036
0.992551
0.808318
0.354808
0.770784
0.241559
0.472565
0.685939
0.705012
0.385864
0.401198
0.634256
0.546516
0.244785
0.36493
0.632638
0.918545
0.581903
0.54304
0.40659
0.580626
0.664073
0.701446
0.480734
0.843905
0.162006
0.377147
0.0259968
0.864119
0.215282
0.285966
0.313094
0.0794156
0.746883
0.81482
0.194575
0.603336
0.669864
0.776138
0.59226
0.648123
0.522635
0.0102443
0.694664
0.788298
0.434212
0.872923
0.589103
0.10827
0.885306
0.122202
0.328564
0.821389
0.31745
0.734466
0.270669
0.892825
0.666563
0.280139
0.0755961
0.418341
0.869219
0.749625
0.505797
0.159389
0.412847
0.248305
0.470593
0.647802
0.272493
0.413906
0.284985
0.867339
0.887628
0.42035
0.389551
0.692543
0.0674833
0.220447
0.676365
0.297099
0.351126
0.477942
0.797308
0.694691
0.961229
0.211154
0.452535
0.787007
0.244155
0.310616
0.568768
0.889122
0.64344
0.127967
0.723405
0.0862635
0.662513
0.620283
0.239318
0.133504
0.882721
0.961694
0.498078
0.408017
0.455578
0.022444
0.471728
0.910217
0.21829
0.115768
0.874202
0.0146726
0.917568
0.407371
0.145971
0.904735
0.290845
0.384666
0.516097
0.978062
0.862179
0.83817
0.285041
0.356781
0.272217
0.491711
0.233381
0.630165
0.381058
0.338802
0.523971
0.534948
0.956989
0.0383568
0.80967
0.155619
0.783877
0.563841
0.510915
0.90218
0.870275
0.386975
0.756361
0.775279
0.102494
0.542888
0.498293
0.818904
0.224352
0.231631
0.379364
0.0306784
0.113993
0.456239
0.438621
0.972307
0.722862
0.406191
0.447053
0.802247
0.0971227
0.724613
0.143822
0.124621
0.0648295
0.836593
0.835601
0.879715
0.483951
0.584342
0.498416
0.240033
0.541729
0.463976
0.803242
0.15116
0.203307
0.770691
0.336162
0.57916
0.349384
0.447822
0.00791083
0.787731
0.834827
0.945556
0.396344
0.941796
0.152459
0.00318283
0.0330806
0.174088
0.702236
0.0820397
0.770039
0.892974
0.0428611
0.833462
0.0245296
0.770178
0.7317
0.157014
0.428356
0.524148
0.324349
0.290175
0.0661448
0.588
0.285905
0.203989
0.793752
0.0806114
0.53418
0.123509
0.135768
0.527563
0.256746
0.042266
0.872198
0.628073
0.778646
0.98244
0.882479
0.439273
0.459297
0.824524
0.208096
0.835593
0.81284
0.68058
0.0545961
0.465565
0.816991
0.933662
0.855482
0.918883
0.336054
0.663851
0.183075
0.962606
0.962701
0.710892
0.678205
0.817283
0.70267
0.0984994
0.0878698
0.113462
0.702686
0.0107492
0.598404
0.769506
0.66447
0.5429
0.925212
0.217169
0.300122
0.654864
0.906744
0.607554
0.863778
0.274002
0.831654
0.573687
0.732223
0.49499
0.429524
0.304988
0.587871
0.00920379
0.746115
0.882771
0.959693
0.99699
0.216891
0.595066
0.773617
0.996867
0.704062
0.135326
0.819543
0.0211192
0.473059
0.816003
0.4173
0.243592
0.79834
0.0988845
0.412054
0.800136
0.693549
0.544971
0.398121
0.00380038
0.089062
0.684364
0.799955
0.00544495
0.406124
0.0491992
0.26488
0.577108
0.0203578
0.729328
0.472611
0.242627
0.531222
0.111856
0.763836
0.941371
0.36468
0.0435076
0.350331
0.331414
0.184346
0.382194
0.801802
0.794218
0.365738
0.935414
0.113633
0.301311
0.736989
0.0537297
0.141994
0.18332
0.58904
0.874369
0.339586
0.172751
0.13432
0.391015
0.421218
0.0755412
0.0144033
0.440391
0.312113
0.294849
0.837027
0.404881
0.0554608
0.947554
0.117682
0.274858
0.4454
0.274475
0.311298
0.817813
0.266979
0.775432
0.0893687
0.367973
0.01933
0.357549
0.735107
0.365405
0.819499
0.658129
0.925586
0.70456
0.373111
0.51213
0.520599
0.446665
0.089153
0.729702
0.902414
0.0377846
0.838057
0.414052
0.3715
0.165217
0.827281
0.997543
0.907351
0.370946
0.512717
0.0495083
0.901133
0.895253
0.387269
0.288807
0.252126
0.600523
0.493344
0.725188
0.330744
0.660371
0.291088
0.594652
0.928956
0.709198
0.36993
0.915212
0.469509
0.830266
0.802212
0.77182
0.797739
0.895657
0.682824
0.575311
0.0466964
0.919486
0.650141
0.793518
0.904551
0.0884771
0.607208
0.31834
0.523146
0.614313
0.217715
0.53648
0.0322321
0.414475
0.392462
0.17142
0.753315
0.558097
0.355988
0.448496
0.671706
0.377453
0.0307213
0.523631
0.300832
0.892164
0.532381
0.36065
0.878093
0.751286
0.263709
0.324398
0.829602
0.0787471
0.246399
0.190887
0.938557
0.501887
0.359165
0.606357
0.799167
0.124141
0.563182
0.330491
0.429207
0.425595
0.0979761
0.982651
0.687158
0.974627
0.218694
0.112456
0.0762966
0.627101
0.110382
0.907305
0.143326
0.574462
0.0413557
0.930653
0.862305
0.458066
0.084376
0.188489
0.848763
0.854574
0.413451
0.311134
0.0304339
0.0981332
0.441713
0.508131
0.410581
0.762352
0.161654
0.531815
0.0413927
0.583078
0.836673
0.527548
0.366447
0.347253
0.619525
0.244217
0.124264
0.7704
0.280024
0.547415
0.305021
0.883738
0.645868
0.970867
0.838626
0.480691
0.825369
0.641556
0.227472
0.042318
0.111318
0.334365
0.0279931
0.86367
0.577342
0.697735
0.581906
0.211338
0.78158
0.419067
0.69504
0.910831
0.290875
0.874781
0.896662
0.226375
0.629238
0.773736
0.666946
0.972165
0.0280383
0.624054
0.620087
0.980952
0.397064
0.233462
0.444598
0.132516
0.223693
0.624446
0.643528
0.67156
0.714287
0.971534
0.342298
0.363609
0.0834998
0.743749
0.0409411
0.771773
0.233289
0.986909
0.924967
0.490922
0.497555
0.465443
0.802622
0.23454
0.107708
0.590318
0.837774
0.20002
0.600219
0.108582
0.772252
0.888535
0.67395
0.371988
0.398489
0.555112
0.741453
0.619651
0.615548
0.523749
0.426632
0.61636
0.78574
0.813072
0.957249
0.728943
0.45547
0.753293
0.294469
0.174136
0.306765
0.689236
0.0365014
0.840165
0.803085
0.39268
0.826671
0.409374
0.0661334
0.666841
0.97895
0.160653
0.594798
0.814671
0.190902
0.00930383
0.382288
0.44001
0.0235575
0.280764
0.515844
0.517031
0.862377
0.176932
0.511673
0.140727
0.498982
0.674662
0.346532
0.982371
0.549698
0.021452
0.640583
0.623303
0.507557
0.420912
0.811905
0.813532
0.256526
0.818869
0.692775
0.765392
0.901455
0.829941
0.347104
0.0947649
0.41923
0.235199
0.276263
0.492622
0.144481
0.61662
0.309869
0.95826
0.789138
0.587001
0.0556167
0.0445101
0.475205
0.769885
0.478252
0.427381
0.144053
0.758933
0.986464
0.872324
0.296911
0.347472
0.165758
0.762245
0.0172034
0.505457
0.186797
0.49514
0.917107
0.0625444
0.967764
0.750094
0.422817
0.5337
0.74508
0.638363
0.644094
0.73013
0.0222155
0.662201
0.036018
0.996955
0.478011
0.0395458
0.82038
0.404982
0.724235
0.940841
0.450771
0.82318
0.551244
0.429379
0.632464
0.368631
0.0784223
0.0841724
0.993094
0.660306
0.964191
0.381264
0.483808
0.0120871
0.30426
0.663654
0.107808
0.140066
0.175488
0.970951
0.352554
0.111794
0.929186
0.937921
0.565568
0.644492
0.608546
0.49824
0.87783
0.0101487
0.410524
0.118854
0.652972
0.804154
0.427022
0.895821
0.928242
0.788033
0.321628
0.999861
0.112041
0.564605
0.807941
0.885845
0.103421
0.655498
0.3192
0.373186
0.886373
0.827467
0.965567
0.442899
0.00425585
0.487911
0.477916
0.442362
0.709809
0.404969
0.392044
0.682572
0.17971
0.69854
0.135118
0.277731
0.239452
0.321705
0.181183
0.917867
0.417887
0.464729
0.132467
0.267218
0.788392
0.354764
0.889694
0.311251
0.496272
0.713484
0.273118
0.481395
0.754521
0.123359
0.16553
0.298193
0.640847
0.22347
0.932071
0.90111
0.570321
0.0214452
0.33591
0.768566
0.766032
0.714081
0.0640515
0.547798
0.414531
0.831782
0.297988
0.865364
0.0771978
0.868416
0.347365
0.710867
0.0301175
0.967298
0.392992
0.195706
0.814712
0.875688
0.883838
0.683356
0.783987
0.955538
0.470097
0.247157
0.803306
0.279732
0.744095
0.696341
0.582388
0.0144097
0.059144
0.862956
0.0427658
0.683969
0.704043
0.0843988
0.421969
0.362339
0.471726
0.752753
0.835743
0.189359
0.762612
0.118699
0.209991
0.263401
0.73806
0.201042
0.89574
0.330537
0.462398
0.411103
0.0281742
0.727885
0.562431
0.383509
0.513084
0.726496
0.654027
0.321964
0.243206
0.271201
0.942911
0.0120375
0.178988
0.675867
0.151699
0.39608
0.782939
0.178918
0.75143
0.402211
0.0775306
0.503007
0.721469
0.505597
0.500829
0.333205
0.408165
0.49265
0.552691
0.599773
0.0255373
0.095412
0.842162
0.825799
0.809628
0.843597
0.0423045
0.809056
0.514884
0.705947
0.00416162
0.315107
0.882683
0.2027
0.0431041
0.0597781
0.81928
0.789963
0.44807
0.379928
0.537149
0.84899
0.430742
0.989285
0.927817
0.744367
0.974796
0.979729
0.37753
0.611602
0.905986
0.677676
0.38475
0.0447662
0.616775
0.551314
0.309779
0.207831
0.473031
0.569843
0.844596
0.39983
0.327165
0.254161
0.141931
0.355658
0.678129
0.174611
0.63704
0.934307
0.863542
0.421608
0.427795
0.988938
0.846528
0.206587
0.486385
0.563836
0.366771
0.382514
0.140816
0.83898
0.752944
0.474972
0.211895
0.941512
0.926719
0.487911
0.290588
0.644297
0.0455917
0.0247581
0.104512
0.63543
0.905046
0.409616
0.307392
0.310858
0.316029
0.799432
0.732111
0.538256
0.951257
0.572676
0.920537
0.468205
0.966869
0.42045
0.169536
0.914153
0.501775
0.940943
0.344167
0.0523732
0.976656
0.567429
0.0813699
0.9552
0.0927699
0.295006
0.859558
0.794562
0.295974
0.894187
0.704468
0.248724
0.0460167
0.624115
0.345889
0.805083
0.931127
0.429409
0.583967
0.148775
0.00305716
0.29867
0.961773
0.815145
0.781495
0.986912
0.910608
0.699271
0.386467
0.297257
0.0178075
0.074579
0.993921
0.249143
0.488853
0.473118
0.158036
0.93214
0.105734
0.401662
0.982272
0.888709
0.734411
0.470931
0.222195
0.249544
0.762719
0.441739
0.332575
0.356431
0.65644
0.0647764
0.48902
0.575973
0.349647
0.814398
0.573872
0.790564
0.523832
0.876617
0.964694
0.539246
0.410219
0.51448
0.242247
0.890504
0.846601
0.448002
0.278276
0.312841
0.553014
0.680281
0.800207
0.549486
0.422592
0.586776
0.782186
0.814571
0.861603
0.652828
0.795878
0.554432
0.506302
0.368426
0.779806
0.135525
0.988151
0.123161
0.156242
0.737287
0.650794
0.923949
0.53711
0.58264
0.423862
0.100114
0.705913
0.600861
0.455311
0.362948
0.52628
0.388187
0.965014
0.429121
0.887701
0.643348
0.320323
0.459937
0.827737
0.37188
0.106193
0.653113
0.233494
0.369385
0.368408
0.0736445
0.783072
0.636226
0.992763
0.129648
0.393741
0.301675
0.933481
0.673402
0.844854
0.733178
0.652475
0.503932
0.481092
0.195864
0.452548
0.813501
0.110318
0.660046
0.501509
0.885448
0.118517
0.112557
0.213286
0.925691
0.254441
0.52508
0.583149
0.386468
0.904485
0.0140007
0.217404
0.391795
0.49395
0.768023
0.647675
0.0537411
0.0175642
0.129148
0.413869
0.512723
0.817292
0.42837
0.0199259
0.660239
0.380042
0.469498
0.737732
0.706933
0.00664105
0.124012
0.226422
0.321838
0.184964
0.579266
0.759417
0.0507321
0.956512
0.135319
0.566776
0.464412
0.663238
0.867096
0.305996
0.114553
0.459583
0.284685
0.214558
0.289817
0.7272
0.69275
0.160087
0.953687
0.983823
0.158945
0.0206289
0.574827
0.574348
0.770808
0.873687
0.078714
0.006059
0.642023
0.967385
0.385104
0.469662
0.404657
0.853344
0.260195
0.195623
0.707567
0.18522
0.0968409
0.747243
0.577667
0.179779
0.113971
0.157727
0.96627
0.59291
0.991777
0.581729
0.00463743
0.119139
0.567711
0.549741
0.569985
0.561527
0.626796
0.277242
0.8853
0.964754
0.526164
0.174566
0.744667
0.526861
0.177409
0.706368
0.302779
0.717391
0.331851
0.133801
0.456597
0.18823
0.014933
0.103942
0.973634
0.168635
0.959723
0.289415
0.511271
0.831952
0.90025
0.680183
0.382253
0.196186
0.288642
0.13617
0.741749
0.405632
0.362555
0.464974
0.221046
0.511469
0.259298
0.72804
0.863178
0.244822
0.0795736
0.429865
0.509058
0.719145
0.257496
0.530388
0.0526547
0.816483
0.386254
0.256626
0.775287
0.354688
0.653543
0.985682
0.358459
0.494096
0.411994
0.130962
0.269186
0.560397
0.0827462
0.184052
0.65018
0.217133
0.782021
0.637248
0.299463
0.241798
0.768851
0.320997
0.99112
0.913001
0.316565
0.214919
0.503509
0.915584
0.971533
0.603064
0.0468102
0.77247
0.722041
0.709411
0.113413
0.0168215
0.480852
0.928354
0.438405
0.869972
0.891479
0.310324
0.110723
0.177356
0.985877
0.0222017
0.80711
0.208059
0.116997
0.616723
0.550782
0.918938
0.111501
0.74941
0.77575
0.0406951
0.265173
0.70429
0.288626
0.323767
0.94673
0.0529333
0.975999
0.292943
0.776682
0.891266
0.852106
0.551761
0.979559
0.384902
0.854697
0.0450131
0.224658
0.409926
0.284085
0.568035
0.507832
0.599425
0.0801369
0.386514
0.101745
0.387575
0.414214
0.12568
0.812271
0.0675981
0.039085
0.472139
0.503879
0.425812
0.221963
0.918087
0.657176
0.253672
0.147751
0.322928
0.439374
0.639105
0.716275
0.871719
0.0260724
0.157349
0.494836
0.817612
0.614928
0.273439
0.0833515
0.79433
0.4039
0.880695
0.692202
0.406464
0.735735
0.97312
0.742787
0.0253335
0.384121
0.119162
0.728637
0.355437
0.604908
0.398532
0.403401
0.354091
0.908418
0.604738
0.10461
0.791298
0.617975
0.219943
0.22383
0.2786
0.0384748
0.445253
0.570832
0.468834
0.621276
0.522212
0.759071
0.671155
0.813594
0.907398
0.40085
0.0190978
0.538599
0.352504
0.512888
0.0992161
0.464727
0.481999
0.297851
0.463057
0.668468
0.527912
0.617107
0.418851
0.0347874
0.0486434
0.768233
0.987909
0.115043
0.892118
0.422562
0.814771
0.296903
0.622741
0.0894695
0.383692
0.438615
0.970011
0.612562
0.205104
0.766568
0.521633
0.857175
0.12574
0.297251
0.416449
0.838478
0.860702
0.57045
0.827367
0.516223
0.863894
0.59918
0.790097
0.828173
0.207913
0.963917
0.752293
0.263184
0.0423009
0.496059
0.00556706
0.431707
0.0903925
0.381108
0.929613
0.252282
0.523989
0.420303
0.326817
0.144899
0.259673
0.0557307
0.754581
0.144458
0.432333
0.305215
0.962068
0.290006
0.545836
0.467493
0.693022
0.709107
0.946884
0.124693
0.20524
0.233948
0.0287943
0.148438
0.952378
0.420416
0.503955
0.949839
0.641171
0.788198
0.587312
0.725201
0.0765021
0.785193
0.752717
0.842855
0.191677
0.260587
0.447044
0.477537
0.878936
0.496486
0.705478
0.0941282
0.726738
0.518
0.780508
0.160238
0.670409
0.42721
0.79619
0.556487
0.599891
0.870059
0.0310533
0.364875
0.964839
0.960432
0.0241191
0.141138
0.789161
0.597606
0.439521
0.289593
0.764105
0.197863
0.0100222
0.91284
0.334634
0.525923
0.246432
0.439472
0.125392
0.195567
0.630044
0.657432
0.461037
0.181354
0.22419
0.496777
0.00592066
0.545775
0.917951
0.292865
0.158454
0.771112
0.562916
0.379716
0.358389
0.356142
0.139197
0.0554324
0.0665867
0.489766
0.690174
0.350116
0.116466
0.972709
0.340734
0.0159627
0.267706
0.482046
0.348997
0.934722
0.0632001
0.650226
0.26833
0.166259
0.0407427
0.180298
0.190239
0.391635
0.616218
0.793446
0.318582
0.06413
0.763699
0.686087
0.254466
0.482683
0.292099
0.375404
0.155692
0.8359
0.973847
0.379093
0.0251705
0.404333
0.0283325
0.68362
0.773452
0.20834
0.104933
0.0126725
0.229311
0.884029
0.644787
0.652586
0.120797
0.177497
0.617898
0.194059
0.242759
0.665666
0.517611
0.710832
0.934654
0.91995
0.12634
0.348419
0.827401
0.88718
0.0170421
0.303254
0.136722
0.612579
0.690282
0.0295855
0.983298
0.195041
0.426565
0.0443577
0.0511982
0.949956
0.711489
0.766523
0.943401
0.844742
0.914429
0.815449
0.788363
0.334046
0.81093
0.523203
0.770023
0.503153
0.669506
0.0387473
0.414321
0.958912
0.703676
0.300766
0.631347
0.997931
0.542011
0.843821
0.990092
0.323719
0.408831
0.424512
0.642938
0.850953
0.445615
0.886647
0.213631
0.0803126
0.141848
0.634433
0.153335
0.0870457
0.381
0.189047
0.236253
0.557265
0.933843
0.236672
0.534464
0.526082
0.23191
0.536144
0.250315
0.800266
0.407291
0.274464
0.906735
0.54581
0.463285
0.701932
0.657928
0.52932
0.209747
0.940791
0.78534
0.144571
0.517063
0.0679496
0.0308247
0.0362606
0.367022
0.281149
0.378393
0.0373813
0.0547697
0.0574992
0.659421
0.731603
0.264464
0.623502
0.199227
0.485615
0.237002
0.227734
0.264509
0.797845
0.0998232
0.12367
0.774245
0.589854
0.958467
0.844402
0.407882
0.216856
0.473385
0.328057
0.534444
0.867251
0.373221
0.308926
0.288605
0.312024
0.290856
0.731821
0.472782
0.0890557
0.148275
0.914939
0.949529
0.881412
0.351754
0.949238
0.831276
0.570738
0.674765
0.0812912
0.444035
0.996191
0.880791
0.314194
0.950808
0.386463
0.944383
0.441015
0.225885
0.599189
0.832034
0.49241
0.473284
0.321449
0.964792
0.960591
0.925453
0.16141
0.0553885
0.0131727
0.329922
0.780036
0.441245
0.621341
0.763486
0.83996
0.362188
0.517022
0.381075
0.334108
0.992681
0.114652
0.128964
0.82885
0.16148
0.967015
0.19217
0.125793
0.399043
0.48519
0.310478
0.904667
0.660834
0.0848587
0.236939
0.930157
0.292602
0.701147
0.0209695
0.542202
0.635269
0.849365
0.813294
0.337933
0.309598
0.738031
0.193559
0.410625
0.465185
0.033382
0.138823
0.235084
0.00949096
0.932395
0.551559
0.558867
0.528903
0.456488
0.462025
0.535326
0.847658
0.0943346
0.668693
0.159413
0.107736
0.894443
0.582052
0.963526
0.153382
0.162513
0.635903
0.302751
0.721247
0.412546
0.913851
0.592171
0.41849
0.0428836
0.0390342
0.0202699
0.257613
0.278703
0.167255
0.799939
0.243008
0.692208
0.727074
0.461462
0.398805
0.563235
0.827702
0.350643
0.012734
0.489885
0.813504
0.961801
0.662539
0.0460559
0.932915
0.382678
0.799627
0.486538
0.503735
0.610739
0.892713
0.128083
0.133987
0.253346
0.079436
0.225206
0.679452
0.864817
0.227347
0.0823833
0.711003
0.399269
0.652006
0.500949
0.696133
0.748899
0.457751
0.18173
0.0824203
0.653368
0.628214
0.657039
0.562841
0.249115
0.264977
0.00293869
0.404109
0.800707
0.513501
0.8109
0.573837
0.624146
0.0793124
0.534496
0.0980748
0.559772
0.271486
0.760313
0.549397
0.547004
0.255896
0.602682
0.582526
0.642584
0.792163
0.240389
0.118657
0.237533
0.894259
0.582562
0.0941034
0.0763112
0.417692
0.684167
0.940158
0.0564041
0.951881
0.373876
0.299714
0.560859
0.0948194
0.684695
0.406181
0.404393
0.311613
0.198059
0.38956
0.29121
0.326468
0.963786
0.214853
0.206323
0.160092
0.911254
0.524591
0.390087
0.386064
0.822644
0.219365
0.757059
0.419007
0.229394
0.88076
0.875793
0.236681
0.781923
0.176571
0.267517
0.0433921
0.525073
0.0890758
0.931911
0.263085
0.413715
0.417619
0.0716778
0.760842
0.682108
0.614623
0.149796
0.278292
0.225419
0.0511217
0.14116
0.272832
0.882368
0.54933
0.381643
0.307279
0.875297
0.0848247
0.301934
0.0740928
0.150604
0.412424
0.871163
0.378956
0.982027
0.814562
0.358327
0.868246
0.996715
0.859138
0.42073
0.973588
0.33541
0.979719
0.202495
0.0676798
0.571023
0.692401
0.508141
0.876319
0.422858
0.5223
0.923105
0.0628991
0.386818
0.253849
0.482933
0.978488
0.856201
0.312081
0.924994
0.831369
0.865616
0.139656
0.251494
0.0469429
0.515755
0.913231
0.132145
0.0281147
0.724228
0.243337
0.202021
0.647573
0.0235348
0.368171
0.469349
0.96012
0.548902
0.371773
0.524631
0.262785
0.51492
0.0623269
0.00346541
0.793831
0.790518
0.112402
0.548795
0.183679
0.597976
0.00883562
0.373258
0.979828
0.865922
0.248613
0.24948
0.986187
0.872094
0.35513
0.447322
0.201011
0.064211
0.827057
0.665263
0.316463
0.422495
0.563748
0.522648
0.160392
0.532926
0.974704
0.625909
0.314298
0.314606
0.557584
0.811955
0.221858
0.757787
0.745133
0.903757
0.294405
0.282193
0.14519
0.465921
0.302054
0.650779
0.642673
0.682506
0.283873
0.535606
0.254639
0.937032
0.483759
0.62507
0.0296503
0.0788342
0.680146
0.911369
0.904836
0.11479
0.580941
0.861407
0.366158
0.356543
0.647389
0.441796
0.431066
0.34758
0.332906
0.359319
0.163375
0.439749
0.910106
0.843239
0.256959
0.214527
0.0397432
0.31761
0.650629
0.360915
0.331407
0.403963
0.467924
0.72125
0.273524
0.902327
0.463019
0.371322
0.0793298
0.297618
0.591519
0.466433
0.80948
0.536524
0.150569
0.595889
0.288129
0.455637
0.32811
0.2617
0.118653
0.484842
0.991509
0.331015
0.912485
0.801878
0.500538
0.685338
0.648276
0.707081
0.46144
0.363459
0.951071
0.885179
0.20444
0.110917
0.688406
0.718627
0.766758
0.0300217
0.381954
0.740494
0.0412349
0.874956
0.883094
0.521747
0.0948761
0.14213
0.00581031
0.166615
0.403685
0.433296
0.391658
0.560464
0.665394
0.366197
0.93396
0.528494
0.0593339
0.603889
0.34036
0.102871
0.285548
0.179938
0.686727
0.674525
0.740011
0.304284
0.527093
0.468426
0.919862
0.116621
0.783664
0.604122
0.0959888
0.565108
0.351414
0.0939504
0.778119
0.663516
0.310686
0.128311
0.211253
0.0364022
0.639547
0.570709
0.607354
0.897623
0.240167
0.936024
0.901768
0.701723
0.418733
0.486125
0.242756
0.721029
0.258595
0.211135
0.231465
0.075455
0.767585
0.167367
0.0289943
0.400076
0.522355
0.240279
0.0811282
0.781838
0.62885
0.250211
0.467601
0.0167786
0.115775
0.308858
0.193181
0.0997462
0.91826
0.385233
0.377725
0.407768
0.026532
0.602577
0.890825
0.805325
0.397925
0.344597
0.976672
0.195297
0.182084
0.814293
0.632829
0.455109
0.604968
0.30635
0.593319
0.606671
0.506767
0.700859
0.715684
0.125318
0.635885
0.169297
0.221607
0.932741
0.0627284
0.942066
0.772724
0.558563
0.784366
0.390237
0.802971
0.692912
0.128901
0.32374
0.245183
0.667236
0.915089
0.0364863
0.995705
0.853397
0.550696
0.499419
0.713094
0.403414
0.0282621
0.510278
0.245894
0.787266
0.85915
0.380017
0.874273
0.128157
0.72944
0.727837
0.21869
0.0691132
0.51176
0.558253
0.0475635
0.798604
0.266438
0.424564
0.0803596
0.66398
0.148237
0.0945763
0.351887
0.539353
0.429893
0.708947
0.74064
0.599466
0.982978
0.47373
0.175537
0.475127
0.936325
0.00150039
0.971629
0.801737
0.371995
0.586017
0.200559
0.0747914
0.92229
0.0711902
0.313521
0.430477
0.195635
0.194749
0.0849194
0.692328
0.875486
0.0204786
0.859197
0.764577
0.989378
0.521303
0.930602
0.488425
0.713464
0.771299
0.37876
0.469695
0.733554
0.311596
0.87861
0.476881
0.792821
0.867941
0.801803
0.920592
0.878815
0.042749
0.572283
0.0630747
0.391548
0.238987
0.819295
0.155452
0.537728
0.786098
0.818211
0.127286
0.65446
0.949141
0.298631
0.00619633
0.813852
0.662663
0.549419
0.453727
0.126415
0.922922
0.324539
0.978099
0.968202
0.80958
0.158384
0.116662
0.820252
0.135912
0.985148
0.54379
0.539001
0.320948
0.417852
0.308047
0.276215
0.845372
0.516702
0.671057
0.634137
0.733942
0.545291
0.0266869
0.266813
0.0707641
0.102012
0.620634
0.406765
0.300983
0.492222
0.0469283
0.685912
0.73583
0.486895
0.329464
0.203009
0.52117
0.252564
0.645466
0.73305
0.647614
0.63549
0.0367352
0.0367353
0.199093
0.884489
0.687893
0.763786
0.813926
0.889468
0.214257
0.899864
0.656592
0.0282338
0.862157
0.12412
0.489463
0.527819
0.329574
0.957743
0.642917
0.977628
0.0941443
0.921821
0.791947
0.243008
0.499487
0.907578
0.971192
0.82606
0.491158
0.00973344
0.743333
0.855957
0.683463
0.693964
0.953995
0.85795
0.532094
0.465923
0.167277
0.586445
0.720689
0.379056
0.318292
0.194696
0.65868
0.552771
0.0127833
0.377148
0.231371
0.255941
0.449878
0.729475
0.920178
0.521907
0.375057
0.138695
0.182105
0.272301
0.549918
0.598129
0.884502
0.704124
0.748308
0.33975
0.757014
0.497442
0.581075
0.833798
0.651758
0.0831868
0.8714
0.110277
0.080591
0.719308
0.738162
0.44083
0.491733
0.999717
0.915928
0.957761
0.305019
0.299109
0.598157
0.898886
0.374946
0.766103
0.717449
0.315353
0.604006
0.139694
0.086852
0.0710634
0.477389
0.795631
0.264304
0.447472
0.706996
0.0398251
0.944323
0.640245
0.612141
0.358836
0.734607
0.732614
0.761904
0.810032
0.478838
0.535765
0.4766
0.277284
0.010662
0.0246995
0.531303
0.31673
0.0687342
0.337887
0.6021
0.749831
0.801247
0.663462
0.206333
0.0997978
0.104215
0.360463
0.953251
0.078591
0.265862
0.761021
0.464334
0.374843
0.855953
0.012551
0.247361
0.321683
0.361215
0.635908
0.800568
0.0848872
0.114791
0.127649
0.249883
0.847047
0.01891
0.69746
0.631143
0.20721
0.366768
0.224591
0.549822
0.396401
0.714431
0.702651
0.193572
0.749635
0.750108
0.127052
0.629656
0.590674
0.00123621
0.114051
0.863201
0.78652
0.085741
0.0189922
0.417292
0.818018
0.159914
0.281749
0.15801
0.488267
0.880339
0.851254
0.943193
0.142764
0.25104
0.353731
0.421122
0.389137
0.37078
0.039941
0.223823
0.258455
0.561537
0.188328
0.949629
0.116734
0.411366
0.610069
0.0531044
0.580354
0.698026
0.0989868
0.180146
0.472464
0.300049
0.338384
0.00664649
0.332592
0.406814
0.00578107
0.445808
0.105856
0.497346
0.0371447
0.649032
0.93238
0.588835
0.499696
0.786209
0.0666015
0.611527
0.896023
0.682513
0.108487
0.929055
0.444867
0.321095
0.246716
0.00609989
0.76221
0.585994
0.0134377
0.0734876
0.0506073
0.790404
0.141218
0.930539
0.389173
0.166253
0.0986631
0.363178
0.839174
0.0175507
0.459248
0.182604
0.0224072
0.378864
0.719089
0.77315
0.61689
0.269654
0.908579
0.980552
0.215932
0.774375
0.318421
0.905507
0.425364
0.767695
0.954943
0.955928
0.486149
0.98579
0.618658
0.649537
0.50619
0.941394
0.523674
0.972574
0.310087
0.79651
0.497104
0.447854
0.556655
0.427886
0.464624
0.834908
0.0629416
0.513367
0.181452
0.996261
0.985633
0.280091
0.142372
0.868436
0.765208
0.617512
0.0282496
0.656217
0.497955
0.379931
0.742224
0.837888
0.972602
0.976373
0.472332
0.872443
0.142216
0.643405
0.798549
0.713307
0.792351
0.273036
0.744576
0.464381
0.95111
0.258751
0.0554928
0.401817
0.847317
0.744882
0.652593
0.798896
0.485012
0.915808
0.0611219
0.732723
0.0348294
0.821391
0.103735
0.552764
0.958688
0.763906
0.874593
0.716044
0.139971
0.811573
0.122074
0.0371975
0.18764
0.67747
0.931925
0.389458
0.763463
0.414503
0.870762
0.882789
0.334739
0.312793
0.469496
0.426099
0.61219
0.512037
0.638442
0.271956
0.369432
0.406224
0.945375
0.0955465
0.975774
0.450771
0.883177
0.857127
0.270971
0.793337
0.627142
0.152779
0.175536
0.830901
0.249583
0.0165896
0.313724
0.720428
0.930847
0.774772
0.922534
0.69266
0.98466
0.176089
0.266782
0.173976
0.199276
0.771867
0.859282
0.926576
0.37505
0.562928
0.0217314
0.170533
0.398716
0.97093
0.0851354
0.731817
0.713241
0.960515
0.0315727
0.228761
0.69192
0.89977
0.178221
0.00745621
0.872482
0.794951
0.000425227
0.587169
0.010988
0.697178
0.127189
0.684539
0.829947
0.211442
0.507801
0.13538
0.607403
0.530406
0.673926
0.192357
0.424961
0.686975
0.682855
0.493558
0.0974641
0.721788
0.843811
0.500403
0.273844
0.176885
0.663186
0.203921
0.749892
0.268657
0.902918
0.488029
0.0852212
0.8066
0.37936
0.590076
0.678376
0.485619
0.632031
0.766857
0.629397
0.696028
0.200528
0.494181
0.205367
0.105677
0.645167
0.516548
0.312654
0.642726
0.158094
0.818769
0.954428
0.346603
0.505744
0.392606
0.692112
0.0911487
0.833559
0.579342
0.206964
0.181398
0.606369
0.125389
0.339054
0.0789649
0.553317
0.0156406
0.725182
0.346585
0.17867
0.0525932
0.218366
0.677587
0.277277
0.213819
0.596635
0.479518
0.387433
0.513011
0.199036
0.83274
0.499881
0.658511
0.696728
0.195798
0.238733
0.777382
0.445393
0.462063
0.601188
0.163097
0.0940652
0.900308
0.994619
0.0027547
0.26106
0.180404
0.392343
0.718282
0.13957
0.670321
0.937312
0.56977
0.467337
0.0996635
0.093911
0.953364
0.0837647
0.65653
0.663762
0.0978668
0.595008
0.788673
0.667161
0.1214
0.857676
0.117793
0.616801
0.431431
0.0533331
0.679812
0.287564
0.79876
0.1313
0.437791
0.272023
0.950465
0.012243
0.972704
0.806385
0.831341
0.929612
0.266732
0.299908
0.682405
0.993531
0.411525
0.290382
0.464051
0.939583
0.288647
0.110597
0.877256
0.114091
0.201117
0.161308
0.0569222
0.182722
0.0347485
0.464132
0.956251
0.559021
0.778277
0.075997
0.32054
0.956156
0.645753
0.291826
0.0548209
0.184685
0.168273
0.494494
0.595266
0.861264
0.53097
0.52487
0.753663
0.161578
0.232779
0.877825
0.353022
0.342429
0.479398
0.564141
0.0272772
0.264107
0.254136
0.638622
0.817208
0.449463
0.947999
0.0505633
0.937379
0.799185
0.00198853
0.336988
0.375613
0.515777
0.984709
0.808291
0.159129
0.237764
0.692013
0.170601
0.302988
0.110404
0.538706
0.23335
0.0511851
0.373248
0.0726651
0.552218
0.214241
0.975462
0.767857
0.988271
0.666124
0.277936
0.264492
0.49937
0.636005
0.701708
0.373173
0.638644
0.845821
0.463463
0.927772
0.680173
0.113634
0.6233
0.972571
0.830407
0.356924
0.473437
0.847892
0.265841
0.362481
0.828932
0.0711011
0.757077
0.894617
0.646253
0.104051
0.234606
0.126603
0.29002
0.292272
0.00402317
0.7184
0.983322
0.625544
0.453405
0.624826
0.897615
0.204998
0.382257
0.681662
0.942728
0.141076
0.732826
0.743438
0.678249
0.313133
0.0771408
0.477379
0.55058
0.290191
0.107453
0.476513
0.624935
0.56945
0.337759
0.0453143
0.482099
0.992098
0.837883
0.51923
0.433056
0.133394
0.0206303
0.271628
0.71175
0.055853
0.062339
0.386299
0.971883
0.0117977
0.576802
0.359877
0.966478
0.466994
0.644924
0.95693
0.551002
0.70423
0.534269
0.562913
0.538396
0.799444
0.574232
0.939576
0.956916
0.0195243
0.178046
0.33824
0.0230133
0.777631
0.260142
0.403956
0.838627
0.837485
0.968131
0.424938
0.246383
0.152462
0.258282
0.24469
0.312011
0.759672
0.26094
0.838314
0.0292885
0.755965
0.320777
0.220163
0.631309
0.325598
0.112757
0.338969
0.508883
0.86307
0.228551
0.0520161
0.442074
0.765595
0.344062
0.55605
0.497925
0.81518
0.604582
0.974992
0.483446
0.119015
0.631533
0.629959
0.809061
0.248867
0.83914
0.0936255
0.648617
0.966368
0.1699
0.987879
0.606329
0.224173
0.377217
0.931598
0.0408787
0.00641374
0.408715
0.675996
0.668365
0.0606821
0.924943
0.65134
0.0786656
0.25415
0.519488
0.545364
0.957514
0.765722
0.625982
0.575788
0.806505
0.743048
0.586548
0.523876
0.0863649
0.577677
0.940482
0.860994
0.35982
0.284836
0.0403559
0.204896
0.157941
0.348619
0.828353
0.447561
0.0100265
0.0725214
0.564904
0.0436106
0.028083
0.254095
0.895241
0.760716
0.38241
0.707288
0.611219
0.575227
0.298315
0.644104
0.403734
0.0330802
0.292748
0.587313
0.736881
0.254696
0.294738
0.737957
0.483959
0.59104
0.189685
0.516475
0.266851
0.765666
0.923273
0.316898
0.496886
0.974879
0.418386
0.873352
0.233809
0.956943
0.613855
0.582012
0.310289
0.354659
0.436971
0.725817
0.206574
0.937753
0.575896
0.921155
0.241444
0.358118
0.720813
0.883969
0.453084
0.298685
0.284674
0.467268
0.602298
0.143642
0.380733
0.0540658
0.9098
0.923203
0.502993
0.0316477
0.151988
0.330705
0.499679
0.988527
0.64228
0.415179
0.21479
0.259403
0.318208
0.241906
0.85849
0.822019
0.882076
0.790962
0.607086
0.680485
0.793085
0.815088
0.0748418
0.641047
0.312977
0.770005
0.683968
0.71838
0.0408488
0.510782
0.220505
0.754388
0.0550446
0.746162
0.231042
0.669696
0.373743
0.569536
0.710555
0.114147
0.757728
0.332284
0.671071
0.181569
0.55923
0.0654715
0.674194
0.882123
0.36379
0.243802
0.861274
0.829972
0.415726
0.356723
0.120341
0.24359
0.443626
0.222527
0.0800278
0.0406893
0.535698
0.7502
0.0021998
0.240528
0.524974
0.69996
0.335471
0.79589
0.144149
0.477415
0.763487
0.628775
0.555884
0.959915
0.700798
0.332896
0.157091
0.419904
0.115053
0.55845
0.539226
0.683356
0.640769
0.367934
0.748812
0.427095
0.644114
0.234471
0.464886
0.943843
0.241247
0.266307
0.168344
0.536235
0.399367
0.633877
0.941209
0.970073
0.888326
0.031612
0.164686
0.933315
0.823732
0.839101
0.390127
0.30252
0.265893
0.000293886
0.186985
0.0857163
0.322508
0.591252
0.320802
0.344243
0.550218
0.703996
0.520014
0.1316
0.35825
0.274908
0.0345046
0.741455
0.377443
0.500847
0.696935
0.327853
0.254663
0.715807
0.138846
0.52753
0.544603
0.277989
0.900443
0.137719
0.870351
0.905293
0.462368
0.524628
0.47707
0.791324
0.620087
0.381011
0.969262
0.0602413
0.360872
0.120198
0.255093
0.0346351
0.577638
0.774126
0.468183
0.284658
0.994792
0.221162
0.439358
0.418898
0.864067
0.153871
0.782673
0.519046
0.932268
0.936593
0.0702615
0.493783
0.35081
0.708387
0.221302
0.446045
0.395497
0.35032
0.037863
0.457015
0.744635
0.63029
0.794127
0.5658
0.618313
0.617848
0.529236
0.773418
0.149595
0.761414
0.904805
0.761907
0.12085
0.55762
0.457218
0.864177
0.681152
0.0153536
0.186792
0.348732
0.232513
0.904618
0.659304
0.0279726
0.546728
0.643302
0.222582
0.8233
0.907399
0.454897
0.227723
0.519362
0.0635677
0.750457
0.0509422
0.339883
0.776681
0.452668
0.59147
0.0359273
0.328938
0.8746
0.220643
0.282835
0.470362
0.75711
0.91836
0.754383
0.689338
0.905211
0.690168
0.233158
0.516204
0.574112
0.0399135
0.50702
0.774512
0.150811
0.101436
0.10667
0.586522
0.848726
0.424169
0.703522
0.668739
0.953998
0.871545
0.286605
0.513921
0.787131
0.731266
0.17937
0.78596
0.907951
0.150107
0.180885
0.334952
0.412471
0.183918
0.290724
0.196998
0.444977
0.980715
0.804206
0.646054
0.556971
0.369659
0.276829
0.526222
0.346957
0.983636
0.717536
0.769019
0.253279
0.164011
0.174686
0.0916816
0.56936
0.542813
0.952519
0.623646
0.111039
0.22348
0.39688
0.70685
0.674784
0.833788
0.405704
0.7931
0.950238
0.944571
0.472141
0.493783
0.138774
0.0701751
0.607464
0.0429133
0.71091
0.91976
0.399385
0.176608
0.819983
0.0748126
0.752847
0.517442
0.469357
0.743628
0.579648
0.630941
0.978509
0.697765
0.426576
0.987978
0.26405
0.53215
0.366503
0.95892
0.380574
0.706831
0.561783
0.86462
0.369958
0.715359
0.914217
0.0412312
0.244474
0.567258
0.842034
0.209397
0.65808
0.548411
0.204087
0.386612
0.0620427
0.00585314
0.988591
0.701006
0.737506
0.358312
0.893055
0.155967
0.671678
0.420722
0.169779
0.401945
0.700382
0.803353
0.954872
0.482383
0.36325
0.0513563
0.126775
0.266708
0.475698
0.369552
0.972773
0.639946
0.262033
0.36483
0.53003
0.605067
0.0458673
0.963176
0.393767
0.233435
0.768086
0.342363
0.562966
0.17741
0.0906121
0.780672
0.0683465
0.387576
0.419306
0.266537
0.77452
0.249453
0.995714
0.647127
0.975568
0.908709
0.200675
0.212958
0.849511
0.771541
0.599737
0.711593
0.172151
0.573332
0.0390257
0.741175
0.115753
0.873173
0.549888
0.772438
0.705393
0.0671635
0.00193493
0.258187
0.339233
0.0762275
0.698693
0.578107
0.493384
0.654963
0.561158
0.193881
0.653605
0.0308024
0.596267
0.208456
0.00216955
0.405526
0.185321
0.481257
0.327692
0.165449
0.818451
0.089092
0.938186
0.727897
0.493363
0.875314
0.494568
0.41897
0.619165
0.325918
0.125464
0.0939635
0.229549
0.372998
0.948255
0.183852
0.205872
0.869332
0.250766
0.129286
0.412641
0.412594
0.658969
0.741788
0.810081
0.527313
0.235991
0.7481
0.166125
0.634512
0.765279
0.809641
0.660375
0.0438917
0.635863
0.690112
0.953194
0.776386
0.471456
0.339578
0.963491
0.344248
0.66009
0.685831
0.219478
0.753941
0.510732
0.430007
0.0595391
0.619972
0.182828
0.533812
0.788296
0.145099
0.630078
0.104344
0.0404694
0.187775
0.428504
0.617361
0.757532
0.148307
0.909562
0.802502
0.306466
0.00219057
0.911667
0.819841
0.114001
0.627093
0.649262
0.705423
0.782987
0.337612
0.659758
0.416908
0.810498
0.0813472
0.0391125
0.475825
0.831703
0.477221
0.761335
0.330622
0.64249
0.301879
0.872012
0.64876
0.261668
0.256186
0.858453
0.124509
0.915732
0.0682889
0.167923
0.743443
0.282546
0.00373026
0.340611
0.300322
0.612877
0.541209
0.746624
0.193229
0.739838
0.813451
0.698793
0.826365
0.546441
0.978503
0.519198
0.403479
0.532529
0.143555
0.761855
0.383879
0.827284
0.0710165
0.563248
0.647459
0.736669
0.508401
0.363651
0.562167
0.882077
0.54697
0.904281
0.0983226
0.643928
0.470045
0.377963
0.164727
0.219995
0.735146
0.345595
0.0705786
0.672226
0.273229
0.0094942
0.907835
0.178207
0.505491
0.671435
0.507382
0.916062
0.289519
0.742832
0.09966
0.967501
0.42179
0.0931173
0.900337
0.977245
0.946072
0.427469
0.382107
0.493691
0.0445972
0.915233
0.166425
0.652241
0.011773
0.615651
0.299263
0.64726
0.113592
0.068951
0.532029
0.0504395
0.998256
0.470971
0.325424
0.0329672
0.81708
0.391896
0.186949
0.77814
0.00556537
0.329327
0.0423518
0.452966
0.522342
0.328961
0.371662
0.946155
0.602014
0.320008
0.399534
0.861265
0.194082
0.0858672
0.649003
0.944434
0.275033
0.34336
0.422859
0.974156
0.269202
0.187181
0.386801
0.175184
0.624581
0.152659
0.356271
0.250553
0.984694
0.872944
0.940922
0.246496
0.792961
0.30147
0.0276055
0.547951
0.071404
0.812966
0.678541
0.501546
0.634625
0.293963
0.22393
0.414039
0.329988
0.225283
0.819383
0.19397
0.826857
0.414316
0.0433938
0.69077
0.896355
0.655175
0.0980211
0.118066
0.506945
0.412524
0.559682
0.88703
0.982429
0.403586
0.463253
0.0630415
0.0937556
0.487578
0.691856
0.617791
0.544084
0.88869
0.430946
0.0835323
0.711368
0.835171
0.916469
0.311972
0.681592
0.0817823
0.294632
0.264205
0.0796962
0.415757
0.390504
0.358014
0.618975
0.578589
0.173529
0.404277
0.871795
0.549959
0.172816
0.885468
0.837142
0.849516
0.840557
0.858347
0.359814
0.461974
0.538406
0.4727
0.351718
0.757278
0.423304
0.64297
0.681319
0.967848
0.873986
0.225105
0.229993
0.537758
0.408788
0.853961
0.254977
0.144094
0.324942
0.885028
0.232415
0.109904
0.90825
0.437454
0.759363
0.0133592
0.23294
0.913886
0.942597
0.812844
0.851119
0.4183
0.660907
0.0474899
0.460064
0.828766
0.915786
0.463358
0.677648
0.812418
0.536774
0.614515
0.93951
0.480097
0.229296
0.984265
0.187652
0.63528
0.385728
0.384751
0.224502
0.423772
0.359399
0.774172
0.478128
0.666737
0.754804
0.162397
0.426246
0.0703962
0.537676
0.47151
0.365469
0.942957
0.831869
0.622655
0.738357
0.88614
0.655882
0.810638
0.338331
0.319281
0.663924
0.0106066
0.739364
0.573967
0.391854
0.875281
0.925144
0.883368
0.358268
0.996707
0.846511
0.880805
0.52003
0.224446
0.385622
0.496008
0.508401
0.58497
0.663231
0.455527
0.348652
0.0983917
0.848522
0.297581
0.158814
0.233574
0.519299
0.0244082
0.891761
0.207171
0.418304
0.64115
0.382585
0.173772
0.246827
0.0550099
0.73757
0.461656
0.36122
0.598727
0.992954
0.301709
0.166876
0.0462541
0.615859
0.426899
0.256759
0.935317
0.0448284
0.968852
0.380632
0.61174
0.395524
0.260094
0.96327
0.255867
0.604419
0.510491
0.765718
0.615152
0.659432
0.440328
0.396956
0.903316
0.774996
0.427864
0.572349
0.770904
0.107263
0.704745
0.461352
0.121473
0.163993
0.778187
0.195695
0.339969
0.828023
0.275635
0.989763
0.994503
0.86148
0.528016
0.569935
0.830132
0.962417
0.695426
0.276049
0.735354
0.572267
0.389045
0.686153
0.951699
0.441326
0.381442
0.669512
0.0184875
0.803679
0.981607
0.980342
0.484009
0.340102
0.36973
0.797568
0.237841
0.958318
0.0598465
0.769438
0.174864
0.92943
0.637178
0.25523
0.818992
0.815861
0.983658
0.532439
0.32432
0.732038
0.873574
0.0633584
0.0250253
0.21025
0.636206
0.640312
0.296057
0.810524
0.620152
0.848002
0.0686828
0.71836
0.561968
0.132524
0.853847
0.115092
0.298634
0.531063
0.778884
0.873524
0.238955
0.31968
0.937446
0.0110248
0.82466
0.34788
0.56779
0.802037
0.0998992
0.360884
0.271523
0.0842052
0.231947
0.220252
0.00509509
0.253039
0.180905
0.521088
0.0430379
0.989038
0.0284235
0.913787
0.929316
0.751949
0.102198
0.55783
0.786772
0.456632
0.863017
0.99636
0.711349
0.0548678
0.474311
0.618404
0.585534
0.622106
0.501686
0.389859
0.0336615
0.216152
0.77418
0.147644
0.720823
0.558428
0.0937243
0.270282
0.358985
0.403617
0.249346
0.613144
0.00156946
0.320171
0.254266
0.221645
0.135468
0.105593
0.484572
0.348884
0.152833
0.904129
0.596359
0.887045
0.720748
0.571329
0.903902
0.499861
0.863165
0.324706
0.0158937
0.885617
0.0054955
0.211006
0.682342
0.919475
0.368618
0.480556
0.265083
0.477013
0.777488
0.253869
0.305014
0.928052
0.793193
0.654925
0.145131
0.355425
0.990348
0.222779
0.337813
0.085032
0.869811
0.34568
0.00613741
0.0430537
0.286614
0.730736
0.862253
0.558998
0.132682
0.662039
0.162198
0.628333
0.372857
0.739693
0.478392
0.298839
0.201259
0.753493
0.312113
0.0570958
0.155113
0.744238
0.793359
0.0160046
0.367751
0.652477
0.101004
0.835264
0.915938
0.352509
0.889205
0.981943
0.354461
0.515813
0.565582
0.839534
0.249945
0.433954
0.402461
0.826446
0.824018
0.541008
0.375721
0.957917
0.972729
0.388306
0.548965
0.891776
0.00488029
0.811967
0.517423
0.494901
0.778629
0.162445
0.691177
0.254082
0.636258
0.994721
0.357176
0.67636
0.0458281
0.401533
0.871389
0.267764
0.340924
0.157288
0.885127
0.177257
0.872835
0.568129
0.122912
0.420066
0.501161
0.0287731
0.354414
0.370566
0.17844
0.9977
0.322459
0.402346
0.742411
0.741363
0.51643
0.958722
0.507786
0.681269
0.860671
0.611083
0.220964
0.514867
0.19671
0.799311
0.0602405
0.0756457
0.483855
0.785846
0.0663413
0.846968
0.0635446
0.0746004
0.390294
0.439008
0.298692
0.173068
0.545809
0.563383
0.111365
0.479882
0.230781
0.0743231
0.132869
0.473636
0.797777
0.560628
0.613341
0.818531
0.948231
0.435391
0.208211
0.88892
0.322602
0.240104
0.0925895
0.292022
0.263236
0.310042
0.40911
0.824026
0.823647
0.485746
0.218766
0.86109
0.0542539
0.242307
0.317685
0.23868
0.458214
0.578475
0.456789
0.329561
0.311308
0.990101
0.638308
0.255321
0.0872907
0.669225
0.776818
0.265307
0.616602
0.137296
0.647766
0.440575
0.704823
0.348328
0.77956
0.523163
0.902112
0.988745
0.883545
0.170476
0.881551
0.452537
0.198395
0.972505
0.66976
0.57415
0.421355
0.671393
0.77521
0.542024
0.909717
0.0576306
0.357832
0.971396
0.794208
0.697796
0.0382278
0.458159
0.315329
0.0319221
