0.165036
0.616827
0.417375
0.181426
0.841035
0.609548
0.597021
0.408725
0.801964
0.867484
0.5073
0.475812
0.749557
0.477041
0.259827
0.223891
0.393445
0.543277
0.612393
0.71719
0.551908
0.18324
0.895701
0.308289
0.474861
0.689861
0.635405
0.42766
0.867475
0.154384
0.271701
0.23109
0.409212
0.745444
0.632578
0.586311
0.754503
0.62807
0.445767
0.602817
0.567661
0.666053
0.678335
0.506503
0.586066
0.0862581
0.371762
0.633415
0.522032
0.69363
0.894262
0.664568
0.305194
0.510797
0.161002
0.446425
0.733651
0.376322
0.376781
0.339305
0.543513
0.570825
0.734657
0.508638
0.222894
0.45034
0.757874
0.421634
0.587806
0.851435
0.601398
0.534602
0.703832
0.692776
0.13324
0.753799
0.678825
0.732977
0.494659
0.225357
0.168328
0.854728
0.592263
0.35748
0.626775
0.53036
0.103897
0.700772
0.403984
0.284135
0.584155
0.410201
0.22781
0.501753
0.134218
0.484866
0.430287
0.347673
0.35466
0.329401
0.465933
0.336035
0.428749
0.903475
0.837358
0.761111
0.687688
0.823548
0.484674
0.728382
0.888132
0.753652
0.511649
0.437476
0.186256
0.769667
0.312914
0.653369
0.421504
0.604172
0.232989
0.462423
0.327111
0.776661
0.32924
0.444948
0.663353
0.586511
0.127341
0.80618
0.52341
0.793798
0.449192
0.292694
0.690619
0.535681
0.459639
0.881431
0.429827
0.123737
0.519795
0.763682
0.474407
0.340295
0.2511
0.556527
0.724477
0.69947
0.405736
0.459371
0.300702
0.361233
0.705361
0.733396
0.60201
0.484558
0.251564
0.41688
0.394445
0.278285
0.927842
0.59952
0.212269
0.356034
0.404299
0.364017
0.481366
0.724154
0.422687
0.163366
0.278877
0.829336
0.480805
0.437446
0.521919
0.565181
0.351672
0.182631
0.632131
0.484674
0.564324
0.473362
0.351725
0.188175
0.53945
0.594691
0.390579
0.454171
0.514529
0.480055
0.462878
0.652725
0.709508
0.558619
0.52565
0.829181
0.375479
0.401728
0.660499
0.568361
0.435216
0.218151
0.543721
0.847143
0.36585
0.282951
0.8289
0.055947
0.290335
0.794977
0.519985
0.717352
0.435815
0.443131
0.041756
0.652673
0.683359
0.621723
0.718505
0.445025
0.374954
0.270359
0.250634
0.520033
0.860082
0.724011
0.532822
0.513022
0.455554
0.244017
0.286273
0.314148
0.0587409
0.560963
0.481498
0.280623
0.595698
0.795528
0.906979
0.577822
0.802128
0.533532
0.492959
0.458709
0.526493
0.116607
0.628521
0.513705
0.811036
0.870022
0.714028
0.52074
0.44783
0.5244
0.569885
0.997924
0.523425
0.498185
0.576508
0.408895
0.657041
0.492884
0.549282
0.693581
0.203667
0.513273
0.3562
0.394761
0.134835
0.959901
0.664773
0.623467
0.626257
0.851393
0.458727
0.453925
0.57288
0.519196
0.593882
0.561387
0.318369
0.77758
0.166539
0.513871
0.32741
0.606855
0.346589
0.601465
0.345613
0.29793
0.581477
0.434533
0.283243
0.291483
0.706055
0.264792
0.625386
0.605181
0.497263
0.580894
0.612557
0.277532
0.591478
0.502816
0.25219
0.667123
0.436303
0.346997
0.412831
0.231133
0.577431
0.456826
0.319279
0.0671963
0.58517
0.490753
0.208306
0.53781
0.804082
0.83292
0.721025
0.206671
0.363139
0.63891
0.299342
0.601462
0.512647
0.751821
0.92037
0.977767
0.358162
0.821564
0.444062
0.793969
0.440468
0.432926
0.665743
0.517099
0.36464
0.395587
0.356631
0.664818
0.310084
0.571959
0.64181
0.648817
0.257386
0.216345
0.506577
0.520107
0.646673
0.271598
0.538441
0.626823
0.436137
0.417086
0.703496
0.480311
0.658232
0.384461
0.522265
0.785433
0.0750037
0.155359
0.451546
0.126183
0.412885
0.627816
0.595184
0.207856
0.411221
0.185863
0.0580847
0.342166
0.547675
0.329395
0.324232
0.521881
0.807584
0.619074
0.48083
0.466685
0.743236
0.66369
0.427137
0.432127
0.322943
0.225047
0.39793
0.358704
0.198702
0.238102
0.697982
0.598241
0.525123
0.641755
0.4853
0.489917
0.341234
0.388312
0.257318
0.468429
0.780654
0.347342
0.385611
0.171946
0.504548
0.542263
0.111124
0.677666
0.755684
0.755676
0.35331
0.527925
0.310806
0.512119
0.502974
0.619996
0.36245
0.294554
0.560033
0.817843
0.490254
0.573573
0.543795
0.304267
0.385672
0.32596
0.544795
0.727028
0.372977
0.691892
0.603586
0.102697
0.523265
0.267738
0.793339
0.727129
0.787153
0.754055
0.449476
0.501627
0.575722
0.276044
0.430992
0.618995
0.59817
0.666377
0.614495
0.463861
0.518566
0.347981
0.513445
0.366802
0.122988
0.176987
0.481433
0.511935
0.69222
0.203762
0.399785
0.832829
0.654127
0.282528
0.566157
0.641727
0.343693
0.807798
0.692198
0.522228
0.82764
0.578467
0.484779
0.175746
0.254445
0.388068
0.726679
0.447191
0.569463
0.412378
0.089019
0.665513
0.688808
0.313163
0.0991592
0.71987
0.3545
0.699586
0.754171
0.452368
0.397339
0.186367
0.211395
0.483436
0.512839
0.260532
0.804022
0.496118
0.409481
0.516156
0.821015
0.790644
0.81745
0.539244
0.557118
0.580871
0.849902
0.822483
0.580092
0.539284
0.587761
0.562291
0.478732
0.507444
0.512895
0.53824
0.0466107
0.573896
0.543476
0.49758
0.422928
0.381725
0.929207
0.565246
0.653216
0.56311
0.643008
0.172395
0.449087
0.108345
0.659675
0.344166
0.117608
0.762008
0.64091
0.410027
0.697269
0.699061
0.550045
0.297707
0.778966
0.268861
0.598677
0.544392
0.306783
0.505198
0.681345
0.506495
0.344771
0.385629
0.583285
0.471997
0.36236
0.483552
0.750194
0.476978
0.532399
0.6916
0.28786
0.600636
0.352269
0.605103
0.613411
0.360754
0.589875
0.439528
0.308829
0.55419
0.122788
0.515931
0.731313
0.484691
0.680144
0.883669
0.313948
0.492905
0.813379
0.559706
0.244064
0.551206
0.613242
0.64907
0.835572
0.408524
0.75695
0.271121
0.415459
0.368093
0.910751
0.751487
0.423547
0.253646
0.329585
0.449648
0.178514
0.467258
0.686896
0.377327
0.392088
0.264692
0.234112
0.422997
0.017233
0.471756
0.330667
0.532961
0.395036
0.337845
0.701875
0.609637
0.418942
0.570483
0.47335
0.172805
0.0638536
0.317348
0.097106
0.489774
0.631545
0.459918
0.225826
0.915532
0.442739
0.555525
0.908253
0.594145
0.460088
0.112273
0.170017
0.457795
0.455237
0.603913
0.610643
0.620015
0.337011
0.729444
0.0888736
0.294838
0.636721
0.394863
0.88487
0.783736
0.400449
0.742116
0.41924
0.357358
0.36711
0.773005
0.175254
0.519268
0.31497
0.213418
0.412016
0.674012
0.338219
0.235934
0.572778
0.632009
0.0691149
0.506494
0.483954
0.168925
0.490087
0.243502
0.506853
0.517328
0.484126
0.575356
0.745489
0.703592
0.650688
0.455087
0.230302
0.553173
0.668224
0.238415
0.188968
0.472529
0.613382
0.754219
0.58193
0.27612
0.150821
0.794043
0.521654
0.362069
0.886478
0.419933
0.511051
0.450247
0.431042
0.337559
0.127878
0.88166
0.349302
0.304221
0.348366
0.638211
0.674924
0.638999
0.644721
0.277051
0.54913
0.37497
0.807539
0.883883
0.295672
0.441057
0.635595
0.434741
0.373358
0.483749
0.701873
0.615946
0.651351
0.536567
0.346097
0.687055
0.331306
0.717826
0.360442
0.381809
0.0943799
0.484894
0.526513
0.627237
0.179999
0.695786
0.728061
0.521211
0.10721
0.826627
0.805353
0.543924
0.628334
0.166131
0.633474
0.38891
0.258557
0.65593
0.598283
0.584381
0.853977
0.268232
0.210125
0.735812
0.714568
0.409936
0.536827
0.75587
0.0673876
0.315009
0.453892
0.357922
0.539295
0.234558
0.40123
0.374531
0.857334
0.456715
0.402163
0.622494
0.518846
0.786089
0.541839
0.571141
0.0522808
0.5852
0.41862
0.480755
0.743597
0.327974
0.273384
0.463146
0.332015
0.838025
0.568115
0.576571
0.682834
0.482111
0.726542
0.602312
0.823896
0.561806
0.566007
0.560442
0.486203
0.494083
0.14114
0.807397
0.418101
0.594167
0.286332
0.718188
0.24634
0.871669
0.585394
0.491202
0.536234
0.72366
0.8132
0.523713
0.457054
0.756025
0.58554
0.591387
0.58768
0.68705
0.519762
0.225209
0.401453
0.38491
0.15025
0.214416
0.348086
0.563321
0.659153
0.574192
0.204365
0.507322
0.174187
0.602015
0.494324
0.423789
0.951767
0.806725
0.283442
0.608929
0.705091
0.529514
0.530336
0.597693
0.653247
0.486221
0.433333
0.307661
0.558772
0.245449
0.33821
0.412639
0.587563
0.817191
0.77727
0.278853
0.766364
0.5618
0.588886
0.269274
0.629549
0.539309
0.820475
0.56929
0.838242
0.704234
0.24685
0.409557
0.621287
0.511186
0.83974
0.159557
0.328957
0.531741
0.403202
0.238021
0.20669
0.593203
0.343572
0.634046
0.687575
0.23502
0.171461
0.555377
0.568687
0.438801
0.837262
0.318005
0.877793
0.623009
0.380495
0.563851
0.553363
0.303588
0.127261
0.241007
0.252198
0.606917
0.298945
0.503624
0.665436
0.481647
0.399248
0.286208
0.665058
0.491146
0.125514
0.279753
0.419455
0.97841
0.804236
0.884769
0.308013
0.680472
0.479506
0.438943
0.531073
0.52949
0.28713
0.614821
0.753039
0.412858
0.125976
0.355544
0.432799
0.0748234
0.392077
0.564345
0.687062
0.127279
0.669885
0.486159
0.59857
0.797517
0.279004
0.317348
0.322602
0.575931
0.453613
0.552227
0.661553
0.836765
0.685711
0.422694
0.46881
0.790203
0.892224
0.509958
0.809521
0.784216
0.569898
0.204989
0.247287
0.509775
0.480847
0.166997
0.9422
0.573154
0.165491
0.77687
0.437051
0.684237
0.708551
0.805194
0.574955
0.869889
0.687664
0.612098
0.433028
0.656587
0.613092
0.668853
0.473179
0.57671
0.420901
0.538801
0.802447
0.637984
0.210897
0.677826
0.501782
0.0557883
0.424501
0.512274
0.923503
0.583147
0.536676
0.724848
0.674135
0.683406
0.0898874
0.526685
0.190683
0.575754
0.527025
0.416468
0.884854
0.843877
0.284094
0.525076
0.271102
0.333232
0.482394
0.616957
0.8108
0.472542
0.313816
0.667026
0.396254
0.440302
0.341802
0.654578
0.464659
0.757214
0.444385
0.313361
0.673526
0.920661
0.504677
0.549574
0.385494
0.60744
0.208054
0.587275
0.401872
0.256176
0.434179
0.623266
0.450631
0.500965
0.235964
0.371245
0.376008
0.462959
0.276401
0.347628
0.293254
0.816768
0.848171
0.599112
0.663503
0.333702
0.229808
0.294719
0.810096
0.764039
0.136093
0.202699
0.839159
0.455651
0.399301
0.545334
0.243586
0.516489
0.271778
0.572348
0.661024
0.613583
0.369274
0.916269
0.322835
0.661348
0.278343
0.390754
0.672442
0.687177
0.230031
0.865557
0.447842
0.572437
0.495976
0.699449
0.714505
0.652133
0.291963
0.435066
0.401274
0.316692
0.477866
0.557346
0.333267
0.294437
0.72183
0.589813
0.572225
0.703508
0.550442
0.650685
0.566125
0.747129
0.835547
0.313394
0.6763
0.586274
0.77229
0.213779
0.591712
0.458956
0.28183
0.318884
0.456418
0.525492
0.526132
0.619915
0.727699
0.70429
0.351096
0.734596
0.348702
0.422831
0.478233
0.501811
0.260869
0.743675
0.643973
0.124066
0.597832
0.235514
0.139614
0.760977
0.593842
0.744386
0.333813
0.699638
0.306235
0.380395
0.26345
0.325372
0.192821
0.570371
0.757567
0.589038
0.401489
0.437111
0.313023
0.514725
0.32075
0.0509595
0.569403
0.514289
0.506313
0.259681
0.234603
0.372899
0.540232
0.337696
0.691456
0.74236
0.195523
0.60593
0.269644
0.826672
0.470611
0.958689
0.296054
0.666925
0.624321
0.3941
0.54065
0.530302
0.283571
0.179845
0.553825
0.380588
0.512306
0.69605
0.645113
0.755271
0.921639
0.28236
0.382049
0.59697
0.967558
0.576387
0.491866
0.684554
0.523961
0.365849
0.42762
0.282022
0.635204
0.886931
0.614255
0.470817
0.543733
0.786478
0.51901
0.353944
0.654802
0.125869
0.694487
0.417901
0.54165
0.339492
0.3216
0.811078
0.410954
0.470987
0.533535
0.144969
0.639761
0.795491
0.430753
0.647155
0.561499
0.596347
0.700978
0.0927032
0.620102
0.399851
0.637011
0.413278
0.827667
0.381785
0.599141
0.230906
0.652469
0.444646
0.59778
0.285998
0.0305796
0.62461
0.175926
0.826901
0.635728
0.522464
0.649889
0.500876
0.358454
0.362868
0.520689
0.634099
0.637016
0.571471
0.497389
0.510895
0.348901
0.919565
0.0775592
0.8601
0.413225
0.321123
0.00897754
0.729099
0.570682
0.777201
0.210556
0.273718
0.499131
0.747876
0.359411
0.714845
0.489308
0.392005
0.854892
0.810288
0.346551
0.65029
0.249286
0.663019
0.500849
0.557247
0.488833
0.0346514
0.498901
0.452885
0.437574
0.555616
0.118329
0.92499
0.160489
0.32117
0.785524
0.348139
0.32126
0.835046
0.295089
0.295666
0.30391
0.110164
0.520177
0.385989
0.79649
0.458542
0.369486
0.284857
0.578865
0.600137
0.688037
0.120224
0.135579
0.69305
0.1153
0.476634
0.468678
0.235169
0.605609
0.921127
0.614266
0.509967
0.382239
0.172859
0.370497
0.846851
0.537911
0.563768
0.623587
0.439109
0.310896
0.347795
0.912364
0.810132
0.257306
0.201289
0.500744
0.241291
0.606551
0.417425
0.231473
0.572461
0.528364
0.832586
0.313338
0.758871
0.356185
0.932834
0.447982
0.415594
0.503119
0.373746
0.331357
0.803661
0.373076
0.307045
0.568757
0.80944
0.511107
0.442619
0.421271
0.441557
0.55337
0.184672
0.555421
0.717326
0.72855
0.465903
0.596627
0.533277
0.228976
0.563778
0.291085
0.712051
0.211068
0.218108
0.459512
0.390578
0.501182
0.279294
0.180143
0.262106
0.274289
0.401783
0.767265
0.407322
0.539361
0.457395
0.115483
0.547435
0.706737
0.878382
0.858798
0.524778
0.829129
0.550194
0.547521
0.664116
0.799368
0.659127
0.674919
0.890521
0.354356
0.0601328
0.389408
0.577324
0.676137
0.765275
0.607024
0.57031
0.197375
0.563448
0.492792
0.681972
0.409952
0.0671251
0.408529
0.172324
0.54179
0.642082
0.42852
0.330381
0.408423
0.211173
0.403423
0.243123
0.562241
0.333414
0.306637
0.186375
0.553741
0.24477
0.726317
0.294714
0.685511
0.207198
0.370075
0.765163
0.581101
0.047672
0.828361
0.322091
0.707338
0.179056
0.59639
0.518387
0.18001
0.679839
0.483401
0.670638
0.749326
0.669937
0.541941
0.323711
0.802879
0.754879
0.528764
0.612751
0.540313
0.720887
0.662865
0.73833
0.165264
0.448496
0.575029
0.493068
0.506571
0.172518
0.347244
0.875762
0.422132
0.251324
0.41917
0.801676
0.655233
0.518551
0.392817
0.765316
0.504526
0.0755222
0.395444
0.534677
0.235294
0.542806
0.664636
0.553591
0.601006
0.324503
0.898398
0.701471
0.660585
0.849012
0.167019
0.907398
0.268242
0.53517
0.312368
0.338155
0.679077
0.392821
0.764189
0.477471
0.655132
0.702044
0.581853
0.386391
0.272905
0.125384
0.78397
0.282343
0.324818
0.392642
0.65712
0.797135
0.273473
0.857881
0.238912
0.871764
0.65898
0.263501
0.549448
0.718587
0.176028
0.456375
0.399225
0.629037
0.328779
0.586199
0.730347
0.127754
0.138071
0.476356
0.451895
0.0716369
0.816827
0.392772
0.609157
0.764978
0.645972
0.346364
0.480354
0.509509
0.474554
0.349883
0.32339
0.230834
0.334189
0.710056
0.499081
0.920395
0.599353
0.471135
0.576186
0.604743
0.441434
0.536096
0.277517
0.901584
0.51588
0.276879
0.75527
0.444693
0.388188
0.105241
0.187653
0.557451
0.645866
0.510923
0.567774
0.527442
0.459922
0.484005
0.309677
0.182159
0.0508437
0.523488
0.425302
0.18857
0.580412
0.59426
0.530058
0.0969107
0.432143
0.429809
0.313618
0.621762
0.159509
0.488167
0.366427
0.501104
0.572536
0.653736
0.381328
0.496693
0.499755
0.937806
0.753648
0.696789
0.703909
0.465729
0.481926
0.754889
0.246206
0.948868
0.525445
0.545787
0.785336
0.124602
0.403587
0.442951
0.363848
0.807807
0.325951
0.518848
0.675926
0.232418
0.521085
0.442497
0.62697
0.771804
0.685579
0.696228
0.186823
0.911872
0.604193
0.456212
0.60488
0.510935
0.495561
0.579058
0.496723
0.915582
0.516966
0.609375
0.62833
0.911905
0.615552
0.570874
0.915308
0.776619
0.542255
0.526246
0.221032
0.352739
0.848659
0.488693
0.478935
0.609687
0.565849
0.240668
0.480637
0.557783
0.518288
0.963002
0.862994
0.172306
0.35461
0.300289
0.393548
0.642411
0.381156
0.586038
0.595279
0.295378
0.66297
0.923748
0.567949
0.456804
0.610876
0.66774
0.554762
0.29252
0.402186
0.070224
0.369423
0.838168
0.086462
0.958731
0.740148
0.457521
0.106697
0.780709
0.443527
0.380787
0.720146
0.699726
0.792575
0.25932
0.43199
0.650387
0.609716
0.833263
0.558878
0.856727
0.256838
0.343865
0.418329
0.291489
0.610966
0.23233
0.393876
0.40138
0.565518
0.452223
0.254723
0.646003
0.703496
0.382621
0.612616
0.495884
0.730386
0.364341
0.277523
0.507612
0.570947
0.791752
0.527622
0.441804
0.225454
0.477803
0.438009
0.112239
0.547402
0.670102
0.416443
0.752182
0.546052
0.630977
0.473343
0.656561
0.633617
0.604671
0.507178
0.206312
0.428308
0.279924
0.515268
0.603889
0.290838
0.516383
0.643947
0.746557
0.213405
0.138436
0.370932
0.13677
0.496588
0.510204
0.366653
0.57658
0.340979
0.390592
0.210196
0.615686
0.546785
0.727472
0.639435
0.320368
0.456054
0.0851888
0.393817
0.403247
0.588571
0.309784
0.462177
0.601421
0.61387
0.321439
0.676877
0.413224
0.868241
0.583841
0.0994461
0.901483
0.566989
0.335301
0.521828
0.743818
0.178621
0.576612
0.161237
0.558188
0.619051
0.59582
0.255527
0.754528
0.490292
0.97019
0.769899
0.260997
0.529554
0.520852
0.304652
0.445999
0.251023
0.605731
0.547625
0.4048
0.45404
0.42155
0.24385
0.502226
0.337795
0.64583
0.15886
0.660565
0.404046
0.28498
0.391008
0.354485
0.645788
0.504723
0.642028
0.122393
0.711215
0.504254
0.184025
0.626364
0.798699
0.155693
0.764935
0.390373
0.479931
0.665543
0.573442
0.819278
0.464785
0.425032
0.638227
0.448597
0.512848
0.501349
0.665325
0.597834
0.762983
0.381971
0.321288
0.19772
0.693699
0.619416
0.348758
0.534426
0.243495
0.433913
0.654932
0.501435
0.311759
0.616646
0.642346
0.672435
0.42722
0.736376
0.555288
0.606237
0.312327
0.687404
0.494064
0.767399
0.388384
0.527003
0.503236
0.793855
0.45761
0.335581
0.268875
0.565553
0.364771
0.493022
0.463774
0.625724
0.382383
0.299788
0.658447
0.479078
0.37991
0.781524
0.469696
0.638874
0.528802
0.301069
0.247376
0.51747
0.361599
0.761941
0.103948
0.852611
0.444741
0.722489
0.470274
0.334377
0.24115
0.1501
0.615042
0.44536
0.430022
0.329986
0.194101
0.249296
0.517709
0.103216
0.399899
0.461052
0.514935
0.64386
0.660117
0.603492
0.272052
0.395213
0.588504
0.90443
0.255392
0.570268
0.519827
0.309528
0.614211
0.781741
0.464739
0.0846373
0.829123
0.402105
0.1993
0.453766
0.549315
0.664267
0.457772
0.56648
0.417257
0.298646
0.326222
0.31123
0.246017
0.662608
0.438379
0.588729
0.35569
0.35332
0.954079
0.632187
0.191889
0.705294
0.554573
0.308833
0.540596
0.358998
0.317828
0.559843
0.220149
0.247118
0.340915
0.733429
0.572467
0.38016
0.855437
0.538507
0.892105
0.723273
0.83588
0.694015
0.123054
0.241327
0.729675
0.571616
0.719684
0.349417
0.941654
0.727166
0.509577
0.0411286
0.0845105
0.188987
0.712427
0.37708
0.260742
0.21866
0.460599
0.801371
0.770518
0.482667
0.233319
0.413754
0.643753
0.670908
0.557907
0.8605
0.273639
0.570769
0.647833
0.417062
0.682741
0.453034
0.338812
0.620823
0.581701
0.348659
0.25056
0.472371
0.884487
0.393007
0.543207
0.758858
0.723042
0.886868
0.45381
0.463231
0.758071
0.571185
0.489791
0.508198
0.211641
0.335113
0.722538
0.744009
0.551145
0.174654
0.565808
0.624261
0.633114
0.691794
0.739992
0.424093
0.369246
0.271723
0.314689
0.6403
0.105946
0.298342
0.788449
0.373049
0.41255
0.865974
0.605971
0.524039
0.352355
0.917799
0.329407
0.556093
0.56443
0.0892177
0.371868
0.344335
0.613143
0.757002
0.267621
0.309268
0.566197
0.892741
0.894859
0.557206
0.640916
0.791743
0.883353
0.163687
0.512394
0.596227
0.630689
0.520637
0.506051
0.754281
0.417203
0.328227
0.401027
0.653711
0.0511332
0.347505
0.949777
0.642591
0.291909
0.440044
0.473096
0.495949
0.490919
0.706024
0.518759
0.610703
0.455482
0.692283
0.575817
0.80859
0.483172
0.677072
0.715543
0.599533
0.830054
0.948366
0.283888
0.605496
0.567763
0.777776
0.399246
0.567561
0.350819
0.952222
0.513201
0.456622
0.0569235
0.260732
0.670872
0.180732
0.579425
0.243839
0.861346
0.229797
0.742525
0.298239
0.477612
0.820976
0.37622
0.88952
0.409311
0.705804
0.529371
0.160912
0.670524
0.77269
0.115695
0.636202
0.718726
0.426125
0.478894
0.500059
0.249945
0.446581
0.429525
0.599231
0.759049
0.632723
0.247632
0.343187
0.533035
0.500242
0.461572
0.592951
0.499048
0.159247
0.40485
0.412029
0.477805
0.214823
0.619221
0.713496
0.396977
0.13302
0.113684
0.372442
0.898019
0.487183
0.305432
0.283156
0.523798
0.347201
0.660199
0.125576
0.803338
0.296901
0.615883
0.765681
0.553839
0.66248
0.814704
0.749669
0.599088
0.507506
0.985569
0.761916
0.357261
0.797697
0.509734
0.70186
0.380014
0.861322
0.769244
0.695132
0.428701
0.368745
0.319045
0.38938
0.552409
0.527277
0.740073
0.295425
0.386476
0.535145
0.222018
0.219507
0.0189873
0.561082
0.490878
0.492568
0.276721
0.613655
0.137831
0.237653
0.660872
0.137126
0.222335
0.326678
0.416821
0.518303
0.713791
0.962962
0.851085
0.911477
0.402521
0.486087
0.512544
0.386207
0.352179
0.530794
0.733894
0.37537
0.782169
0.581786
0.283212
0.748557
0.960008
0.751467
0.504418
0.558533
0.75001
0.767805
0.329319
0.606148
0.906047
0.694634
0.42284
0.441757
0.512575
0.816931
0.476941
0.76882
0.169497
0.40867
0.297621
0.438062
0.582847
0.761111
0.333343
0.31819
0.164701
0.384443
0.672079
0.301838
0.0621078
0.705935
0.788128
0.553059
0.726241
0.872849
0.448714
0.32535
0.199391
0.428561
0.694329
0.276845
0.238819
0.665473
0.685652
0.68196
0.212884
0.868463
0.463802
0.286447
0.896288
0.44777
0.799586
0.27546
0.357674
0.120381
0.811301
0.421889
0.0742064
0.834123
0.409577
0.454884
0.724209
0.538839
0.381611
0.536138
0.80029
0.694166
0.556111
0.454166
0.251839
0.563609
0.494111
0.244456
0.307146
0.879735
0.529769
0.916036
0.44183
0.375501
0.239147
0.312671
0.651653
0.96184
0.543887
0.359512
0.254207
0.49185
0.660583
0.0437439
0.385368
0.0870083
0.485595
0.450374
0.172816
0.41107
0.758908
0.521992
0.26033
0.562398
0.479592
0.433991
0.422969
0.415666
0.549281
0.574362
0.454648
0.77904
0.499044
0.589879
0.326056
0.643053
0.408875
0.308111
0.302226
0.582597
0.757977
0.567357
0.775496
0.533586
0.447905
0.0842873
0.511027
0.200996
0.619532
0.461684
0.318393
0.265159
0.638719
0.286372
0.35423
0.338333
0.254476
0.490054
0.327288
0.283741
0.437307
0.743459
0.818661
0.544401
0.284322
0.626812
0.246371
0.539253
0.631633
0.667359
0.19488
0.469238
0.643445
0.557278
0.39653
0.536124
0.651135
0.462989
0.593289
0.612053
0.394574
0.309548
0.323616
0.807929
0.571789
0.271424
0.370643
0.173914
0.73202
0.423652
0.67429
0.425475
0.551102
0.605001
0.451333
0.62357
0.907025
0.517435
0.58384
0.647705
0.427415
0.93383
0.527824
0.0857847
0.809609
0.608544
0.560331
0.324798
0.21788
0.583097
0.624616
0.661553
0.441283
0.551894
0.349467
0.162848
0.249505
0.300537
0.510104
0.789578
0.0130033
0.451989
0.764549
0.459487
0.657618
0.353444
0.940714
0.258382
0.902754
0.409468
0.465885
0.419824
0.486148
0.514598
0.221693
0.478428
0.707112
0.461256
0.674046
0.662094
0.624084
0.296486
0.568921
0.623628
0.621193
0.573693
0.301328
0.522368
0.812486
0.293186
0.756122
0.251605
0.381329
0.548022
0.485811
0.267715
0.456437
0.489288
0.531853
0.512099
0.504877
0.197594
0.512373
0.327185
0.476293
0.395245
0.790644
0.0528713
0.561515
0.656188
0.605044
0.149993
0.432619
0.368496
0.482662
0.732505
0.710406
0.676803
0.575074
0.80027
0.659181
0.47977
0.246274
0.249458
0.737613
0.780305
0.30909
0.397763
0.638371
0.283925
0.747889
0.796752
0.828127
0.613304
0.581711
0.51386
0.353434
0.354703
0.713446
0.351673
0.306888
0.374634
0.677008
0.632308
0.851881
0.442777
0.635933
0.709856
0.583183
0.669807
0.80317
0.784006
0.75446
0.616463
0.643298
0.873128
0.532781
0.65283
0.784761
0.465245
0.44405
0.244477
0.511147
0.900487
0.552191
0.814739
0.516943
0.448769
0.168874
0.680098
0.804581
0.331593
0.519408
0.278248
0.66603
0.097036
0.294384
0.506136
0.133563
0.292137
0.395538
0.457866
0.600759
0.287046
0.438206
0.700056
0.50619
0.390477
0.70166
0.444876
0.538654
0.556125
0.722516
0.0786442
0.764233
0.514907
0.105308
0.476536
0.391838
0.578018
0.378228
0.881594
0.585329
0.140933
0.85095
0.348891
0.796699
0.578696
0.43535
0.353379
0.536206
0.757933
0.768832
0.632554
0.311763
0.30122
0.233913
0.682797
0.661292
0.524584
0.596571
0.550846
0.268146
0.629062
0.489823
0.659548
0.591121
0.762417
0.347862
0.37967
0.756988
0.477244
0.650016
0.407235
0.654871
0.396883
0.462683
0.228474
0.238206
0.560675
0.271306
0.552152
0.481434
0.455303
0.473369
0.561706
0.754968
0.14906
0.657279
0.687238
0.573391
0.231086
0.920927
0.320118
0.238259
0.917759
0.487621
0.490573
0.838256
0.723566
0.255973
0.501297
0.385903
0.503963
0.67426
0.357793
0.561373
0.462863
0.958661
0.558798
0.100425
0.877573
0.67868
0.407789
0.804834
0.329125
0.611986
0.479262
0.470126
0.636147
0.524795
0.221078
0.21681
0.475523
0.162823
0.396883
0.277748
0.833297
0.741759
0.170213
0.235641
0.464392
0.105094
0.6046
0.521099
0.449906
0.471073
0.701607
0.173087
0.725871
0.319419
0.821404
0.430016
0.617543
0.472388
0.428154
0.661101
0.448434
0.803649
0.57511
0.464044
0.703453
0.762346
0.892009
0.446504
0.510683
0.528632
0.559989
0.275199
0.366489
0.620872
0.356912
0.517933
0.563767
0.653602
0.328633
0.620196
0.69337
0.199257
0.489429
0.549442
0.873819
0.835564
0.677414
0.206515
0.524639
0.464433
0.788484
0.645127
0.533773
0.367046
0.584928
0.45668
0.579684
0.713798
0.622554
0.369148
0.653943
0.376596
0.562791
0.675122
0.490215
0.394979
0.73391
0.545536
0.140739
0.326395
0.278162
0.102013
0.351559
0.464892
0.569267
0.31214
0.672885
0.541373
0.807372
0.83843
0.401158
0.0224972
0.796233
0.413102
0.48453
0.504182
0.380032
0.127234
0.433626
0.449597
0.364918
0.214241
0.564615
0.650422
0.472986
0.474043
0.0617719
0.294074
0.474088
0.425698
0.381875
0.398484
0.61351
0.592657
0.432927
0.629936
0.30123
0.516244
0.744851
0.648383
0.751092
0.659329
0.509981
0.628537
0.355916
0.303604
0.406288
0.483971
0.557214
0.360246
0.526488
0.575358
0.815825
0.205189
0.521288
0.812877
0.512465
0.716601
0.225215
0.566723
0.704807
0.6336
0.568607
0.178584
0.140401
0.671621
0.48952
0.620814
0.772371
0.521278
0.34445
0.478987
0.2475
0.423941
0.476922
0.437374
0.433956
0.458691
0.638163
0.32583
0.528591
0.491685
0.864242
0.540465
0.631366
0.430406
0.699174
0.279377
0.897149
0.491637
0.313701
0.538654
0.472758
0.633451
0.604574
0.692712
0.399806
0.617876
0.769327
0.737012
0.511531
0.362319
0.636709
0.400026
0.574475
0.304247
0.193067
0.335291
0.52352
0.444998
0.780154
0.483275
0.111446
0.555046
0.349974
0.446656
0.641843
0.214403
0.447449
0.851587
0.176838
0.428292
0.251833
0.171352
0.7088
0.499586
0.542966
0.367781
0.757782
0.655963
0.368614
0.459674
0.704181
0.621089
0.474289
0.756383
0.8887
0.385571
0.717122
0.498626
0.10937
0.874831
0.72048
0.527511
0.618073
0.527442
0.436222
0.356627
0.566609
0.488887
0.5666
0.651009
0.575056
0.692099
0.458003
0.120654
0.192807
0.537554
0.61387
0.715189
0.495318
0.202092
0.384275
0.260192
0.407269
0.79705
0.174837
0.304578
0.565497
0.162677
0.177753
0.452364
0.632705
0.527256
0.662929
0.83103
0.44562
0.5757
0.27732
0.602617
0.228915
0.66385
0.0857658
0.552579
0.328888
0.481078
0.246738
0.795343
0.518513
0.905214
0.75161
0.514417
0.398182
0.61023
0.566174
0.408802
0.764061
0.678497
0.798321
0.646363
0.538677
0.535863
0.675931
0.628731
0.456002
0.4692
0.654197
0.251201
0.665931
0.802453
0.381746
0.595006
0.770755
0.498664
0.540082
0.61826
0.528829
0.521826
0.231041
0.415739
0.55835
0.233831
0.622094
0.496622
0.346759
0.418198
0.469487
0.783177
0.218985
0.713653
0.424379
0.662311
0.640382
0.307053
0.687277
0.425791
0.327862
0.176538
0.111239
0.313864
0.615394
0.492232
0.264461
0.130909
0.367703
0.473176
0.248024
0.530636
0.458629
0.065616
0.724735
0.572295
0.428299
0.249165
0.650155
0.528228
0.405898
0.593763
0.607047
0.177022
0.232477
0.881764
0.429662
0.445415
0.440927
0.675889
0.464405
0.266035
0.347854
0.155189
0.348605
0.896929
0.484782
0.357564
0.599256
0.702768
0.443766
0.158801
0.088753
0.526505
0.435131
0.384488
0.14481
0.78419
0.452729
0.892569
0.546896
0.794525
0.414755
0.780733
0.601687
0.608664
0.495822
0.564187
0.265176
0.234676
0.088647
0.235832
0.439265
0.654979
0.431358
0.562214
0.605788
0.413963
0.409095
0.285064
0.871094
0.806946
0.386219
0.0896163
0.779457
0.330473
0.14812
0.767341
0.913763
0.557924
0.629241
0.442082
0.837037
0.483257
0.576639
0.545052
0.338586
0.629651
0.646001
0.415491
0.233627
0.348704
0.649737
0.470246
0.625486
0.239753
0.774409
0.826903
0.574566
0.497786
0.557409
0.581525
0.528452
0.252322
0.760458
0.633453
0.652696
0.58855
0.500163
0.516031
0.861942
0.44591
0.593514
0.633521
0.886252
0.46822
0.0488517
0.62089
0.617609
0.633342
0.48053
0.734545
0.266764
0.119305
0.448098
0.248499
0.520724
0.367702
0.81854
0.271871
0.426347
0.684068
0.722714
0.720018
0.635672
0.468884
0.524832
0.362993
0.433746
0.801738
0.446458
0.441461
0.129895
0.605068
0.584147
0.281574
0.428518
0.492853
0.532534
0.65674
0.305655
0.663501
0.672307
0.335616
0.702726
0.32508
0.405183
0.322053
0.509
0.644971
0.715628
0.734156
0.339513
0.594916
0.411762
0.585982
0.525295
0.316323
0.745499
0.42686
0.517941
0.759633
0.334671
0.359677
0.0707045
0.355419
0.907504
0.900898
0.593457
0.353834
0.362508
0.46151
0.488998
0.722894
0.484458
0.419459
0.06338
0.125013
0.379834
0.820562
0.763049
0.495105
0.292734
0.686306
0.526763
0.622476
0.434909
0.723318
0.450412
0.392626
0.311262
0.420716
0.248018
0.47401
0.744784
0.58796
0.65234
0.23868
0.402557
0.327209
0.933679
0.584672
0.0971245
0.750619
0.125629
0.581879
0.485174
0.444415
0.331669
0.492072
0.508134
0.247959
0.646659
0.717642
0.516951
0.357478
0.262455
0.11252
0.495958
0.580483
0.737005
0.34267
0.148414
0.758352
0.691463
0.612423
0.828938
0.440922
0.859997
0.576857
0.405728
0.838377
0.452129
0.139302
0.608101
0.392086
0.197606
0.587001
0.262562
0.4975
0.228955
0.646796
0.0432442
0.478556
0.617018
0.546702
0.460244
0.854529
0.409953
0.548043
0.782004
0.756587
0.436289
0.666816
0.435584
0.542785
0.41785
0.431798
0.651278
0.226599
0.598442
0.530836
0.215737
0.27552
0.629426
0.575678
0.170371
0.652631
0.363392
0.469585
0.639483
0.665502
0.492361
0.490894
0.69525
0.253135
0.127058
0.709588
0.764295
0.283112
0.448968
0.732856
0.553278
0.247479
0.477061
0.529504
0.318578
0.937347
0.776187
0.212022
0.527792
0.74254
0.594357
0.658982
0.558442
0.664097
0.45121
0.739365
0.551922
0.443761
0.610199
0.154332
0.3884
0.406074
0.652118
0.540833
0.471007
0.675042
0.527795
0.485375
0.10535
0.368765
0.502906
0.47518
0.732989
0.69185
0.318037
0.567844
0.625225
0.536784
0.672263
0.689544
0.866161
0.771911
0.798679
0.475729
0.551683
0.335003
0.435484
0.447138
0.603647
0.567869
0.406336
0.567912
0.446219
0.918829
0.808905
0.861437
0.513982
0.20628
0.970677
0.763503
0.159057
0.0780122
0.366206
0.271239
0.49717
0.617319
0.600203
0.700213
0.0802198
0.738348
0.845984
0.490963
0.505599
0.579578
0.288953
0.510173
0.67013
0.545661
0.659961
0.17057
0.34918
0.464327
0.353548
0.447556
0.629134
0.516429
0.411196
0.499481
0.444096
0.663604
0.309927
0.602375
0.565315
0.73945
0.531686
0.488856
0.36452
0.686531
0.799152
0.434844
0.519967
0.112889
0.648727
0.0666232
0.556696
0.908208
0.671664
0.364671
0.71012
0.601116
0.789404
0.21963
0.574745
0.455577
0.339364
0.649651
0.347471
0.495686
0.532602
0.417279
0.69757
0.214615
0.504883
0.287947
0.393112
0.664847
0.717891
0.551041
0.786248
0.443251
0.377431
0.678427
0.607424
0.275951
0.320673
0.624209
0.741266
0.474359
0.484591
0.273428
0.254506
0.475132
0.60297
0.426273
0.418998
0.493228
0.689438
0.458333
0.32053
0.508648
0.649214
0.926283
0.36677
0.373853
0.522347
0.392323
0.105377
0.270234
0.896428
0.619594
0.235918
0.0584545
0.436886
0.544694
0.546945
0.258862
0.768159
0.562339
0.732187
0.464576
0.599145
0.161095
0.137499
0.431282
0.521556
0.828036
0.962872
0.404148
0.319891
0.394082
0.791431
0.433701
0.416949
0.620675
0.540048
0.49889
0.238925
0.332351
0.523814
0.196998
0.819318
0.27869
0.299291
0.576426
0.371004
0.163021
0.299127
0.379834
0.841018
0.404158
0.493244
0.531482
0.122713
0.201362
0.409512
0.64404
0.635142
0.851633
0.319417
0.636558
0.389661
0.522317
0.741956
0.246653
0.448892
0.310961
0.641585
0.286426
0.843373
0.42821
0.293753
0.432978
0.546337
0.718477
0.764171
0.660846
0.517255
0.487016
0.795648
0.115052
0.609923
0.73093
0.618978
0.289875
0.301003
0.375552
0.302003
0.819883
0.230134
0.496545
0.72365
0.506126
0.452839
0.261984
0.607394
0.391838
0.592641
0.457565
0.271239
0.768379
0.738939
0.462013
0.348993
0.433557
0.472356
0.418669
0.210246
0.340894
0.809441
0.603115
0.154118
0.469768
0.143733
0.615636
0.674523
0.31282
0.420391
0.531212
0.692318
0.818375
0.316708
0.518618
0.622393
0.442061
0.611019
0.194157
0.491384
0.653203
0.207649
0.10442
0.544384
0.307983
0.445707
0.736394
0.376642
0.742758
0.354692
0.332142
0.598934
0.757332
0.430033
0.539175
0.392917
0.849397
0.286832
0.556563
0.535455
0.127742
0.710257
0.940711
0.568539
0.273268
0.656154
0.613653
0.264119
0.733206
0.66564
0.370627
0.380759
0.525403
0.94257
0.312568
0.431757
0.59588
0.502943
0.633104
0.781962
0.614333
0.340446
0.0685218
0.363225
0.408606
0.46252
0.573071
0.146042
0.930608
0.436478
0.410903
0.227633
0.712523
0.745337
0.859831
0.494324
0.713591
0.28822
0.601003
0.788798
0.774132
0.270326
0.122497
0.860391
0.584895
0.512601
0.0937456
0.599301
0.646212
0.871437
0.171604
0.653216
0.132862
0.493846
0.577784
0.497526
0.396937
0.543752
0.541283
0.377949
0.532422
0.820144
0.32834
0.267044
0.49159
0.348059
0.586362
0.0737482
0.184746
0.558454
0.607163
0.317735
0.311233
0.583236
0.368776
0.32803
0.361035
0.476826
0.843986
0.248009
0.792718
0.335843
0.56766
0.226509
0.834844
0.323598
0.333845
0.647505
0.674414
0.516281
0.647497
0.598396
0.4873
0.272861
0.68465
0.499646
0.832015
0.490893
0.518694
0.416155
0.369603
0.645552
0.249368
0.0434196
0.688816
0.419403
0.424973
0.709156
0.207165
0.515561
0.777205
0.453764
0.684825
0.407033
0.291937
0.35063
0.329791
0.310222
0.0181546
0.699933
0.789089
0.580706
0.271193
0.577292
0.512242
0.514565
0.515291
0.441213
0.539605
0.698694
0.714413
0.600995
0.20959
0.588695
0.319184
0.819367
0.595201
0.90308
0.31169
0.171813
0.671714
0.707695
0.358802
0.50719
0.783743
0.724428
0.628589
0.451901
0.921322
0.4334
0.203293
0.87253
0.131069
0.948021
0.276244
0.559531
0.0798761
0.427436
0.448999
0.617176
0.354997
0.451041
0.948893
0.64267
0.525791
0.3149
0.466101
0.749963
0.308808
0.620082
0.563217
0.341462
0.369287
0.308038
0.239248
0.753489
0.35856
0.458353
0.233859
0.499015
0.728259
0.699316
0.536561
0.303808
0.678613
0.491949
0.819505
0.479848
0.789557
0.333248
0.641381
0.402471
0.449751
0.584585
0.773892
0.955376
0.640037
0.16636
0.381131
0.280305
0.444257
0.770133
0.536123
0.515817
0.351758
0.524661
0.687683
0.432289
0.482331
0.712372
0.694666
0.467884
0.305714
0.168006
0.423578
0.642911
0.244223
0.401298
0.659409
0.177652
0.738456
0.770706
0.708506
0.361377
0.922444
0.695393
0.576142
0.317951
0.495999
0.427785
0.480397
0.286048
0.698455
0.319206
0.217854
0.379695
0.47937
0.296242
0.525506
0.517485
0.528179
0.425637
0.587206
0.806482
0.766192
0.480696
0.211869
0.139467
0.220737
0.832293
0.464561
0.111874
0.392657
0.272794
0.160504
0.587367
0.794765
0.541288
0.135945
0.838714
0.780284
0.853752
0.588728
0.66325
0.596696
0.651868
0.535322
0.219855
0.291822
0.569406
0.559974
0.557084
0.665383
0.275232
0.535538
0.899684
0.400677
0.387147
0.374467
0.233424
0.327428
0.56093
0.62233
0.575815
0.458249
0.644119
0.335155
0.542944
0.507607
0.444198
0.68577
0.920312
0.54353
0.696046
0.623256
0.418211
0.238752
0.723625
0.663504
0.639845
0.379365
0.576075
0.517791
0.51305
0.355472
0.578513
0.770183
0.534119
0.299731
0.773002
0.193499
0.644896
0.356089
0.635312
0.547447
0.41198
0.25242
0.738251
0.331487
0.399492
0.417161
0.692494
0.468839
0.724562
0.321494
0.731
0.777004
0.757322
0.544965
0.213265
0.834029
0.774844
0.753898
0.110807
0.478704
0.101146
0.348323
0.195454
0.186717
0.363003
0.474583
0.187124
0.443784
0.46401
0.417137
0.527995
0.490593
0.726932
0.57455
0.235072
0.443365
0.877113
0.291012
0.94334
0.297729
0.637295
0.756153
0.786846
0.202485
0.676904
0.502346
0.6752
0.64378
0.506506
0.220058
0.308141
0.809096
0.630776
0.678252
0.430991
0.404364
0.370993
0.478228
0.368947
0.576428
0.740744
0.685697
0.788336
0.846995
0.606128
0.577309
0.418114
0.593088
0.584477
0.304229
0.625029
0.112958
0.2332
0.216792
0.771053
0.195293
0.0530561
0.410661
0.691815
0.86348
0.677805
0.746316
0.419941
0.0955826
0.344833
0.660105
0.437365
0.824588
0.339024
0.526515
0.275811
0.902412
0.574777
0.647703
0.69483
0.965024
0.328768
0.637745
0.451908
0.764984
0.358662
0.535461
0.339336
0.541587
0.740669
0.421099
0.697673
0.877698
0.231496
0.628534
0.525804
0.746291
0.307876
0.836073
0.0927393
0.0785994
0.259542
0.885358
0.616467
0.689691
0.809152
0.119247
0.610316
0.276192
0.205327
0.345989
0.407459
0.454781
0.582636
0.728379
0.659325
0.438999
0.604997
0.463031
0.263854
0.455807
0.506638
0.556263
0.214683
0.382239
0.617404
0.819531
0.27252
0.336405
0.306861
0.398747
0.145081
0.0860021
0.504299
0.218205
0.522179
0.141404
0.549405
0.161271
0.847655
0.779288
0.100999
0.626381
0.620033
0.496696
0.678942
0.288303
0.29892
0.524294
0.136908
0.461031
0.554341
0.531535
0.961433
0.400062
0.631333
0.535317
0.76527
0.198263
0.512316
0.277638
0.690753
0.620874
0.344866
0.966657
0.661522
0.291655
0.76272
0.279478
0.518619
0.583569
0.762966
0.403881
0.549627
0.383793
0.712533
0.150122
0.767172
0.59427
0.842275
0.292839
0.515763
0.295409
0.247063
0.307008
0.583613
0.44196
0.445484
0.54079
0.468733
0.776473
0.46289
0.622027
0.296239
0.837197
0.186696
0.524036
0.606487
0.00362498
0.402992
0.220285
0.831285
0.464359
0.458672
0.736406
0.748117
0.808323
0.403459
0.161926
0.549926
0.631787
0.251345
0.813006
0.390711
0.620074
0.161141
0.741378
0.364814
0.504198
0.370957
0.163568
0.350427
0.109132
0.131627
0.138418
0.495543
0.401761
0.169215
0.449808
0.847178
0.513033
0.366917
0.155405
0.222396
0.150184
0.891827
0.641144
0.392293
0.13134
0.402169
0.275083
0.497762
0.466211
0.7558
0.383163
0.838531
0.472978
0.800888
0.273304
0.274592
0.362894
0.364872
0.413203
0.451826
0.540534
0.467945
0.621065
0.41127
0.559009
0.572454
0.257438
0.864128
0.735893
0.339788
0.410224
0.512283
0.377004
0.401455
0.443818
0.266737
0.371584
0.561226
0.537273
0.564044
0.613842
0.630369
0.965265
0.703472
0.772218
0.258159
0.379545
0.225267
0.369128
0.654997
0.727486
0.323083
0.950388
0.515638
0.19822
0.631252
0.814872
0.735177
0.215774
0.450265
0.341408
0.670608
0.502523
0.071466
0.391295
0.7359
0.115185
0.334637
0.0812573
0.528739
0.109472
0.399782
0.413018
0.472184
0.618455
0.437097
0.312127
0.614692
0.133557
0.536769
0.570042
0.267086
0.15604
0.612882
0.499913
0.565216
0.140731
0.423389
0.807867
0.832221
0.782646
0.55075
0.748062
0.274434
0.201079
0.785493
0.571139
0.580166
0.454631
0.32763
0.592119
0.400709
0.574544
0.568476
0.895206
0.978124
0.432647
0.43813
0.759366
0.344453
0.264082
0.401477
0.329933
0.0522279
0.543912
0.158272
0.87793
0.806258
0.67063
0.950493
0.680185
0.651842
0.538457
0.602828
0.619719
0.534726
0.084252
0.519788
0.54732
0.58326
0.273764
0.335642
0.761576
0.373374
0.745839
0.760963
0.656097
0.222159
0.462132
0.392297
0.149022
0.715977
0.713746
0.349068
0.451344
0.214187
0.715169
0.574517
0.546959
0.479743
0.769732
0.485133
0.44879
0.873058
0.619778
0.375666
0.861711
0.705683
0.598581
0.58449
0.324415
0.385539
0.580009
0.396735
0.218783
0.395546
0.475786
0.510255
0.226701
0.432692
0.65916
0.612169
0.380698
0.194714
0.697653
0.211356
0.79616
0.836747
0.656491
0.34494
0.489308
0.530407
0.488226
0.624479
0.376512
0.342994
0.652941
0.310203
0.116934
0.814592
0.61738
0.199301
0.40189
0.646052
0.2602
0.586951
0.610727
0.320965
0.464482
0.406389
0.444439
0.769904
0.307542
0.377009
0.214606
0.845375
0.261973
0.0871401
0.4067
0.411057
0.700766
0.410762
0.45317
0.759076
0.753268
0.505144
0.343137
0.354224
0.687633
0.358985
0.261943
0.56417
0.499328
0.458327
0.895192
0.569883
0.264174
0.610156
0.348331
0.560632
0.0682915
0.311266
0.324238
0.603098
0.456241
0.272613
0.767666
0.73427
0.342543
0.807045
0.126815
0.362972
0.71068
0.760952
0.198719
0.475015
0.17758
0.518029
0.716506
0.422116
0.130491
0.326018
0.903044
0.73491
0.147065
0.794922
0.656845
0.435496
0.288366
0.887879
0.35254
0.735163
0.608439
0.573497
0.429625
0.788044
0.852965
0.531153
0.509594
0.331657
0.323456
0.398367
0.222976
0.580402
0.762314
0.522065
0.244197
0.648273
0.368035
0.523167
0.223605
0.562176
0.678693
0.706604
0.872389
0.587419
0.565786
0.446534
0.897544
0.122078
0.459403
0.649162
0.300419
0.327123
0.679599
0.743248
0.743818
0.444319
0.877762
0.371024
0.259
0.414082
0.595656
0.549914
0.505372
0.440647
0.328737
0.548089
0.612014
0.0620217
0.234259
0.564564
0.321658
0.0673899
0.253555
0.527191
0.724067
0.764768
0.921834
0.419546
0.307244
0.636882
0.0176945
0.520402
0.371246
0.833378
0.458495
0.28708
0.540823
0.732653
0.476613
0.836687
0.679479
0.466725
0.115532
0.576856
0.449
0.337749
0.463601
0.510289
0.574839
0.464904
0.29722
0.585049
0.0692255
0.285568
0.934122
0.685212
0.730201
0.694834
0.601294
0.454122
0.676258
0.642574
0.50103
0.615191
0.492605
0.417434
0.512489
0.802795
0.756526
0.632275
0.595026
0.138509
0.775706
0.585745
0.463514
0.385561
0.314763
0.709833
0.484731
0.487047
0.401694
0.723376
0.497825
0.64111
0.997294
0.396692
0.390763
0.288931
0.377043
0.492641
0.768584
0.489047
0.516353
0.484573
0.428172
0.624165
0.586478
0.561782
0.108178
0.234281
0.859789
0.218251
0.111629
0.492613
0.389529
0.38062
0.40266
0.938446
0.270561
0.56645
0.157723
0.553712
0.604047
0.474049
0.505508
0.117743
0.480372
0.190252
0.318764
0.497288
0.361062
0.362708
0.425055
0.626578
0.681836
0.218397
0.482448
0.404844
0.315343
0.220241
0.519987
0.0863535
0.223539
0.438836
0.271765
0.460715
0.696063
0.376493
0.437259
0.718813
0.512386
0.515919
0.879535
0.372439
0.681908
0.276036
0.526832
0.443295
0.607582
0.342597
0.371924
0.359739
0.585042
0.501388
0.46758
0.597279
0.490654
0.137005
0.195344
0.571478
0.828266
0.470303
0.338761
0.1396
0.495868
0.392807
0.621087
0.789972
0.199785
0.416515
0.371416
0.695701
0.385414
0.292675
0.362082
0.782032
0.869922
0.763295
0.114075
0.304304
0.553754
0.194274
0.596145
0.656103
0.654175
0.499216
0.747147
0.22487
0.845488
0.298142
0.130102
0.584889
0.506992
0.665477
0.780362
0.665223
0.471119
0.606818
0.439146
0.252827
0.230626
0.564189
0.367652
0.788724
0.5051
0.78461
0.315829
0.387793
0.383458
0.296971
0.473829
0.86035
0.950523
0.527376
0.363031
0.236405
0.372155
0.743251
0.627456
0.39107
0.354842
0.551685
0.56531
0.342317
0.212043
0.587632
0.49426
0.139887
0.46099
0.812735
0.672994
0.486848
0.440067
0.505717
0.505494
0.332917
0.878274
0.560419
0.633386
0.151359
0.164713
0.617742
0.775593
0.458892
0.757419
0.842882
0.303474
0.86072
0.237272
0.319419
0.543511
0.500442
0.454142
0.56698
0.678497
0.767261
0.528809
0.599339
0.372128
0.460558
0.665618
0.724985
0.370767
0.334575
0.797228
0.452336
0.340073
0.543579
0.524229
0.896939
0.573101
0.480553
0.128795
0.49816
0.460361
0.350113
0.632961
0.638001
0.241257
0.539014
0.438503
0.414858
0.560215
0.445233
0.526824
0.860192
0.729728
0.399324
0.513642
0.296218
0.356436
0.659349
0.544677
0.317898
0.615287
0.183364
0.0849674
0.54267
0.460711
0.481117
0.595821
0.806499
0.942652
0.31922
0.409824
0.394998
0.549226
0.401768
0.305753
0.683518
0.62664
0.370991
0.351609
0.220262
0.430962
0.570219
0.525435
0.321649
0.245195
0.484059
0.439951
0.65928
0.249043
0.118364
0.688473
0.603049
0.457655
0.805228
0.395973
0.745068
0.549521
0.51589
0.500558
0.564258
0.782645
0.737079
0.607021
0.601591
0.451965
0.814022
0.945574
0.301136
0.469959
0.385937
0.535228
0.332223
0.656232
0.637554
0.0927206
0.74318
0.200812
0.562809
0.544295
0.207271
0.519794
0.784543
0.189035
0.406605
0.350838
0.696685
0.628856
0.259951
0.439999
0.293052
0.521697
0.735554
0.550202
0.51956
0.530805
0.900181
0.775636
0.834298
0.534478
0.640821
0.275215
0.88256
0.226968
0.655576
0.542182
0.791604
0.68272
0.345465
0.705812
0.562551
0.772477
0.649016
0.115109
0.884503
0.511211
0.646667
0.583271
0.418597
0.484244
0.422155
0.675615
0.697396
0.439335
0.203242
0.30256
0.757649
0.948887
0.714261
0.633172
0.472119
0.23788
0.458146
0.473674
0.268839
0.839501
0.805743
0.759246
0.523799
0.681864
0.805373
0.186334
0.385744
0.525637
0.535761
0.266582
0.639383
0.36376
0.610613
0.712446
0.436017
0.460877
0.603274
0.568411
0.818201
0.151506
0.195044
0.380664
0.437737
0.33236
0.760918
0.451975
0.213952
0.275657
0.391631
0.357452
0.401862
0.456656
0.511076
0.400723
0.637475
0.530061
0.783311
0.569023
0.500168
0.406346
0.413519
0.799571
0.479688
0.570447
0.232445
0.498508
0.458033
0.851698
0.614003
0.757592
0.914069
0.295272
0.310889
0.592755
0.531455
0.601797
0.203178
0.282508
0.738052
0.793235
0.240091
0.513119
0.427675
0.329515
0.5152
0.541371
0.712715
0.8418
0.450567
0.46462
0.52877
0.964701
0.475415
0.941794
0.260134
0.441136
0.370127
0.337846
0.277607
0.239951
0.606485
0.26812
0.377774
0.367818
0.0502546
0.397973
0.585527
0.373341
0.302348
0.606891
0.629304
0.232688
0.73998
0.255285
0.621123
0.872504
0.479361
0.296004
0.571194
0.527236
0.516647
0.851559
0.839508
0.444417
0.214024
0.631921
0.474488
0.642883
0.582935
0.696689
0.611427
0.495268
0.476652
0.569309
0.201104
0.347544
0.839517
0.589942
0.811606
0.704802
0.570361
0.647493
0.094069
0.20383
0.342731
0.0601968
0.225693
0.659491
0.884763
0.378085
0.241025
0.413288
0.25663
0.759555
0.135193
0.0289209
0.0737223
0.328167
0.470415
0.571034
0.408797
0.544701
0.439743
0.769771
0.766567
0.633417
0.439707
0.815162
0.55929
0.480371
0.176122
0.34175
0.922118
0.675527
0.675028
0.355308
0.492102
0.499331
0.79336
0.419872
0.934916
0.658316
0.421598
0.864733
0.538503
0.453206
0.543336
0.0874479
0.603025
0.816891
0.664322
0.220311
0.641638
0.28857
0.346215
0.494161
0.566774
0.494241
0.17793
0.574787
0.57177
0.582643
0.490125
0.463607
0.327835
0.819642
0.466024
0.245698
0.401521
0.672988
0.524429
0.534674
0.457981
0.723238
0.44843
0.905299
0.850506
0.11558
0.705987
0.421132
0.606932
0.0211829
0.2562
0.0559126
0.608723
0.705607
0.357754
0.37381
0.418637
0.305712
0.493666
0.275032
0.748079
0.295408
0.499128
0.429742
0.465385
0.374519
0.326906
0.714593
0.331426
0.643887
0.607381
0.532642
0.809111
0.433818
0.258003
0.838758
0.328479
0.53181
0.869582
0.5091
0.299274
0.309461
0.444467
0.384606
0.448001
0.377338
0.78437
0.88486
0.216681
0.400484
0.423199
0.530102
0.495611
0.586183
0.472953
0.525565
0.372639
0.609462
0.598374
0.253706
0.366613
0.870757
0.0587125
0.0863357
0.772793
0.484049
0.852612
0.870019
0.783206
0.272691
0.474788
0.254568
0.455052
0.304067
0.640815
0.22582
0.38545
0.623094
0.55901
0.770313
0.110945
0.348534
0.426045
0.540886
0.785371
0.674938
0.29557
0.70862
0.599815
0.576996
0.316821
0.377956
0.193577
0.141933
0.562784
0.508223
0.465199
0.459538
0.765205
0.726225
0.727752
0.37827
0.746342
0.230933
0.562784
0.689854
0.68505
0.682737
0.512418
0.433611
0.577408
0.536125
0.409316
0.515751
0.349796
0.716052
0.679326
0.717697
0.554947
0.354679
0.861818
0.421456
0.429179
0.496563
0.377858
0.508949
0.811662
0.246772
0.23652
0.396104
0.52423
0.777844
0.404817
0.541443
0.282901
0.427866
0.47685
0.522788
0.559939
0.313391
0.562971
0.90462
0.537922
0.447301
0.479879
0.622533
0.394966
0.293141
0.35774
0.490124
0.632888
0.503838
0.190586
0.687584
0.50776
0.784146
0.641381
0.720131
0.344961
0.382548
0.0733187
0.338372
0.118476
0.659764
0.314069
0.291545
0.146879
0.497408
0.56983
0.538535
0.606052
0.501757
0.191232
0.67044
0.281385
0.523989
0.653258
0.302376
0.0798323
0.959662
0.646524
0.571125
0.29488
0.606606
0.0874303
0.629121
0.465103
0.551812
0.139803
0.654191
0.889689
0.624304
0.500868
0.398362
0.461921
0.892385
0.239496
0.677947
0.454297
0.500061
0.384854
0.461061
0.736606
0.328848
0.248728
0.837576
0.630942
0.537571
0.62496
0.660475
0.205281
0.474181
0.544579
0.526434
0.779936
0.270002
0.675384
0.517401
0.268814
0.618253
0.739857
0.753823
0.700091
0.805077
0.485495
0.314087
0.358569
0.502716
0.776747
0.453648
0.464621
0.650885
0.787943
0.311217
0.65231
0.443807
0.561732
0.418308
0.231898
0.506761
0.857719
0.332311
0.319648
0.787421
0.751137
0.592213
0.390439
0.503648
0.351541
0.449946
0.156413
0.680837
0.296693
0.959292
0.397494
0.37828
0.836927
0.508147
0.467301
0.645465
0.360474
0.758869
0.670611
0.0655887
0.620351
0.715343
0.556204
0.435002
0.208607
0.764286
0.391562
0.693696
0.483843
0.0422488
0.683568
0.163351
0.693107
0.858643
0.581986
0.465865
0.939405
0.159059
0.850176
0.686703
0.431224
0.642033
0.310147
0.413795
0.610635
0.646319
0.766714
0.224136
0.791679
0.304649
0.388162
0.506626
0.350915
0.713853
0.868511
0.701117
0.797153
0.500127
0.919087
0.100028
0.70755
0.162128
0.734813
0.300281
0.552417
0.453516
0.553231
0.209762
0.841227
0.820418
0.77198
0.703857
0.307469
0.538242
0.81307
0.594071
0.510174
0.196155
0.519966
0.51212
0.765054
0.556435
0.846147
0.629286
0.72839
0.569836
0.441472
0.322251
0.241944
0.457003
0.465318
0.463022
0.707319
0.269859
0.553137
0.451958
0.293362
0.725833
0.335727
0.429334
0.190355
0.361667
0.258144
0.292261
0.409898
0.682469
0.167892
0.710212
0.289532
0.485572
0.73962
0.273792
0.896328
0.417677
0.776263
0.727792
0.933799
0.077644
0.274197
0.931006
0.541679
0.606242
0.362631
0.251648
0.538232
0.708017
0.825123
0.548657
0.68994
0.429393
0.383774
0.705553
0.503573
0.771014
0.274278
0.374931
0.820772
0.341213
0.862701
0.158076
0.655469
0.26145
0.152488
0.3856
0.749609
0.413423
0.502873
0.481391
0.732776
0.371488
0.727505
0.0835835
0.0565213
0.492915
0.464783
0.662673
0.534314
0.642432
0.309024
0.318275
0.353206
0.406392
0.164261
0.252464
0.33345
0.405824
0.13012
0.609028
0.497491
0.446516
0.45188
0.434364
0.169865
0.74822
0.664474
0.457164
0.36473
0.373914
0.53285
0.200447
0.627907
0.734032
0.238766
0.630878
0.285442
0.669432
0.48675
0.616758
0.710883
0.120788
0.299606
0.407426
0.758604
0.771012
0.246507
0.163277
0.420676
0.301208
0.694385
0.256955
0.0499369
0.529558
0.395961
0.632718
0.152058
0.706465
0.325419
0.452366
0.784588
0.118173
0.145422
0.572539
0.511077
0.404987
0.536749
0.589572
0.643568
0.129138
0.344574
0.754548
0.666889
0.631211
0.592993
0.502534
0.273322
0.593017
0.392108
0.656462
0.846415
0.478625
0.609608
0.557446
0.517814
0.654246
0.401457
0.439811
0.581195
0.491506
0.293943
0.810446
0.0824935
0.637602
0.982015
0.408551
0.81581
0.389705
0.356465
0.513228
0.23952
0.739904
0.495206
0.432768
0.487257
0.660869
0.451514
0.450928
0.683628
0.0813456
0.64478
0.821841
0.684641
0.254468
0.506983
0.0966639
0.647998
0.350813
0.760715
0.631445
0.498571
0.612002
0.30229
0.567093
0.38951
0.279576
0.636096
0.388769
0.169619
0.76777
0.154007
0.363381
0.652761
0.177722
0.276349
0.220319
0.645237
0.25456
0.568539
0.381933
0.722218
0.267707
0.920204
0.366684
0.654486
0.548661
0.721215
0.679292
0.671875
0.549409
0.691757
0.56864
0.409971
0.288542
0.621171
0.475543
0.421799
0.931037
0.743017
0.308969
0.0463408
0.501594
0.821398
0.380635
0.710938
0.360298
0.746302
0.894366
0.40474
0.0733096
0.533331
0.327967
0.595556
0.190174
0.595864
0.3618
0.772583
0.693254
0.505357
0.699629
0.582686
0.513695
0.178121
0.693731
0.688021
0.512234
0.524609
0.627669
0.507965
0.702085
0.56986
0.326519
0.418488
0.245013
0.401432
0.455758
0.267224
0.380648
0.523805
0.436436
0.722688
0.452962
0.295884
0.345632
0.511221
0.576773
0.6009
0.487636
0.505408
0.241015
0.245655
0.0126822
0.912876
0.274437
0.308708
0.526462
0.474525
0.603308
0.754781
0.575076
0.116399
0.609574
0.60528
0.206464
0.409589
0.651876
0.302521
0.50077
0.477668
0.440687
0.627881
0.528512
0.651355
0.462776
0.631769
0.636809
0.20525
0.529084
0.505943
0.280364
0.921626
0.274022
0.176394
0.305261
0.51143
0.0631019
0.617626
0.660076
0.58281
0.769701
0.486864
0.450194
0.382619
0.760706
0.149348
0.567627
0.446532
0.684641
0.513533
0.320043
0.57853
0.284829
0.317681
0.549123
0.740709
0.464018
0.606977
0.669752
0.469482
0.205829
0.612965
0.377977
0.344435
0.212263
0.594741
0.46707
0.321222
0.745446
0.424029
0.257414
0.900072
0.165656
0.293875
0.587375
0.136619
0.536623
0.403395
0.128699
0.411907
0.92297
0.318643
0.48139
0.663631
0.133574
0.432328
0.569444
0.440758
0.668555
0.542767
0.800182
0.1789
0.506469
0.545118
0.266388
0.503906
0.122223
0.575587
0.461806
0.156355
0.255114
0.671968
0.547005
0.78972
0.450313
0.61152
0.143982
0.930207
0.276003
0.559857
0.954332
0.296354
0.37232
0.512171
0.187162
0.461695
0.617109
0.230758
0.349381
0.503896
0.697449
0.4805
0.392379
0.318974
0.754796
0.336581
0.0255145
0.189332
0.525479
0.686393
0.698248
0.47951
0.52723
0.270228
0.31916
0.493716
0.846304
0.703032
0.221487
0.564355
0.458651
0.392118
0.701238
0.350905
0.27254
0.113428
0.14534
0.613694
0.708894
0.231568
0.333674
0.887242
0.139552
0.646493
0.440279
0.513012
0.382529
0.522404
0.575381
0.401568
0.707298
0.702031
0.401352
0.179283
0.431993
0.432177
0.422068
0.534922
0.198348
0.624021
0.48656
0.116537
0.389096
0.344353
0.364274
0.239323
0.906461
0.581561
0.440628
0.450187
0.659263
0.552856
0.647985
0.654985
0.110096
0.416858
0.188562
0.549493
0.612904
0.728349
0.422206
0.505374
0.525227
0.319633
0.483346
0.347537
0.208269
0.515606
0.757887
0.619443
0.531842
0.687312
0.792168
0.468078
0.380182
0.621372
0.522546
0.690453
0.908494
0.530394
0.905551
0.768671
0.429014
0.752068
0.594991
0.380732
0.809291
0.782346
0.253754
0.409419
0.64427
0.760736
0.404501
0.381764
0.717687
0.373426
0.414821
0.556736
0.897183
0.362575
0.27884
0.53897
0.111455
0.427791
0.298666
0.331491
0.436663
0.778465
0.585493
0.150561
0.573219
0.443272
0.491544
0.610918
0.123001
0.665838
0.150484
0.549845
0.580917
0.313189
0.745312
0.293655
0.333686
0.696285
0.43916
0.580344
0.712568
0.549586
0.59583
0.637297
0.275719
0.639254
0.483307
0.573124
0.499726
0.567251
0.59489
0.777828
0.438796
0.311244
0.538987
0.435681
0.663984
0.387909
0.640046
0.540324
0.423732
0.249836
0.459458
0.46179
0.470917
0.123949
0.386725
0.150274
0.380507
0.471961
0.767557
0.471659
0.435822
0.601073
0.726975
0.454929
0.790309
0.675772
0.411922
0.391801
0.615652
0.479231
0.319252
0.264021
0.325937
0.24549
0.691427
0.383956
0.221495
0.731226
0.153599
0.919249
0.52496
0.918607
0.832206
0.632478
0.285991
0.338357
0.136603
0.701901
0.509985
0.474819
0.701636
0.899536
0.620056
0.562481
0.680507
0.18798
0.490424
0.806054
0.643661
0.457514
0.293284
0.653865
0.280835
0.660222
0.280131
0.72699
0.419828
0.507981
0.372408
0.354198
0.566933
0.186362
0.565278
0.38542
0.740414
0.696611
0.652191
0.0541578
0.309773
0.473054
0.156859
0.131845
0.370008
0.333428
0.613129
0.964879
0.371414
0.104778
0.462176
0.207671
0.291941
0.927739
0.340324
0.66272
0.580484
0.777152
0.909708
0.11139
0.415919
0.647151
0.13793
0.366698
0.51807
0.133987
0.561712
0.502108
0.313252
0.810024
0.573515
0.307955
0.198373
0.817492
0.648949
0.4998
0.464043
0.520755
0.68674
0.550653
0.628519
0.340976
0.761905
0.241679
0.500711
0.557256
0.596712
0.123647
0.731902
0.393443
0.432879
0.554031
0.432233
0.620001
0.742405
0.822339
0.619409
0.685442
0.843314
0.098911
0.333472
0.552027
0.490497
0.540054
0.692942
0.445556
0.390752
0.855067
0.983964
0.139253
0.845027
0.488353
0.565574
0.676895
0.349775
0.292466
0.440548
0.100493
0.493227
0.665618
0.78274
0.782982
0.361324
0.599795
0.0282076
0.376551
0.421913
0.433318
0.328824
0.172388
0.484759
0.324324
0.233499
0.827755
0.838806
0.559306
0.40352
0.451513
0.547033
0.783492
0.484941
0.449313
0.63316
0.587536
0.452349
0.814869
0.523367
0.107593
0.304748
0.213873
0.610075
0.393572
0.435698
0.242252
0.683792
0.772952
0.31627
0.650651
0.232861
0.285262
0.320757
0.612167
0.239934
0.484938
0.591523
0.770503
0.607835
0.507949
0.280736
0.840901
0.22642
0.270226
0.323184
0.446327
0.445933
0.513608
0.585731
0.656589
0.351274
0.637642
0.305421
0.358155
0.735487
0.85326
0.669611
0.61768
0.549689
0.166998
0.207936
0.612322
0.360576
0.552068
0.857313
0.485153
0.475536
0.385284
0.627598
0.644079
0.399299
0.326458
0.736907
0.55787
0.164998
0.289574
0.402039
0.513033
0.836355
0.50267
0.160815
0.580443
0.606694
0.376052
0.169586
0.700778
0.424308
0.496089
0.860547
0.332978
0.452676
0.534506
0.659903
0.520101
0.427903
0.710751
0.659351
0.512088
0.104662
0.167675
0.699731
0.24514
0.485826
0.718383
0.767127
0.512531
0.409902
0.894834
0.418079
0.571855
0.824253
0.576361
0.641998
0.218865
0.701025
0.198974
0.135262
0.518203
0.556596
0.643963
0.402899
0.416489
0.414261
0.376961
0.420144
0.373386
0.803795
0.256285
0.277579
0.431432
0.520407
0.652053
0.299978
0.80554
0.86955
0.115192
0.570362
0.608292
0.502913
0.808142
0.107199
0.237249
0.204856
0.256699
0.634073
0.735677
0.617456
0.705102
0.447565
0.0982636
0.896212
0.454129
0.830482
0.528526
0.167394
0.534611
0.274
0.0647795
0.411906
0.416445
0.463649
0.776702
0.529455
0.675832
0.550536
0.394672
0.840709
0.641122
0.670545
0.769211
0.664046
0.510319
0.49071
0.468048
0.857392
0.780931
0.753325
0.603429
0.344562
0.555529
0.854799
0.6425
0.649417
0.38402
0.437623
0.488722
0.340059
0.776309
0.790275
0.532429
0.539189
0.366657
0.541251
0.653821
0.785671
0.43374
0.699841
0.821813
0.536233
0.578015
0.537671
0.467331
0.475152
0.830709
0.121431
0.719803
0.553685
0.31637
0.49862
0.380748
0.3099
0.81358
0.604551
0.168511
0.523462
0.6561
0.400254
0.30337
0.638868
0.389353
0.567329
0.912376
0.144486
0.444836
0.777202
0.518456
0.223701
0.317665
0.618655
0.538468
0.498342
0.330164
0.208887
0.750029
0.563504
0.537027
0.329787
0.597129
0.766746
0.675243
0.622502
0.48968
0.3136
0.284665
0.439785
0.412293
0.785184
0.722704
0.397011
0.192767
0.532656
0.269335
0.479171
0.190894
0.167123
0.866229
0.752546
0.453366
0.492557
0.756495
0.796166
0.540712
0.73314
0.389161
0.409587
0.267359
0.785396
0.425201
0.469896
0.506048
0.479364
0.529533
0.502287
0.493031
0.461958
0.856115
0.594935
0.230585
0.819599
0.730888
0.730322
0.618558
0.436074
0.509982
0.421556
0.356838
0.335505
0.438267
0.733644
0.445742
0.38922
0.555967
0.336078
0.271535
0.769204
0.298735
0.674509
0.799394
0.409736
0.909218
0.165672
0.306331
0.492705
0.125823
0.511155
0.371717
0.601034
0.837031
0.791999
0.503213
0.188497
0.487266
0.447505
0.311082
0.393182
0.492999
0.558075
0.553984
0.475706
0.275397
0.543269
0.664556
0.792226
0.738507
0.452707
0.523184
0.216184
0.619597
0.468824
0.783571
0.801635
0.610963
0.556907
0.463845
0.234904
0.500141
0.889246
0.802099
0.250242
0.298125
0.236633
0.535434
0.689034
0.422858
0.46186
0.79671
0.761045
0.477914
0.56625
0.233375
0.820067
0.513937
0.431699
0.2379
0.595264
0.883075
0.467072
0.33951
0.323392
0.394286
0.809233
0.842037
0.106008
0.450069
0.545376
0.702895
0.569657
0.692802
0.11475
0.433335
0.535944
0.411566
0.614245
0.460278
0.412326
0.557934
0.673762
0.425197
0.893324
0.191924
0.383629
0.805663
0.315789
0.526912
0.447812
0.530331
0.640769
0.465008
0.302993
0.91831
0.0383966
0.112013
0.385059
0.808987
0.431163
0.733754
0.540925
0.658567
0.604814
0.463253
0.275004
0.664719
0.125045
0.790821
0.586088
0.640893
0.302046
0.466855
0.591755
0.397019
0.323871
0.419733
0.453879
0.293454
0.433523
0.138899
0.810179
0.920216
0.653515
0.695866
0.483179
0.513669
0.56562
0.173502
0.679342
0.758013
0.532394
0.746673
0.207563
0.529074
0.500978
0.504915
0.437587
0.923027
0.158589
0.830502
0.785353
0.572889
0.713012
0.242918
0.453648
0.290718
0.450325
0.593401
0.472879
0.483653
0.475969
0.340876
0.778158
0.577076
0.67421
0.363271
0.125328
0.838306
0.424928
0.355833
0.589932
0.529446
0.99558
0.340751
0.209562
0.228096
0.280094
0.160028
0.521409
0.439859
0.685345
0.546205
0.313266
0.786681
0.969785
0.463201
0.847607
0.590248
0.217701
0.382186
0.634813
0.579805
0.386466
0.505058
0.522985
0.738926
0.493089
0.170757
0.438216
0.465919
0.510225
0.277291
0.550583
0.257699
0.420774
0.525038
0.457545
0.537129
0.634044
0.134498
0.167809
0.528984
0.59541
0.414359
0.735177
0.249833
0.425262
0.153404
0.333246
0.712318
0.301986
0.282387
0.378266
0.854439
0.557588
0.599748
0.498873
0.489624
0.583506
0.577608
0.717792
0.233525
0.648048
0.862205
0.152047
0.398611
0.605796
0.555546
0.854582
0.257823
0.733241
0.212732
0.611645
0.363682
0.553797
0.712068
0.57666
0.769401
0.519269
0.252695
0.562728
0.533734
0.293735
0.207188
0.632319
0.801414
0.139735
0.404173
0.314103
0.036211
0.535532
0.638707
0.343275
0.643805
0.156161
0.805794
0.763166
0.256791
0.729833
0.0250912
0.542284
0.364331
0.535222
0.472492
0.552392
0.754091
0.434031
0.356952
0.819598
0.394279
0.337155
0.578556
0.401849
0.418746
0.381663
0.576504
0.562637
0.788261
0.34973
0.723337
0.102115
0.486256
0.489544
0.344374
0.773242
0.767451
0.402146
0.539009
0.651969
0.512965
0.537025
0.453145
0.146897
0.65565
0.593243
0.499732
0.525234
0.924548
0.751741
0.746995
0.398287
0.817542
0.668386
0.291619
0.551143
0.246387
0.536236
0.406821
0.817568
0.708528
0.27941
0.602857
0.392608
0.6252
0.569822
0.460216
0.541725
0.645505
0.862001
0.693378
0.606763
0.251313
0.520064
0.875672
0.525394
0.907962
0.364873
0.603444
0.772154
0.790934
0.598256
0.600384
0.695522
0.278786
0.565137
0.360518
0.166965
0.437822
0.69327
0.901042
0.274236
0.134123
0.204223
0.543809
0.482628
0.693699
0.318143
0.366965
0.754307
0.191706
0.678729
0.56585
0.057227
0.486817
0.603787
0.434974
0.511572
0.526986
0.520585
0.5305
0.613035
0.738017
0.574198
0.795358
0.538692
0.466476
0.400891
0.526729
0.482591
0.483687
0.43752
0.53833
0.28463
0.467656
0.891819
0.717575
0.807665
0.664969
0.62737
0.400325
0.0842098
0.594832
0.220937
0.583639
0.195508
0.692605
0.328768
0.469537
0.66214
0.700313
0.752353
0.1805
0.316748
0.396795
0.223073
0.210049
0.695878
0.420292
0.929026
0.769413
0.929312
0.471438
0.686277
0.163954
0.921707
0.594787
0.910642
0.680681
0.312745
0.522128
0.675052
0.690816
0.268393
0.721045
0.141425
0.769065
0.597313
0.327294
0.534912
0.603872
0.50282
0.0497545
0.0822447
0.820611
0.472248
0.421843
0.464869
0.562325
0.371943
0.433463
0.341412
0.770261
0.257523
0.612689
0.37296
0.579129
0.725475
0.536565
0.438531
0.589646
0.323524
0.535542
0.357015
0.503616
0.603647
0.0162339
0.435783
0.204402
0.843001
0.862334
0.54505
0.838359
0.774434
0.783685
0.171013
0.800412
0.859667
0.268653
0.529648
0.249634
0.704625
0.455123
0.327005
0.37834
0.157823
0.770559
0.63071
0.630862
0.449096
0.601774
0.071304
0.915824
0.417385
0.540165
0.720955
0.578406
0.442683
0.908359
0.500981
0.496718
0.638681
0.80935
0.848533
0.139095
0.679005
0.349385
0.626694
0.766742
0.821408
0.470979
0.391139
0.688851
0.260634
0.492644
0.630441
0.574932
0.382103
0.487017
0.475985
0.801796
0.804974
0.53928
0.63136
0.660246
0.794525
0.712889
0.400032
0.469212
0.190232
0.209793
0.693967
0.74272
0.437302
0.747487
0.784824
0.0277287
0.625843
0.585386
0.313197
0.878536
0.13324
0.418183
0.700332
0.156116
0.531743
0.513989
0.610629
0.438379
0.364645
0.0102221
0.492153
0.300052
0.21085
0.690367
0.47627
0.568464
0.649056
0.34988
0.546465
0.884252
0.299133
0.519672
0.39026
0.4936
0.559749
0.350757
0.727093
0.171315
0.477643
0.373817
0.6589
0.521677
0.375389
0.632576
0.719072
0.626683
0.430884
0.350048
0.799345
0.608933
0.343209
0.32187
0.513084
0.649076
0.535898
0.641088
0.307367
0.845398
0.540094
0.643928
0.265124
0.525776
0.266433
0.626228
0.542541
0.719875
0.315936
0.915375
0.765809
0.47215
0.29658
0.79274
0.465242
0.523831
0.303634
0.54676
0.753655
0.614762
0.28824
0.096986
0.459823
0.253588
0.480134
0.664536
0.806745
0.277477
0.346815
0.374606
0.978345
0.870178
0.762855
0.461789
0.547127
0.429914
0.629476
0.409144
0.239249
0.276233
0.125898
0.387111
0.392338
0.15762
0.590398
0.268501
0.715321
0.369299
0.220402
0.280979
0.588417
0.51336
0.347339
0.518586
0.645355
0.530936
0.483429
0.569018
0.758798
0.608879
0.653918
0.423537
0.803852
0.410985
0.219747
0.621526
0.703429
0.306514
0.461997
0.24189
0.763173
0.366377
0.640888
0.388629
0.682531
0.870043
0.558511
0.728074
0.382482
0.413858
0.845856
0.420455
0.419332
0.934131
0.261148
0.448593
0.757878
0.556003
0.227864
0.381682
0.556184
0.651756
0.157237
0.522293
0.36808
0.839899
0.791466
0.669856
0.79842
0.378992
0.370218
0.394071
0.65005
0.507867
0.86447
0.746831
0.480323
0.256514
0.838087
0.751398
0.738914
0.5996
0.688997
0.792735
0.787602
0.547212
0.0881687
0.693056
0.606573
0.365093
0.376067
0.291804
0.370728
0.589283
0.492607
0.259431
0.833363
0.847739
0.208086
0.659493
0.0835146
0.724171
0.488942
0.433767
0.747152
0.496965
0.273609
0.520203
0.581323
0.558746
0.750152
0.223728
0.664244
0.669783
0.418749
0.245035
0.513256
0.421074
0.788526
0.432674
0.466456
0.380637
0.499617
0.358915
0.0427231
0.869174
0.477763
0.22999
0.248768
0.658911
0.920159
0.926492
0.430751
0.612128
0.477644
0.629881
0.271887
0.373479
0.439771
0.526157
0.41641
0.202917
0.545675
0.487976
0.454127
0.38367
0.235061
0.421583
0.128737
0.362359
0.220069
0.625138
0.636972
0.376032
0.700138
0.540143
0.764531
0.29353
0.358436
0.687837
0.358691
0.746248
0.469802
0.367591
0.26638
0.846035
0.516566
0.354479
0.870386
0.385606
0.650012
0.868375
0.235325
0.389512
0.651668
0.497054
0.628846
0.231376
0.239995
0.540965
0.812503
0.755731
0.634457
0.407478
0.500589
0.440486
0.730391
0.21756
0.764171
0.608681
0.554442
0.698015
0.411448
0.545855
0.361796
0.717556
0.504461
0.602005
0.302811
0.485138
0.676101
0.454776
0.528072
0.464152
0.290266
0.183166
0.417278
0.466216
0.741902
0.648707
0.80882
0.173465
0.322615
0.403712
0.67326
0.498401
0.581392
0.94386
0.115371
0.225522
0.488919
0.595029
0.405779
0.289081
0.467871
0.171952
0.434674
0.326525
0.480456
0.768934
0.546439
0.807284
0.3684
0.640495
0.655471
0.571743
0.519482
0.102509
0.859878
0.525408
0.688606
0.232009
0.461112
0.518409
0.930333
0.866534
0.86405
0.60064
0.603676
0.501519
0.773396
0.378015
0.788895
0.656894
0.91872
0.605451
0.709901
0.631721
0.731822
0.437353
0.384822
0.288345
0.466555
0.416542
0.731154
0.105192
0.692603
0.317702
0.230865
0.710011
0.411164
0.371606
0.514677
0.453009
0.731838
0.681515
0.853709
0.301975
0.61649
0.803295
0.550542
0.439164
0.637207
0.495999
0.100663
0.412355
0.511908
0.0597466
0.749182
0.540146
0.372568
0.462952
0.196605
0.494235
0.287407
0.621073
0.21134
0.579058
0.499826
0.724228
0.285547
0.201823
0.663247
0.421162
0.724831
0.373659
0.542458
0.452227
0.191183
0.305207
0.218438
0.484178
0.222487
0.757687
0.775055
0.434751
0.630818
0.283096
0.762446
0.485137
0.435654
0.334857
0.423275
0.263637
0.617037
0.452914
0.734482
0.843925
0.477627
0.324892
0.25856
0.736512
0.78149
0.497622
0.614748
0.462146
0.0913816
0.36098
0.0720145
0.581067
0.855174
0.248639
0.83203
0.212156
0.296001
0.598007
0.511801
0.611207
0.0395884
0.584248
0.651997
0.287681
0.666148
0.490976
0.268438
0.924471
0.503124
0.802851
0.530594
0.525372
0.478972
0.602947
0.0923775
0.750074
0.737081
0.330455
0.416892
0.306693
0.462826
0.301905
0.128228
0.556975
0.505676
0.121763
0.489781
0.649496
0.38216
0.205919
0.550003
0.53131
0.624421
0.114235
0.31287
0.598673
0.192978
0.235961
0.481776
0.532607
0.301243
0.594517
0.39198
0.525258
0.503217
0.635768
0.6881
0.638113
0.274727
0.336583
0.6196
0.443344
0.572442
0.818126
0.518589
0.884652
0.483848
0.870991
0.590677
0.454206
0.585218
0.396934
0.0910189
0.31735
0.503579
0.244616
0.27412
0.926987
0.432536
0.264445
0.197326
0.454632
0.480737
0.630231
0.524395
0.525341
0.235679
0.573043
0.41689
0.778847
0.304448
0.145322
0.417583
0.18939
0.346886
0.480931
0.421455
0.361908
0.745613
0.739507
0.396265
0.182381
0.561203
0.521123
0.95609
0.235309
0.799738
0.509928
0.207639
0.811419
0.273886
0.453086
0.480537
0.113911
0.467505
0.304
0.619207
0.431641
0.817745
0.45644
0.455344
0.582858
0.70747
0.468892
0.396436
0.343218
0.714778
0.526057
0.757139
0.856999
0.295249
0.607105
0.526753
0.690549
0.576509
0.427964
0.707442
0.722204
0.323575
0.197531
0.67425
0.473031
0.387358
0.575407
0.199364
0.767931
0.577602
0.441367
0.349485
0.776777
0.405464
0.684456
0.406589
0.520435
0.519821
0.192257
0.778735
0.336652
0.415304
0.068524
0.55901
0.0859773
0.618981
0.830036
0.457099
0.538008
0.566491
0.431183
0.269376
0.413433
0.257364
0.437453
0.369803
0.467495
0.533138
0.51664
0.395358
0.785644
0.450824
0.639251
0.366099
0.122315
0.728147
0.477257
0.421375
0.648919
0.615922
0.462968
0.670126
0.387297
0.306803
0.317487
0.344579
0.390032
0.618577
0.580849
0.513107
0.389176
0.69406
0.273598
0.549363
0.670117
0.838572
0.292232
0.871264
0.337437
0.369869
0.48857
0.154768
0.424812
0.484309
0.605793
0.29381
0.96111
0.646951
0.341524
0.819167
0.640047
0.892181
0.781009
0.805419
0.650886
0.175365
0.791074
0.486601
0.512833
0.544943
0.688236
0.36752
0.415933
0.408272
0.591964
0.559137
0.106443
0.543449
0.84676
0.382812
0.76478
0.263237
0.244382
0.479625
0.609348
0.266128
0.500199
0.727367
0.619651
0.71348
0.535297
0.70924
0.807293
0.450589
0.0886408
0.294687
0.873619
0.0434243
0.531233
0.584162
0.377874
0.431715
0.476878
0.536113
0.699963
0.502927
0.881815
0.0357878
0.117009
0.270624
0.298125
0.481935
0.723089
0.59457
0.793497
0.158845
0.706665
0.508878
0.272583
0.727595
0.160404
0.228379
0.532815
0.611775
0.133216
0.282312
0.360243
0.869353
0.544511
0.47835
0.818574
0.833776
0.36582
0.52885
0.607286
0.873788
0.6351
0.17516
0.46231
0.562858
0.90417
0.524698
0.545459
0.365517
0.129913
0.569429
0.616425
0.639313
0.805013
0.483279
0.503812
0.317496
0.284156
0.799921
0.489366
0.578949
0.296799
0.451286
0.69216
0.628289
0.547732
0.401044
0.387215
0.400478
0.591845
0.236225
0.415644
0.570669
0.329669
0.584034
0.441072
0.691435
0.505375
0.599839
0.279779
0.595939
0.499131
0.526204
0.379601
0.396988
0.490828
0.451764
0.745351
0.478338
0.73236
0.402609
0.206124
0.31603
0.700798
0.777808
0.392541
0.283906
0.314953
0.894531
0.639623
0.788918
0.682982
0.537229
0.253654
0.14819
0.508835
0.409139
0.67904
0.561242
0.320518
0.763375
0.573831
0.847168
0.593293
0.244706
0.150236
0.807985
0.626074
0.602072
0.359103
0.64575
0.689474
0.435765
0.594999
0.302472
0.499079
0.522133
0.571189
0.908251
0.477692
0.512557
0.361459
0.214456
0.555463
0.932353
0.828384
0.455198
0.416939
0.909176
0.755304
0.521736
0.639279
0.939385
0.471932
0.650853
0.575966
0.254761
0.611153
0.519679
0.625586
0.480849
0.357255
0.705814
0.685312
0.782123
0.643475
0.413009
0.623968
0.568067
0.229399
0.679098
0.519652
0.588177
0.436421
0.474251
0.692061
0.372791
0.542102
0.164039
0.21985
0.480562
0.431955
0.2532
0.668465
0.892299
0.579819
0.642416
0.164078
0.644803
0.275637
0.321792
0.734415
0.927232
0.742122
0.491164
0.497381
0.366425
0.379458
0.538746
0.313594
0.106559
0.349808
0.626043
0.929068
0.542355
0.561091
0.318361
0.41944
0.694026
0.332129
0.766652
0.907303
0.716014
0.618925
0.387836
0.559358
0.410484
0.654487
0.807151
0.780259
0.370472
0.702274
0.0174886
0.805172
0.50645
0.34599
0.277073
0.553229
0.714017
0.836119
0.708255
0.139227
0.819296
0.486232
0.376599
0.351053
0.192551
0.459773
0.320834
0.185494
0.54943
0.510679
0.0706698
0.195244
0.463151
0.838834
0.630859
0.935057
0.489846
0.194036
0.726312
0.205187
0.5632
0.7098
0.794471
0.575369
0.443414
0.170961
0.277551
0.832788
0.509436
0.516736
0.708668
0.53263
0.562297
0.353514
0.902286
0.739937
0.0613206
0.599343
0.750799
0.83669
0.343853
0.604702
0.695505
0.428174
0.883081
0.691828
0.381592
0.417822
0.517416
0.527513
0.323211
0.729932
0.338813
0.59194
0.596073
0.444765
0.0563141
0.228796
0.641439
0.270717
0.65501
0.359538
0.706772
0.313396
0.549506
0.917367
0.764729
0.511614
0.184907
0.904086
0.443566
0.895416
0.66722
0.195728
0.568447
0.481496
0.508999
0.320432
0.354557
0.656417
0.45495
0.404758
0.609309
0.808299
0.106119
0.832254
0.492351
0.252712
0.190209
0.380756
0.448499
0.158743
0.329449
0.702552
0.3701
0.216296
0.536388
0.484218
0.36175
0.195884
0.421833
0.470548
0.671712
0.837321
0.228123
0.259714
0.420757
0.163852
0.304778
0.374384
0.700574
0.853454
0.522518
0.586245
0.93031
0.209169
0.375506
0.818981
0.0511784
0.555493
0.650621
0.677451
0.205513
0.548013
0.54644
0.248442
0.488027
0.418619
0.503518
0.29105
0.67346
0.0888007
0.761497
0.282373
0.516182
0.868661
0.287416
0.506883
0.783758
0.119474
0.723566
0.475486
0.627847
0.792738
0.3821
0.432928
0.712258
0.66885
0.56753
0.55988
0.209343
0.403671
0.637135
0.69868
0.342371
0.651427
0.213237
0.529356
0.0928639
0.567521
0.34018
0.595249
0.508355
0.905008
0.632766
0.425147
0.737379
0.20364
0.591808
0.72157
0.484933
0.730521
0.766375
0.682442
0.523066
0.866608
0.821181
0.496083
0.707625
0.543412
0.321515
0.397079
0.643638
0.11943
0.676982
0.893275
0.70817
0.245991
0.189262
0.371769
0.58095
0.307362
0.527957
0.764443
0.249412
0.930091
0.712566
0.301247
0.146258
0.841757
0.307457
0.602067
0.644016
0.519428
0.540681
0.455709
0.572493
0.603284
0.436343
0.107155
0.741411
0.461038
0.304143
0.721913
0.641952
0.573919
0.0586443
0.418948
0.567305
0.575156
0.34469
0.361325
0.333748
0.307057
0.324327
0.366351
0.600175
0.172914
0.234484
0.34468
0.475419
0.345149
0.453562
0.600464
0.669086
0.551248
0.319012
0.622331
0.883063
0.69421
0.816857
0.467595
0.957234
0.474364
0.518049
0.189771
0.474372
0.464597
0.26544
0.48213
0.595563
0.251161
0.619051
0.807684
0.838935
0.787413
0.446256
0.258623
0.330857
0.51797
0.797352
0.235928
0.250203
0.615932
0.33596
0.262495
0.752661
0.335995
0.597544
0.840793
0.603473
0.521395
0.22828
0.738713
0.563423
0.212822
0.610415
0.934939
0.764267
0.0925751
0.409121
0.677818
0.876216
0.15738
0.579818
0.209364
0.3115
0.548479
0.75379
0.678685
0.524429
0.377719
0.173849
0.116792
0.159787
0.673549
0.480719
0.0673815
0.367792
0.730988
0.654696
0.565857
0.545276
0.684759
0.79605
0.631514
0.579115
0.534987
0.181561
0.785446
0.35939
0.639962
0.663467
0.329418
0.396118
0.850665
0.481004
0.718583
0.814837
0.496884
0.433653
0.333583
0.322717
0.844934
0.119088
0.805237
0.92827
0.932111
0.567728
0.767674
0.764156
0.343195
0.609722
0.51341
0.303976
0.529478
0.689073
0.496545
0.580346
0.180918
0.593545
0.477902
0.702966
0.447208
0.197879
0.328588
0.541793
0.463686
0.321751
0.606107
0.381835
0.673184
0.682836
0.489826
0.172491
0.845047
0.679215
0.510233
0.685776
0.477739
0.864297
0.2291
0.464152
0.431578
0.481305
0.125306
0.380124
0.673326
0.303323
0.413739
0.446147
0.424503
0.278749
0.872348
0.204789
0.290443
0.610971
0.475082
0.095536
0.60728
0.904932
0.72609
0.135975
0.279206
0.392194
0.563231
0.571565
0.788489
0.500001
0.5466
0.839544
0.345914
0.658743
0.770402
0.758992
0.809434
0.746153
0.534209
0.300407
0.534018
0.445436
0.282257
0.604634
0.725803
0.548479
0.667096
0.612315
0.158831
0.364166
0.316596
0.231501
0.772793
0.895736
0.480918
0.412426
0.70539
0.330039
0.708767
0.314884
0.223036
0.635432
0.549854
0.44502
0.798814
0.693993
0.503186
0.204794
0.246741
0.397587
0.52844
0.238745
0.856554
0.516297
0.910334
0.779108
0.883395
0.401554
0.613574
0.381755
0.531903
0.215289
0.488607
0.511796
0.234421
0.380269
0.786056
0.379132
0.558135
0.325732
0.910395
0.740623
0.486151
0.356311
0.691046
0.576952
0.602661
0.601169
0.171765
0.118682
0.372501
0.504143
0.516818
0.637382
0.240567
0.194642
0.605122
0.734142
0.186715
0.832904
0.73117
0.549168
0.656907
0.65216
0.554222
0.882579
0.951557
0.424141
0.534888
0.157912
0.687139
0.953279
0.0709164
0.476279
0.35733
0.458844
0.391611
0.200487
0.305066
0.833187
0.493
0.574871
0.577084
0.268158
0.493503
0.327984
0.16766
0.120647
0.762531
0.521678
0.568403
0.142161
0.522075
0.101558
0.826151
0.826189
0.344017
0.670149
0.971134
0.631067
0.563562
0.445551
0.712748
0.714925
0.101814
0.684764
0.710445
0.573236
0.538208
0.542258
0.512369
0.598351
0.496144
0.400768
0.914572
0.584368
0.502842
0.652729
0.528754
0.0795218
0.457079
0.727122
0.256648
0.242253
0.186126
0.347966
0.154345
0.48597
0.795886
0.0770428
0.329968
0.701453
0.115836
0.134894
0.553295
0.724745
0.513098
0.3105
0.166085
0.472286
0.697564
0.461484
0.666985
0.293942
0.36269
0.173061
0.505101
0.598501
0.604214
0.0854026
0.151431
0.685106
0.531728
0.715437
0.427529
0.468
0.835654
0.290561
0.355947
0.410873
0.794879
0.178125
0.457102
0.490997
0.307917
0.43594
0.452446
0.89224
0.503147
0.325513
0.743905
0.379983
0.831321
0.321061
0.324749
0.439817
0.266209
0.713816
0.437207
0.265872
0.336868
0.352491
0.327276
0.0634604
0.687733
0.377232
0.35736
0.384703
0.21032
0.495739
0.522502
0.344639
0.51305
0.916684
0.07615
0.569277
0.593311
0.496936
0.506544
0.10593
0.548553
0.475522
0.514965
0.280092
0.510876
0.358657
0.432258
0.612001
0.712198
0.586567
0.670168
0.409972
0.184773
0.554274
0.839226
0.536463
0.574486
0.374864
0.575035
0.596744
0.391968
0.465212
0.899994
0.428973
0.7493
0.600527
0.607641
0.278349
0.227659
0.52547
0.69195
0.416948
0.493966
0.526042
0.754077
0.224756
0.632226
0.557802
0.604214
0.876277
0.377921
0.592416
0.43635
0.281069
0.541459
0.285922
0.488906
0.305401
0.379356
0.388526
0.514368
0.556175
0.519461
0.507105
0.666181
0.63714
0.769218
0.398069
0.571363
0.291337
0.733589
0.909565
0.892392
0.222635
0.641937
0.508469
0.0921459
0.643086
0.130813
0.518988
0.40077
0.721787
0.452255
0.766118
0.643548
0.614794
0.674859
0.258586
0.623979
0.134565
0.417535
0.362341
0.66644
0.871313
0.503529
0.607047
0.207946
0.707554
0.644928
0.834433
0.488705
0.671032
0.865554
0.838774
0.426304
0.450129
0.342761
0.466177
0.668515
0.149753
0.196365
0.830758
0.604871
0.49462
0.475532
0.372185
0.27733
0.190742
0.692156
0.420491
0.665487
0.534842
0.721884
0.750459
0.731945
0.615333
0.241611
0.799268
0.398634
0.577377
0.594933
0.787539
0.285001
0.428479
0.574677
0.425271
0.574172
0.739966
0.0843227
0.700614
0.783311
0.353588
0.487744
0.4408
0.499601
0.331408
0.179384
0.400969
0.803385
0.391059
0.504626
0.578035
0.635195
0.447313
0.632771
0.763147
0.273527
0.634867
0.832701
0.53769
0.375401
0.316109
0.323954
0.484199
0.191878
0.581575
0.473596
0.324947
0.605876
0.629668
0.581938
0.517392
0.549785
0.666167
0.347785
0.527044
0.645525
0.0929196
0.826586
0.564765
0.569862
0.759042
0.29248
0.516878
0.682935
0.926841
0.38792
0.612887
0.368129
0.358588
0.292188
0.567022
0.816557
0.559186
0.362779
0.496211
0.649593
0.713664
0.301307
0.358506
0.308035
0.737339
0.868198
0.472383
0.546656
0.610412
0.518143
0.868751
0.658032
0.797653
0.550899
0.293899
0.209713
0.557729
0.46971
0.623036
0.61395
0.325668
0.212254
0.760466
0.259335
0.605812
0.266702
0.793854
0.718908
0.441568
0.408106
0.736453
0.709383
0.532127
0.388008
0.632551
0.511352
0.445257
0.382817
0.117812
0.470458
0.129182
0.354136
0.217612
0.484679
0.555429
0.196916
0.232824
0.543043
0.328492
0.64893
0.503977
0.416237
0.477009
0.407735
0.161068
0.509714
0.895091
0.24896
0.657749
0.175098
0.531337
0.162383
0.454978
0.435803
0.426976
0.619943
0.660685
0.617957
0.583473
0.562468
0.748351
0.787883
0.393866
0.539587
0.668838
0.682537
0.500989
0.659905
0.236213
0.479448
0.449635
0.106223
0.609712
0.787893
0.378645
0.443211
0.510377
0.653164
0.2528
0.792604
0.502338
0.65096
0.763289
0.173657
0.735102
0.809075
0.529452
0.404243
0.484605
0.628746
0.613396
0.430636
0.647213
0.388121
0.612979
0.801671
0.532254
0.695532
0.227585
0.72565
0.865054
0.420359
0.694982
0.245984
0.353893
0.664454
0.376516
0.544262
0.490659
0.347256
0.52174
0.727051
0.446416
0.262849
0.372529
0.675412
0.489507
0.127429
0.770615
0.633775
0.295188
0.170733
0.811395
0.687453
0.332245
0.735207
0.340753
0.625757
0.703395
0.13179
0.220571
0.410298
0.382742
0.661389
0.792476
0.565759
0.734902
0.246245
0.348317
0.283037
0.516863
0.525575
0.669725
0.872332
0.755031
0.554998
0.328063
0.426418
0.456326
0.409446
0.439938
0.65198
0.553595
0.524389
0.452389
0.799549
0.802021
0.520366
0.785733
0.470249
0.534597
0.540982
0.791003
0.300201
0.751174
0.794676
0.48277
0.621097
0.456947
0.525719
0.387088
0.668103
0.482715
0.550069
0.098178
0.753938
0.210581
0.27685
0.766393
0.0505728
0.195242
0.296405
0.243903
0.717722
0.612356
0.150985
0.49344
0.589889
0.781939
0.314352
0.119369
0.481435
0.706095
0.691663
0.509229
0.391764
0.626841
0.611224
0.577822
0.490387
0.551157
0.314802
0.484813
0.234289
0.506807
0.363387
0.450725
0.317663
0.483908
0.660411
0.425111
0.376744
0.58358
0.454622
0.36459
0.470128
0.836469
0.719938
0.257348
0.327624
0.470311
0.219797
0.784611
0.208329
0.59711
0.348622
0.638483
0.931279
0.356926
0.503248
0.519486
0.239704
0.496671
0.772237
0.216008
0.632526
0.178695
0.641228
0.421789
0.14445
0.505389
0.697589
0.576492
0.278615
0.312401
0.477798
0.518278
0.393433
0.724493
0.636154
0.616247
0.817929
0.284461
0.52355
0.304503
0.317511
0.656949
0.0502226
0.568479
0.254781
0.475392
0.366522
0.438111
0.387655
0.341739
0.930928
0.921319
0.719693
0.804992
0.44468
0.0651834
0.165231
0.336033
0.417536
0.461088
0.514528
0.882596
0.289362
0.514031
0.281824
0.529638
0.567371
0.175194
0.491848
0.606812
0.349027
0.590777
0.307975
0.276095
0.385745
0.749006
0.627882
0.699081
0.502714
0.711128
0.370219
0.32481
0.725284
0.891114
0.648463
0.155458
0.872567
0.602704
0.875773
0.538573
0.663999
0.221322
0.567328
0.600979
0.0448115
0.812299
0.204284
0.380865
0.471503
0.455765
0.496141
0.530987
0.308546
0.752442
0.225974
0.157304
0.772734
0.123518
0.585619
0.423802
0.521738
0.521649
0.505592
0.495626
0.518562
0.549077
0.957141
0.2091
0.713793
0.232727
0.551521
0.0485585
0.372656
0.33508
0.484206
0.576381
0.534061
0.583505
0.469434
0.403975
0.623986
0.0796499
0.283122
0.607899
0.155678
0.404386
0.379857
0.186696
0.734339
0.562733
0.272298
0.720431
0.244095
0.417061
0.459032
0.336321
0.630211
0.635802
0.659514
0.400261
0.599682
0.438797
0.462443
0.545453
0.348463
0.549308
0.716543
0.215744
0.583783
0.266645
0.590379
0.342703
0.145119
0.452246
0.700509
0.591845
0.43759
0.975963
0.554919
0.304848
0.17666
0.298223
0.281337
0.331002
0.603213
0.367615
0.707702
0.882508
0.863214
0.392387
0.334689
0.364715
0.656325
0.298226
0.0878721
0.323723
0.543
0.313602
0.459755
0.220216
0.459751
0.627875
0.749552
0.179816
0.527408
0.446249
0.0812637
0.1866
0.147385
0.51959
0.728243
0.377893
0.166091
0.356009
0.495109
0.164798
0.547799
0.325023
0.505514
0.844376
0.531438
0.744025
0.716943
0.685763
0.156924
0.290685
0.831351
0.663937
0.83181
0.213808
0.493133
0.0812424
0.269185
0.819112
0.263553
0.2582
0.16291
0.585251
0.333435
0.291512
0.376447
0.51934
0.283544
0.568605
0.206661
0.490154
0.424786
0.794449
0.444172
0.281052
0.347972
0.727785
0.486968
0.483604
0.785561
0.640322
0.174135
0.606796
0.235477
0.703854
0.791747
0.405605
0.519691
0.57666
0.363095
0.436622
0.548001
0.901961
0.37058
0.72733
0.530006
0.247593
0.466789
0.699534
0.72601
0.707503
0.517382
0.616359
0.0501853
0.452025
0.478618
0.326118
0.437014
0.455359
0.14746
0.455293
0.854683
0.445024
0.732409
0.45673
0.196742
0.809521
0.478317
0.548112
0.506009
0.266793
0.238624
0.579617
0.582368
0.537512
0.423608
0.248647
0.498734
0.583616
0.663389
0.333339
0.397151
0.663936
0.309592
0.745552
0.659609
0.525128
0.059724
0.707877
0.145862
0.487575
0.523478
0.738141
0.663147
0.502305
0.460341
0.378797
0.180381
0.446367
0.703022
0.237469
0.522074
0.490545
0.441393
0.408848
0.374831
0.314672
0.576769
0.227038
0.411999
0.762207
0.766542
0.551357
0.189636
0.217183
0.564295
0.417489
0.68969
0.552985
0.720729
0.389821
0.483859
0.443865
0.745843
0.32967
0.464331
0.146503
0.243009
0.548041
0.935212
0.550291
0.810707
0.440441
0.581126
0.861493
0.467842
0.705196
0.427113
0.727756
0.593764
0.625608
0.37664
0.425937
0.784198
0.150222
0.262144
0.927542
0.309509
0.634341
0.565237
0.722545
0.521863
0.609872
0.561315
0.223704
0.592972
0.329467
0.116
0.389948
0.874322
0.584832
0.708484
0.398765
0.456897
0.428005
0.479502
0.26398
0.667579
0.428271
0.199324
0.736674
0.774565
0.476325
0.523807
0.64342
0.584307
0.901192
0.254202
0.507427
0.397608
0.79429
0.539076
0.364571
0.452694
0.438975
0.554353
0.127706
0.518225
0.622779
0.670149
0.66906
0.209359
0.863466
0.460715
0.481918
0.38515
0.208948
0.136479
0.349212
0.145716
0.275001
0.574808
0.388016
0.982755
0.0636138
0.5988
0.655402
0.547165
0.358744
0.501033
0.19246
0.282663
0.625124
0.531896
0.949734
0.834468
0.839691
0.66975
0.478715
0.177248
0.564107
0.962843
0.590437
0.816716
0.320749
0.58054
0.873639
0.704392
0.963458
0.434116
0.531348
0.165222
0.738231
0.324987
0.436155
0.172878
0.60795
0.550913
0.62086
0.217755
0.669166
0.748394
0.612566
0.297794
0.61783
0.472089
0.584706
0.222459
0.224793
0.109782
0.242903
0.455317
0.160799
0.204067
0.676955
0.63085
0.2646
0.599554
0.602663
0.666266
0.476719
0.557103
0.483597
0.549258
0.665308
0.574201
0.464335
0.417778
0.449452
0.123279
0.863091
0.458092
0.879154
0.367428
0.663066
0.432503
0.460188
0.635599
0.508255
0.808304
0.515856
0.537067
0.65086
0.49468
0.756644
0.567563
0.613857
0.604421
0.682639
0.407155
0.523668
0.442474
0.0725029
0.332598
0.634308
0.583526
0.316686
0.264556
0.505766
0.435943
0.731477
0.442714
0.615809
0.599568
0.744402
0.569501
0.375771
0.610027
0.470363
0.485763
0.587337
0.822355
0.701856
0.539409
0.818691
0.721903
0.715466
0.78068
0.49485
0.860636
0.550783
0.465388
0.188372
0.40212
0.546768
0.570077
0.663069
0.418613
0.424509
0.620767
0.66472
0.618853
0.584215
0.609559
0.269234
0.595292
0.538197
0.621046
0.290075
0.464675
0.0305011
0.513154
0.313192
0.436019
0.397759
0.0946414
0.369107
0.375211
0.604717
0.714214
0.568195
0.345594
0.141838
0.523789
0.71662
0.389056
0.601246
0.401171
0.496795
0.47233
0.751213
0.614998
0.737621
0.558316
0.808279
0.287524
0.116194
0.672437
0.860014
0.558414
0.324049
0.619176
0.520322
0.575425
0.297435
0.664099
0.903116
0.535473
0.55252
0.531837
0.379072
0.472251
0.482805
0.480628
0.334097
0.834229
0.167483
0.499224
0.277043
0.619517
0.805826
0.332062
0.148116
0.431711
0.834142
0.573821
0.558304
0.793534
0.598211
0.484584
0.444109
0.402707
0.145536
0.462021
0.750712
0.737156
0.268154
0.267145
0.760659
0.514329
0.868135
0.635358
0.564022
0.482014
0.534336
0.314652
0.419927
0.865756
0.410348
0.358
0.388227
0.520597
0.500018
0.657107
0.61401
0.432506
0.498297
0.739874
0.526535
0.687572
0.551597
0.764063
0.468112
0.374629
0.543244
0.424808
0.397322
0.609693
0.565998
0.653791
0.814892
0.468196
0.685049
0.523047
0.439466
0.583705
0.411282
0.676501
0.414369
0.0194426
0.496017
0.397538
0.455425
0.241583
0.72484
0.581021
0.353759
0.120966
0.829534
0.413347
0.626426
0.362519
0.453551
0.4743
0.361623
0.609331
0.29784
0.759583
0.434153
0.190995
0.640276
0.283102
0.270687
0.0834643
0.363337
0.453209
0.22331
0.120349
0.941068
0.827274
0.863729
0.343224
0.527796
0.634115
0.639416
0.101182
0.857464
0.613964
0.336891
0.607502
0.103832
0.260819
0.176229
0.634003
0.668248
0.962158
0.114801
0.371247
0.553042
0.816188
0.567159
0.705476
0.545049
0.566917
0.751874
0.260775
0.375153
0.632532
0.755054
0.527636
0.336143
0.612684
0.654171
0.746748
0.532589
0.44547
0.174724
0.439475
0.50286
0.545041
0.35619
0.574195
0.394792
0.785919
0.582593
0.330241
0.692936
0.610282
0.586965
0.268946
0.186714
0.319599
0.667836
0.443849
0.43522
0.272193
0.359841
0.0798592
0.425819
0.743426
0.179391
0.42377
0.440077
0.615396
0.320313
0.216213
0.331994
0.348156
0.303215
0.45777
0.489891
0.844645
0.0862919
0.739638
0.69473
0.356672
0.524154
0.38188
0.404029
0.489441
0.815179
0.46997
0.681962
0.647276
0.206814
0.602972
0.562635
0.423347
0.73212
0.764386
0.57492
0.971366
0.129798
0.199305
0.47365
0.307371
0.853818
0.0292164
0.413395
0.274875
0.207684
0.558435
0.367408
0.566806
0.642277
0.823786
0.535775
0.732844
0.635127
0.411846
0.803198
0.510878
0.322854
0.415681
0.498223
0.106503
0.687455
0.625688
0.272171
0.204604
0.600988
0.646805
0.857398
0.532241
0.41213
0.606995
0.780951
0.202214
0.0119907
0.469596
0.80106
0.351827
0.445456
0.684749
0.400337
0.251528
0.138266
0.512792
0.610956
0.0932798
0.688907
0.325181
0.763469
0.578644
0.928337
0.536104
0.442364
0.711732
0.579446
0.540673
0.497831
0.362336
0.352057
0.133186
0.404648
0.699692
0.188216
0.351636
0.575467
0.00751327
0.626369
0.542275
0.427225
0.176053
0.381977
0.660743
0.565783
0.327137
0.746009
0.423858
0.395304
0.563254
0.281654
0.398893
0.275317
0.74195
0.553506
0.464769
0.539771
0.961928
0.752388
0.302274
0.75884
0.607408
0.582867
0.168071
0.565607
0.832459
0.65945
0.679907
0.686179
0.777186
0.91132
0.688103
0.5032
0.592778
0.624406
0.531045
0.549113
0.512624
0.753486
0.570073
0.266938
0.741809
0.515894
0.871798
0.692752
0.347506
0.532363
0.253558
0.405445
0.117912
0.409396
0.630359
0.655736
0.517523
0.661482
0.199309
0.527851
0.401726
0.250385
0.47022
0.303655
0.563821
0.772629
0.498703
0.890454
0.472755
0.455211
0.400723
0.740059
0.719989
0.623494
0.825259
0.628164
0.729102
0.684107
0.53436
0.479425
0.191867
0.419629
0.587547
0.615098
0.479704
0.52069
0.350158
0.366465
0.439563
0.785083
0.642905
0.438688
0.51846
0.792329
0.322556
0.226147
0.571026
0.6161
0.431314
0.47171
0.489608
0.765762
0.775129
0.728806
0.456581
0.552245
0.388816
0.526567
0.153748
0.452327
0.318541
0.45471
0.173777
0.799336
0.499848
0.576241
0.663869
0.757188
0.232105
0.142474
0.391934
0.53856
0.347865
0.526254
0.460758
0.706936
0.648315
0.10568
0.305767
0.656144
0.523634
0.522043
0.397176
0.489924
0.39974
0.302087
0.72745
0.527958
0.250565
0.776104
0.200164
0.543727
0.387639
0.539805
0.94651
0.593425
0.586455
0.399283
0.880857
0.424102
0.831684
0.304806
0.46691
0.453111
0.561034
0.7206
0.701191
0.189803
0.760157
0.694146
0.730712
0.224377
0.608664
0.57997
0.306859
0.537651
0.600009
0.439277
0.437681
0.389454
0.155588
0.578198
0.63591
0.922223
0.226137
0.503824
0.570217
0.370332
0.721089
0.768623
0.212353
0.394528
0.329272
0.740194
0.232978
0.564827
0.391946
0.274795
0.434148
0.394059
0.461845
0.589403
0.41658
0.578208
0.529554
0.318545
0.46496
0.728583
0.621199
0.30849
0.294746
0.384747
0.569078
0.642832
0.839037
0.47606
0.72954
0.20989
0.664268
0.65359
0.770037
0.313743
0.388612
0.543045
0.369985
0.897153
0.637177
0.473296
0.777663
0.386012
0.603177
0.113963
0.138091
0.481364
0.694479
0.709439
0.354442
0.416452
0.530027
0.725635
0.468235
0.762665
0.210841
0.229643
0.14118
0.309646
0.825429
0.701409
0.294226
0.861229
0.559595
0.230419
0.307001
0.480302
0.565812
0.679303
0.403517
0.282073
0.907448
0.400187
0.447622
0.316626
0.428331
0.468498
0.344399
0.398091
0.308253
0.152855
0.591303
0.929099
0.350198
0.968591
0.745545
0.835669
0.205235
0.666327
0.671834
0.669024
0.776143
0.38596
0.907286
0.747263
0.95104
0.460317
0.32794
0.401232
0.60339
0.481621
0.523987
0.455316
0.454974
0.747851
0.388476
0.515307
0.433511
0.584959
0.396906
0.451891
0.566823
0.79482
0.902789
0.159712
0.740548
0.607704
0.4969
0.738383
0.306611
0.521962
0.575616
0.183192
0.564761
0.292516
0.236367
0.489706
0.549691
0.583659
0.46591
0.267828
0.841391
0.43058
0.309784
0.52731
0.776524
0.657912
0.80894
0.738112
0.473812
0.282555
0.462232
0.585407
0.496534
0.681867
0.321074
0.53043
0.760428
0.93728
0.545265
0.3548
0.455411
0.26728
0.346591
0.307314
0.784724
0.842586
0.719518
0.288657
0.235235
0.530289
0.705914
0.700844
0.37781
0.742614
0.663406
0.654636
0.356798
0.56986
0.604634
0.169581
0.262861
0.755997
0.647316
0.817716
0.493498
0.329296
0.4627
0.453397
0.490811
0.329282
0.332637
0.738118
0.406178
0.575179
0.523146
0.110579
0.776684
0.299981
0.155033
0.668691
0.208294
0.228111
0.599742
0.121586
0.345933
0.803609
0.65131
0.536131
0.57077
0.279645
0.322927
0.543829
0.400168
0.259091
0.589266
0.490417
0.975935
0.529767
0.243416
0.701855
0.311635
0.666914
0.759889
0.606834
0.129903
0.379312
0.652841
0.397302
0.655843
0.454405
0.291293
0.724956
0.142773
0.411687
0.480814
0.623008
0.191687
0.602491
0.84375
0.408975
0.58603
0.498274
0.127779
0.265642
0.398465
0.288337
0.545199
0.51373
0.53652
0.66189
0.0930246
0.28124
0.679149
0.778224
0.526618
0.340835
0.716364
0.432683
0.757248
0.328012
0.8393
0.305051
0.416614
